Overall Mean: 0.24928005867433234
0.21428571428571427
0.38461538461538464
0.1111111111111111
0.2222222222222222
0.3333333333333333
0.375
0.125
0.0
0.07142857142857142
0.2857142857142857
0.4166666666666667
0.2
0.38461538461538464
0.18181818181818182
0.2727272727272727
0.4
0.5
0.2857142857142857
0.0
0.38461538461538464
0.0
0.16666666666666666
0.2857142857142857
0.4
0.1111111111111111
0.3333333333333333
0.2727272727272727
0.16666666666666666
0.0
0.3
0.125
0.25
0.3333333333333333
0.2222222222222222
0.1
0.1
0.25
0.09090909090909091
0.21428571428571427
0.2857142857142857
0.4166666666666667
0.1
0.3076923076923077
0.4
0.42857142857142855
0.16666666666666666
0.2222222222222222
0.3333333333333333
0.36363636363636365
0.1111111111111111
0.25
0.16666666666666666
0.06666666666666667
0.06666666666666667
0.1875
0.2
0.2857142857142857
0.0
0.3076923076923077
0.18181818181818182
0.4
0.3
0.1
0.2727272727272727
0.09090909090909091
0.14285714285714285
0.23529411764705882
0.21428571428571427
0.23076923076923078
0.36363636363636365
0.36363636363636365
0.3333333333333333
0.2
0.3
0.2857142857142857
0.25
0.3076923076923077
0.36363636363636365
0.4166666666666667
0.3333333333333333
0.4444444444444444
0.14285714285714285
0.18181818181818182
0.5
0.4444444444444444
0.125
0.1111111111111111
0.36363636363636365
0.4444444444444444
0.42857142857142855
0.3
0.1
0.35714285714285715
0.16666666666666666
0.25
0.3333333333333333
0.2
0.16666666666666666
0.07692307692307693
0.125
0.4666666666666667
0.3
0.4444444444444444
0.3333333333333333
0.125
0.45454545454545453
0.0
0.14285714285714285
0.0
0.25
0.23076923076923078
0.2
0.18181818181818182
0.36363636363636365
0.42857142857142855
0.0
0.5714285714285714
0.2
0.25
0.2
0.2222222222222222
0.45454545454545453
0.25
0.3
0.3333333333333333
0.25
0.42857142857142855
0.42857142857142855
0.3333333333333333
0.0
0.23076923076923078
0.3076923076923077
0.36363636363636365
0.18181818181818182
0.0
0.06666666666666667
0.13333333333333333
0.4117647058823529
0.6
0.25
0.2
0.0
0.0
0.09090909090909091
0.07142857142857142
0.15384615384615385
0.15384615384615385
0.21428571428571427
0.15384615384615385
0.08333333333333333
0.35714285714285715
0.3076923076923077
0.38461538461538464
0.3333333333333333
0.25
0.1
0.18181818181818182
0.25
0.2727272727272727
0.09090909090909091
0.0
0.05
0.18181818181818182
0.2
0.23529411764705882
0.26666666666666666
0.3125
0.3076923076923077
0.1111111111111111
0.18181818181818182
0.1
0.25
0.3333333333333333
0.23076923076923078
0.06666666666666667
0.2
0.2857142857142857
0.07692307692307693
0.25
0.125
0.21428571428571427
0.2
0.23076923076923078
0.16666666666666666
0.3333333333333333
0.2727272727272727
0.1
0.08333333333333333
0.3333333333333333
0.2
0.3
0.25
0.42857142857142855
0.2857142857142857
0.2222222222222222
0.2222222222222222
0.3
0.3333333333333333
0.25
0.4444444444444444
0.2
0.3
0.14285714285714285
0.25
0.4166666666666667
0.125
0.25
0.2222222222222222
0.25
0.2222222222222222
0.625
0.3333333333333333
0.16666666666666666
0.5
0.0
0.4
0.1111111111111111
0.4
0.2222222222222222
0.45454545454545453
0.2857142857142857
0.25
0.2727272727272727
0.07692307692307693
0.21428571428571427
0.07692307692307693
0.3076923076923077
0.08333333333333333
0.38461538461538464
0.2727272727272727
0.1111111111111111
0.4166666666666667
0.1111111111111111
0.25
0.36363636363636365
0.375
0.14285714285714285
0.0
0.18181818181818182
0.3333333333333333
0.25
0.25
0.18181818181818182
0.16666666666666666
0.36363636363636365
0.3333333333333333
0.125
0.4444444444444444
0.36363636363636365
0.2
0.3333333333333333
0.625
0.5
0.25
0.25
0.1
0.0
0.23076923076923078
0.45454545454545453
0.5555555555555556
0.2857142857142857
0.0
0.1
0.16666666666666666
0.23076923076923078
0.0
0.35294117647058826
0.21428571428571427
0.08333333333333333
0.35714285714285715
0.3333333333333333
0.2727272727272727
0.09090909090909091
0.25
0.07692307692307693
0.2857142857142857
0.15384615384615385
0.14285714285714285
0.2
0.14285714285714285
0.125
0.35714285714285715
0.2727272727272727
0.25
0.4166666666666667
0.25
0.25
0.16666666666666666
0.25
0.2857142857142857
0.16666666666666666
0.3076923076923077
0.2
0.2727272727272727
0.1
0.0
0.07692307692307693
0.42857142857142855
0.4166666666666667
0.125
0.2
0.5454545454545454
0.0
0.3
0.2
0.18181818181818182
0.18181818181818182
0.3076923076923077
0.09090909090909091
0.15384615384615385
0.21428571428571427
0.2727272727272727
0.3333333333333333
0.1111111111111111
0.23076923076923078
0.3076923076923077
0.3
0.5
0.6
0.25
0.25
0.0
0.3
0.2
0.6
0.5
0.2
0.0
0.5
0.5
0.42857142857142855
0.14285714285714285
0.0
0.125
0.2727272727272727
0.3076923076923077
0.35714285714285715
0.3
0.1111111111111111
0.3
0.25
0.2222222222222222
0.125
0.2727272727272727
0.3
0.4444444444444444
0.2857142857142857
0.125
0.125
0.09090909090909091
0.0625
0.25
0.21428571428571427
0.375
0.1
0.36363636363636365
0.16666666666666666
0.16666666666666666
0.1
0.4
0.2222222222222222
0.5
0.25
0.14285714285714285
0.45454545454545453
0.4
0.1
0.23076923076923078
0.3333333333333333
0.3
0.4
0.2
0.3333333333333333
0.2857142857142857
0.2222222222222222
0.2
0.3
0.2222222222222222
0.0
0.46153846153846156
0.3
0.0
0.21428571428571427
0.2857142857142857
0.08333333333333333
0.2
0.2857142857142857
0.2857142857142857
0.25
0.2857142857142857
0.16666666666666666
0.07692307692307693
0.2857142857142857
0.5
0.125
0.25
0.2222222222222222
0.0
0.2
0.2857142857142857
0.3076923076923077
0.25
0.3333333333333333
0.25
0.3
0.125
0.2
0.2
0.16666666666666666
0.08333333333333333
0.21428571428571427
0.18181818181818182
0.1111111111111111
0.4
0.1111111111111111
0.38461538461538464
0.2727272727272727
0.2222222222222222
0.2222222222222222
0.18181818181818182
0.3
0.4444444444444444
0.14285714285714285
0.3333333333333333
0.14285714285714285
0.5
0.0
0.1
0.4
0.3333333333333333
0.3333333333333333
0.3
0.25
0.14285714285714285
0.6363636363636364
0.0
0.2222222222222222
0.36363636363636365
0.3
0.1
0.13333333333333333
0.14285714285714285
0.35714285714285715
0.3333333333333333
0.2727272727272727
0.2
0.2727272727272727
0.2222222222222222
0.09090909090909091
0.2727272727272727
0.36363636363636365
0.14285714285714285
0.2
0.6666666666666666
0.0
0.1111111111111111
0.3
0.18181818181818182
0.07692307692307693
0.26666666666666666
0.26666666666666666
0.38461538461538464
0.3333333333333333
0.1111111111111111
0.3333333333333333
0.1
0.16666666666666666
0.3333333333333333
0.23076923076923078
0.08333333333333333
0.14285714285714285
0.07142857142857142
0.375
0.15384615384615385
0.08333333333333333
0.3076923076923077
0.2
0.23076923076923078
0.23076923076923078
0.08333333333333333
0.35714285714285715
0.36363636363636365
0.4166666666666667
0.14285714285714285
0.125
0.36363636363636365
0.25
0.3333333333333333
0.3
0.375
0.18181818181818182
0.1111111111111111
0.16666666666666666
0.5
0.25
0.25
0.4444444444444444
0.4444444444444444
0.2
0.08333333333333333
0.3076923076923077
0.16666666666666666
0.45454545454545453
0.14285714285714285
0.3333333333333333
0.42857142857142855
0.4
0.14285714285714285
0.125
0.0
0.23076923076923078
0.42857142857142855
0.1
0.42857142857142855
0.2727272727272727
0.1111111111111111
0.3076923076923077
0.2727272727272727
0.4444444444444444
0.3333333333333333
0.3333333333333333
0.1111111111111111
0.25
0.23076923076923078
0.09090909090909091
0.4
0.1111111111111111
0.2727272727272727
0.2
0.16666666666666666
0.26666666666666666
0.4166666666666667
0.18181818181818182
0.3333333333333333
0.3
0.09090909090909091
0.25
0.2727272727272727
0.1111111111111111
0.15384615384615385
0.21428571428571427
0.2857142857142857
0.3333333333333333
0.18181818181818182
0.4
0.5
0.2
0.25
0.3333333333333333
0.36363636363636365
0.0
0.3333333333333333
0.36363636363636365
0.2
0.2
0.3333333333333333
0.4
0.125
0.375
0.0
0.23076923076923078
0.3333333333333333
0.3
0.375
0.4444444444444444
0.4
0.25
0.375
0.0
0.3333333333333333
0.14285714285714285
0.2
0.2222222222222222
0.2
0.1
0.3333333333333333
0.2857142857142857
0.3076923076923077
0.13333333333333333
0.4444444444444444
0.18181818181818182
0.2
0.36363636363636365
0.25
0.2727272727272727
0.3
0.2
0.3333333333333333
0.3333333333333333
0.14285714285714285
0.3
0.4
0.375
0.25
0.45454545454545453
0.16666666666666666
0.375
0.2857142857142857
0.0
0.1
0.4
0.2
0.1
0.4
0.4166666666666667
0.2
0.2727272727272727
0.2
0.2727272727272727
0.4
0.25
0.1111111111111111
0.3333333333333333
0.2222222222222222
0.18181818181818182
0.07692307692307693
0.375
0.36363636363636365
0.25
0.2857142857142857
0.2
0.5
0.25
0.2
0.3
0.08333333333333333
0.5625
0.2222222222222222
0.2222222222222222
0.3333333333333333
0.1
0.25
0.36363636363636365
0.18181818181818182
0.23076923076923078
0.16666666666666666
0.45454545454545453
0.09090909090909091
0.09090909090909091
0.16666666666666666
0.2857142857142857
0.2222222222222222
0.25
0.2857142857142857
0.2
0.2
0.0
0.21428571428571427
0.2222222222222222
0.058823529411764705
0.2631578947368421
0.3333333333333333
0.23076923076923078
0.36363636363636365
0.2
0.2222222222222222
0.0
0.3333333333333333
0.16666666666666666
0.15384615384615385
0.35294117647058826
0.3076923076923077
0.25
0.2727272727272727
0.36363636363636365
0.45454545454545453
0.2857142857142857
0.2727272727272727
0.5
0.2
0.3
0.3333333333333333
0.2857142857142857
0.14285714285714285
0.4444444444444444
0.375
0.14285714285714285
0.25
0.25
0.25
0.4
0.375
0.25
0.1111111111111111
0.5
0.2857142857142857
0.7142857142857143
0.14285714285714285
0.4444444444444444
0.16666666666666666
0.25
0.23076923076923078
0.25
0.16666666666666666
0.25
0.2
0.1111111111111111
0.3076923076923077
0.18181818181818182
0.09090909090909091
0.07692307692307693
0.21428571428571427
0.125
0.3125
0.25
0.09090909090909091
0.2857142857142857
0.07142857142857142
0.3333333333333333
0.11764705882352941
0.3125
0.08333333333333333
0.3333333333333333
0.15384615384615385
0.38461538461538464
0.2727272727272727
0.18181818181818182
0.3333333333333333
0.36363636363636365
0.1
0.2727272727272727
0.2
0.2727272727272727
0.09090909090909091
0.16666666666666666
0.2857142857142857
0.45454545454545453
0.2222222222222222
0.5555555555555556
0.16666666666666666
0.42857142857142855
0.0
0.2222222222222222
0.2
0.25
0.3
0.2222222222222222
0.2857142857142857
0.125
0.5
0.3333333333333333
0.1
0.4166666666666667
0.3
0.2222222222222222
0.0
0.3076923076923077
0.23076923076923078
0.3333333333333333
0.5555555555555556
0.3333333333333333
0.2222222222222222
0.5
0.14285714285714285
0.42857142857142855
0.16666666666666666
0.375
0.2222222222222222
0.1
0.09090909090909091
0.25
0.3333333333333333
0.2222222222222222
0.23076923076923078
0.21428571428571427
0.0
0.1875
0.06666666666666667
0.17647058823529413
0.0625
0.16666666666666666
0.15
0.16666666666666666
0.23529411764705882
0.2857142857142857
0.08333333333333333
0.2857142857142857
0.07142857142857142
0.2222222222222222
0.25
0.25
0.2857142857142857
0.2857142857142857
0.3076923076923077
0.2222222222222222
0.5
0.42857142857142855
0.3333333333333333
0.2
0.09090909090909091
0.26666666666666666
0.13333333333333333
0.15789473684210525
0.23529411764705882
0.2
0.3157894736842105
0.125
0.14285714285714285
0.15384615384615385
0.25
0.29411764705882354
0.42857142857142855
0.3333333333333333
0.3
0.25
0.2222222222222222
0.25
0.16666666666666666
0.2857142857142857
0.16666666666666666
0.07692307692307693
0.25
0.23076923076923078
0.16666666666666666
0.3076923076923077
0.45454545454545453
0.3333333333333333
0.2222222222222222
0.2727272727272727
0.13333333333333333
0.35714285714285715
0.38461538461538464
0.125
0.3
0.3
0.5
0.14285714285714285
0.25
0.18181818181818182
0.07142857142857142
0.2
0.07692307692307693
0.21428571428571427
0.2727272727272727
0.15384615384615385
0.25
0.18181818181818182
0.15384615384615385
0.46153846153846156
0.2222222222222222
0.4166666666666667
0.2
0.3
0.1111111111111111
0.16666666666666666
0.21428571428571427
0.14285714285714285
0.16666666666666666
0.1875
0.42857142857142855
0.6
0.4
0.42857142857142855
0.16666666666666666
0.5
0.14285714285714285
0.1
0.16666666666666666
0.35294117647058826
0.25
0.14285714285714285
0.3076923076923077
0.2727272727272727
0.3
0.2222222222222222
0.36363636363636365
0.1111111111111111
0.1
0.2727272727272727
0.125
0.25
0.3
0.45454545454545453
0.2857142857142857
0.4444444444444444
0.375
0.3333333333333333
0.125
0.2
0.4444444444444444
0.2222222222222222
0.4444444444444444
0.2727272727272727
0.25
0.36363636363636365
0.3
0.75
1.0
0.0
