Overall Mean: 0.24943136892216375
0.28
0.2916666666666667
0.20833333333333334
0.24
0.35714285714285715
0.25925925925925924
0.21739130434782608
0.2
0.19230769230769232
0.28125
0.27586206896551724
0.2
0.3333333333333333
0.30434782608695654
0.25
0.25
0.2916666666666667
0.22727272727272727
0.13636363636363635
0.2916666666666667
0.19047619047619047
0.11538461538461539
0.36666666666666664
0.3333333333333333
0.08
0.25
0.32
0.34782608695652173
0.13636363636363635
0.32142857142857145
0.28
0.2
0.2962962962962963
0.3333333333333333
0.25
0.11538461538461539
0.2962962962962963
0.2222222222222222
0.25925925925925924
0.23076923076923078
0.3333333333333333
0.14285714285714285
0.3333333333333333
0.391304347826087
0.23809523809523808
0.20833333333333334
0.2962962962962963
0.25925925925925924
0.28
0.25
0.15384615384615385
0.18518518518518517
0.21428571428571427
0.1724137931034483
0.20689655172413793
0.21428571428571427
0.25925925925925924
0.21739130434782608
0.28
0.23076923076923078
0.2692307692307692
0.17391304347826086
0.23076923076923078
0.18518518518518517
0.15384615384615385
0.25
0.3076923076923077
0.2
0.2222222222222222
0.25
0.28
0.2608695652173913
0.25
0.24
0.23076923076923078
0.20689655172413793
0.21428571428571427
0.25925925925925924
0.36
0.17391304347826086
0.3076923076923077
0.13636363636363635
0.15384615384615385
0.4
0.2916666666666667
0.21052631578947367
0.22727272727272727
0.2222222222222222
0.2857142857142857
0.2413793103448276
0.3103448275862069
0.15384615384615385
0.2857142857142857
0.23076923076923078
0.2962962962962963
0.20833333333333334
0.18518518518518517
0.23076923076923078
0.1724137931034483
0.27586206896551724
0.4
0.2727272727272727
0.25
0.2916666666666667
0.17391304347826086
0.28
0.19230769230769232
0.18518518518518517
0.17857142857142858
0.3793103448275862
0.20833333333333334
0.2608695652173913
0.28
0.45454545454545453
0.4444444444444444
0.2
0.34782608695652173
0.23809523809523808
0.2608695652173913
0.18181818181818182
0.2413793103448276
0.4074074074074074
0.2727272727272727
0.3333333333333333
0.2857142857142857
0.2727272727272727
0.3076923076923077
0.28
0.25
0.19230769230769232
0.22580645161290322
0.3333333333333333
0.2222222222222222
0.36
0.08695652173913043
0.125
0.16
0.4074074074074074
0.5384615384615384
0.2777777777777778
0.13043478260869565
0.3103448275862069
0.2916666666666667
0.13636363636363635
0.2222222222222222
0.15384615384615385
0.23076923076923078
0.20833333333333334
0.18518518518518517
0.1724137931034483
0.2962962962962963
0.20689655172413793
0.3076923076923077
0.2608695652173913
0.22727272727272727
0.2222222222222222
0.21428571428571427
0.32
0.18518518518518517
0.038461538461538464
0.13333333333333333
0.1
0.16129032258064516
0.1875
0.2
0.2413793103448276
0.23076923076923078
0.3333333333333333
0.2916666666666667
0.2
0.2413793103448276
0.2
0.25
0.2222222222222222
0.18518518518518517
0.18518518518518517
0.14814814814814814
0.08695652173913043
0.2903225806451613
0.2
0.2962962962962963
0.21739130434782608
0.21739130434782608
0.13043478260869565
0.2962962962962963
0.28
0.25
0.19230769230769232
0.34615384615384615
0.3333333333333333
0.3181818181818182
0.3333333333333333
0.28
0.2916666666666667
0.21739130434782608
0.25925925925925924
0.25
0.3076923076923077
0.3076923076923077
0.30434782608695654
0.2727272727272727
0.32
0.13636363636363635
0.3333333333333333
0.375
0.25
0.25
0.25
0.4230769230769231
0.22727272727272727
0.44
0.29411764705882354
0.19047619047619047
0.25925925925925924
0.24
0.3076923076923077
0.2222222222222222
0.3076923076923077
0.2727272727272727
0.30434782608695654
0.08695652173913043
0.2692307692307692
0.20833333333333334
0.2692307692307692
0.20833333333333334
0.14814814814814814
0.2857142857142857
0.25925925925925924
0.37037037037037035
0.22727272727272727
0.11538461538461539
0.3793103448275862
0.13043478260869565
0.32
0.36363636363636365
0.2727272727272727
0.20833333333333334
0.25925925925925924
0.18518518518518517
0.32142857142857145
0.2692307692307692
0.2
0.32
0.23809523809523808
0.391304347826087
0.2
0.2962962962962963
0.32
0.2608695652173913
0.375
0.4
0.3
0.2727272727272727
0.19230769230769232
0.2962962962962963
0.13636363636363635
0.125
0.2692307692307692
0.34782608695652173
0.391304347826087
0.22727272727272727
0.2692307692307692
0.08695652173913043
0.1724137931034483
0.2
0.2
0.3333333333333333
0.12
0.17857142857142858
0.26666666666666666
0.2857142857142857
0.14814814814814814
0.25925925925925924
0.16
0.17857142857142858
0.27586206896551724
0.16
0.16666666666666666
0.21428571428571427
0.18518518518518517
0.3
0.25
0.2608695652173913
0.12
0.25925925925925924
0.16666666666666666
0.2857142857142857
0.12
0.1724137931034483
0.27586206896551724
0.2692307692307692
0.25
0.2727272727272727
0.21739130434782608
0.23076923076923078
0.125
0.21428571428571427
0.3448275862068966
0.38461538461538464
0.20833333333333334
0.17391304347826086
0.3333333333333333
0.20833333333333334
0.3076923076923077
0.125
0.2692307692307692
0.24
0.28
0.16
0.2
0.3076923076923077
0.2222222222222222
0.24
0.24
0.23333333333333334
0.18518518518518517
0.21428571428571427
0.2413793103448276
0.3793103448275862
0.17391304347826086
0.2692307692307692
0.25
0.22727272727272727
0.2727272727272727
0.5
0.3333333333333333
0.15
0.3333333333333333
0.3181818181818182
0.21052631578947367
0.3684210526315789
0.18181818181818182
0.24
0.13793103448275862
0.27586206896551724
0.23076923076923078
0.3076923076923077
0.2857142857142857
0.20833333333333334
0.25925925925925924
0.3448275862068966
0.34615384615384615
0.2727272727272727
0.30434782608695654
0.34615384615384615
0.3181818181818182
0.375
0.12
0.2222222222222222
0.18518518518518517
0.1724137931034483
0.23076923076923078
0.1724137931034483
0.3125
0.32142857142857145
0.2608695652173913
0.19047619047619047
0.2608695652173913
0.11538461538461539
0.3
0.375
0.2608695652173913
0.28
0.16
0.25
0.24
0.2
0.2962962962962963
0.3333333333333333
0.2727272727272727
0.3
0.2
0.2222222222222222
0.4
0.2857142857142857
0.2631578947368421
0.17391304347826086
0.2857142857142857
0.20833333333333334
0.2857142857142857
0.3448275862068966
0.12
0.25
0.28
0.16
0.2222222222222222
0.2413793103448276
0.19230769230769232
0.25
0.32
0.13043478260869565
0.125
0.32142857142857145
0.4074074074074074
0.1
0.23076923076923078
0.23076923076923078
0.11538461538461539
0.25
0.2
0.25
0.28
0.2608695652173913
0.28
0.375
0.13636363636363635
0.21428571428571427
0.2
0.34375
0.34782608695652173
0.2222222222222222
0.19047619047619047
0.2413793103448276
0.25925925925925924
0.21739130434782608
0.2608695652173913
0.32
0.25
0.19230769230769232
0.3333333333333333
0.4
0.25
0.23809523809523808
0.30434782608695654
0.3333333333333333
0.23076923076923078
0.07692307692307693
0.21428571428571427
0.3333333333333333
0.3
0.3157894736842105
0.2608695652173913
0.2692307692307692
0.21739130434782608
0.3333333333333333
0.2
0.24
0.21428571428571427
0.19230769230769232
0.32142857142857145
0.2
0.16
0.2857142857142857
0.25
0.2916666666666667
0.20833333333333334
0.25
0.3125
0.3076923076923077
0.2608695652173913
0.2692307692307692
0.2222222222222222
0.25925925925925924
0.46153846153846156
0.2
0.2
0.19230769230769232
0.14814814814814814
0.15384615384615385
0.19230769230769232
0.28
0.3076923076923077
0.28
0.23076923076923078
0.3103448275862069
0.07692307692307693
0.26666666666666666
0.3103448275862069
0.20833333333333334
0.08
0.2
0.18518518518518517
0.35714285714285715
0.2608695652173913
0.13043478260869565
0.2222222222222222
0.21428571428571427
0.2222222222222222
0.2608695652173913
0.08
0.19230769230769232
0.37037037037037035
0.39285714285714285
0.13636363636363635
0.3333333333333333
0.2608695652173913
0.2727272727272727
0.16
0.36
0.34615384615384615
0.22727272727272727
0.125
0.3103448275862069
0.36
0.24
0.19230769230769232
0.21428571428571427
0.3225806451612903
0.25
0.24
0.2608695652173913
0.21739130434782608
0.34782608695652173
0.391304347826087
0.4
0.1875
0.2857142857142857
0.17391304347826086
0.25
0.24
0.1724137931034483
0.34375
0.23076923076923078
0.2962962962962963
0.24
0.20833333333333334
0.34782608695652173
0.17391304347826086
0.24
0.24
0.3
0.19230769230769232
0.34615384615384615
0.2857142857142857
0.18181818181818182
0.3181818181818182
0.13043478260869565
0.17857142857142858
0.21428571428571427
0.1724137931034483
0.2857142857142857
0.28
0.19230769230769232
0.27586206896551724
0.37037037037037035
0.20833333333333334
0.24
0.24
0.12
0.17857142857142858
0.20689655172413793
0.2962962962962963
0.28
0.25925925925925924
0.35714285714285715
0.30434782608695654
0.24
0.23076923076923078
0.25
0.25
0.13636363636363635
0.2692307692307692
0.24
0.21428571428571427
0.3548387096774194
0.30434782608695654
0.34782608695652173
0.15
0.17391304347826086
0.28
0.2727272727272727
0.25
0.391304347826087
0.18181818181818182
0.32
0.3181818181818182
0.3181818181818182
0.36363636363636365
0.30434782608695654
0.3
0.24
0.2916666666666667
0.3333333333333333
0.13043478260869565
0.14814814814814814
0.2
0.24242424242424243
0.23333333333333334
0.12
0.3448275862068966
0.13333333333333333
0.26666666666666666
0.3076923076923077
0.24
0.2916666666666667
0.16666666666666666
0.36
0.3333333333333333
0.25
0.20833333333333334
0.25925925925925924
0.37037037037037035
0.2631578947368421
0.22727272727272727
0.375
0.19047619047619047
0.2857142857142857
0.32
0.32
0.125
0.28
0.19230769230769232
0.2857142857142857
0.28
0.3076923076923077
0.16
0.28
0.32
0.25
0.34782608695652173
0.3333333333333333
0.2
0.24
0.18518518518518517
0.17857142857142858
0.2857142857142857
0.38461538461538464
0.4444444444444444
0.4375
0.2631578947368421
0.2
0.19047619047619047
0.25925925925925924
0.21428571428571427
0.23333333333333334
0.18518518518518517
0.4444444444444444
0.2692307692307692
0.23076923076923078
0.2962962962962963
0.19230769230769232
0.32142857142857145
0.24
0.28
0.3333333333333333
0.21739130434782608
0.2916666666666667
0.2608695652173913
0.037037037037037035
0.16129032258064516
0.20689655172413793
0.25
0.2962962962962963
0.32
0.125
0.14285714285714285
0.12903225806451613
0.15151515151515152
0.22580645161290322
0.2
0.2903225806451613
0.2413793103448276
0.2
0.391304347826087
0.16666666666666666
0.2692307692307692
0.043478260869565216
0.20689655172413793
0.15384615384615385
0.17857142857142858
0.25925925925925924
0.23076923076923078
0.2692307692307692
0.25
0.2857142857142857
0.21739130434782608
0.2222222222222222
0.2222222222222222
0.32
0.30434782608695654
0.375
0.25
0.22727272727272727
0.32
0.4090909090909091
0.2222222222222222
0.3181818181818182
0.2608695652173913
0.23076923076923078
0.32142857142857145
0.36
0.19047619047619047
0.2857142857142857
0.2
0.34782608695652173
0.32
0.24
0.28
0.2692307692307692
0.24
0.11538461538461539
0.3225806451612903
0.37037037037037035
0.2608695652173913
0.25
0.2962962962962963
0.1724137931034483
0.3333333333333333
0.2692307692307692
0.12
0.2
0.3125
0.16666666666666666
0.2857142857142857
0.2
0.1111111111111111
0.11764705882352941
0.2777777777777778
0.2903225806451613
0.125
0.2692307692307692
0.13043478260869565
0.23076923076923078
0.14814814814814814
0.3
0.20833333333333334
0.16666666666666666
0.23076923076923078
0.3076923076923077
0.28
0.24
0.2222222222222222
0.25
0.16
0.2222222222222222
0.2962962962962963
0.375
0.18181818181818182
0.4
0.3181818181818182
0.2727272727272727
0.16666666666666666
0.23076923076923078
0.3333333333333333
0.2857142857142857
0.3
0.21739130434782608
0.2857142857142857
0.19230769230769232
0.2962962962962963
0.28
0.20833333333333334
0.375
0.17391304347826086
0.25925925925925924
0.23076923076923078
0.19230769230769232
0.2916666666666667
0.2916666666666667
0.3181818181818182
0.2727272727272727
0.3333333333333333
0.34782608695652173
0.2916666666666667
0.30434782608695654
0.2962962962962963
0.19230769230769232
0.28
0.2857142857142857
0.16
0.22580645161290322
0.3
0.23076923076923078
0.2222222222222222
0.23076923076923078
0.18518518518518517
0.23076923076923078
0.1111111111111111
0.18181818181818182
0.16129032258064516
0.1935483870967742
0.21428571428571427
0.19230769230769232
0.24
0.16
0.1111111111111111
0.14285714285714285
0.1935483870967742
0.17857142857142858
0.1935483870967742
0.26666666666666666
0.24
0.25
0.3333333333333333
0.2916666666666667
0.35714285714285715
0.32
0.2
0.2
0.037037037037037035
0.2
0.13793103448275862
0.125
0.18181818181818182
0.23333333333333334
0.37037037037037035
0.16666666666666666
0.07692307692307693
0.10344827586206896
0.14705882352941177
0.35294117647058826
0.2916666666666667
0.3076923076923077
0.3181818181818182
0.2727272727272727
0.4090909090909091
0.18181818181818182
0.16
0.14285714285714285
0.32142857142857145
0.125
0.23076923076923078
0.23076923076923078
0.20833333333333334
0.2
0.23076923076923078
0.21428571428571427
0.2413793103448276
0.14285714285714285
0.2692307692307692
0.25
0.28
0.18518518518518517
0.2692307692307692
0.2608695652173913
0.2692307692307692
0.20689655172413793
0.2857142857142857
0.125
0.2
0.20833333333333334
0.17857142857142858
0.27586206896551724
0.3448275862068966
0.16666666666666666
0.2222222222222222
0.2692307692307692
0.23333333333333334
0.3333333333333333
0.2
0.38461538461538464
0.22727272727272727
0.24
0.18518518518518517
0.1724137931034483
0.1935483870967742
0.16666666666666666
0.3
0.2222222222222222
0.27586206896551724
0.46153846153846156
0.42857142857142855
0.3684210526315789
0.25
0.2857142857142857
0.12
0.12903225806451613
0.21875
0.25
0.28
0.2
0.3333333333333333
0.24
0.38461538461538464
0.18181818181818182
0.16
0.37037037037037035
0.23809523809523808
0.4
0.25
0.20833333333333334
0.20833333333333334
0.3333333333333333
0.2916666666666667
0.28
0.3448275862068966
0.3076923076923077
0.16
0.2857142857142857
0.2857142857142857
0.2916666666666667
0.3076923076923077
0.2608695652173913
0.23809523809523808
0.30434782608695654
0.3333333333333333
0.5185185185185185
0.3157894736842105
0.2222222222222222
