Overall Mean: 0.24911807534142238
0.23529411764705882
0.4
0.18181818181818182
0.25
0.4666666666666667
0.3333333333333333
0.23076923076923078
0.125
0.125
0.29411764705882354
0.375
0.1875
0.35294117647058826
0.15384615384615385
0.23076923076923078
0.3333333333333333
0.4166666666666667
0.25
0.0
0.375
0.0
0.125
0.3333333333333333
0.4
0.18181818181818182
0.21428571428571427
0.25
0.3333333333333333
0.09090909090909091
0.38461538461538464
0.07692307692307693
0.2
0.35714285714285715
0.2857142857142857
0.16666666666666666
0.07692307692307693
0.35294117647058826
0.06666666666666667
0.2222222222222222
0.25
0.3333333333333333
0.13333333333333333
0.2857142857142857
0.4166666666666667
0.4
0.1
0.3076923076923077
0.21428571428571427
0.4
0.07692307692307693
0.2
0.11764705882352941
0.21052631578947367
0.058823529411764705
0.25
0.2631578947368421
0.29411764705882354
0.13333333333333333
0.3125
0.16666666666666666
0.3333333333333333
0.23076923076923078
0.26666666666666666
0.21428571428571427
0.125
0.15
0.2222222222222222
0.1875
0.26666666666666666
0.26666666666666666
0.35714285714285715
0.3333333333333333
0.23076923076923078
0.4166666666666667
0.2
0.1875
0.3125
0.29411764705882354
0.4
0.3076923076923077
0.4166666666666667
0.08333333333333333
0.125
0.47058823529411764
0.38461538461538464
0.1
0.15384615384615385
0.3076923076923077
0.4166666666666667
0.2857142857142857
0.2857142857142857
0.125
0.3333333333333333
0.2
0.29411764705882354
0.2857142857142857
0.14285714285714285
0.23529411764705882
0.058823529411764705
0.16666666666666666
0.4117647058823529
0.25
0.45454545454545453
0.2
0.15384615384615385
0.3333333333333333
0.0
0.17647058823529413
0.058823529411764705
0.2777777777777778
0.23076923076923078
0.26666666666666666
0.21428571428571427
0.5
0.4444444444444444
0.0
0.5
0.1111111111111111
0.16666666666666666
0.25
0.21428571428571427
0.4666666666666667
0.2857142857142857
0.25
0.3333333333333333
0.3
0.4166666666666667
0.3333333333333333
0.4166666666666667
0.0
0.23529411764705882
0.3125
0.3125
0.2
0.0
0.0625
0.15
0.4444444444444444
0.6666666666666666
0.2857142857142857
0.25
0.09090909090909091
0.15384615384615385
0.06666666666666667
0.07142857142857142
0.13333333333333333
0.2631578947368421
0.1875
0.25
0.06666666666666667
0.3157894736842105
0.23529411764705882
0.4
0.2
0.23076923076923078
0.15384615384615385
0.2
0.26666666666666666
0.26666666666666666
0.07692307692307693
0.047619047619047616
0.043478260869565216
0.16666666666666666
0.22727272727272727
0.25
0.23809523809523808
0.2777777777777778
0.4375
0.15384615384615385
0.16666666666666666
0.14285714285714285
0.25
0.23529411764705882
0.21052631578947367
0.0625
0.2222222222222222
0.23529411764705882
0.1111111111111111
0.23809523809523808
0.125
0.16666666666666666
0.1875
0.2
0.14285714285714285
0.3125
0.2857142857142857
0.14285714285714285
0.2
0.2857142857142857
0.2857142857142857
0.38461538461538464
0.3
0.36363636363636365
0.25
0.25
0.16666666666666666
0.3076923076923077
0.25
0.25
0.3333333333333333
0.23076923076923078
0.4166666666666667
0.2
0.14285714285714285
0.42857142857142855
0.2
0.18181818181818182
0.2
0.35714285714285715
0.2727272727272727
0.5
0.3333333333333333
0.3333333333333333
0.4444444444444444
0.23076923076923078
0.4
0.16666666666666666
0.35714285714285715
0.21428571428571427
0.46153846153846156
0.2
0.21428571428571427
0.1875
0.06666666666666667
0.1875
0.07142857142857142
0.3333333333333333
0.1875
0.3125
0.3076923076923077
0.07692307692307693
0.35714285714285715
0.14285714285714285
0.26666666666666666
0.42857142857142855
0.3
0.2727272727272727
0.15384615384615385
0.14285714285714285
0.3333333333333333
0.2
0.21428571428571427
0.25
0.21428571428571427
0.35714285714285715
0.2727272727272727
0.18181818181818182
0.3125
0.2857142857142857
0.3076923076923077
0.3333333333333333
0.5555555555555556
0.3333333333333333
0.2
0.23076923076923078
0.1875
0.1875
0.3125
0.4
0.46153846153846156
0.25
0.09090909090909091
0.07692307692307693
0.23529411764705882
0.1875
0.10526315789473684
0.3
0.2
0.06666666666666667
0.3684210526315789
0.26666666666666666
0.26666666666666666
0.25
0.23529411764705882
0.125
0.23529411764705882
0.125
0.16666666666666666
0.2222222222222222
0.15789473684210525
0.2222222222222222
0.3125
0.2
0.2
0.42857142857142855
0.25
0.25
0.14285714285714285
0.17647058823529413
0.29411764705882354
0.2777777777777778
0.2857142857142857
0.21428571428571427
0.23076923076923078
0.25
0.07142857142857142
0.17647058823529413
0.3333333333333333
0.38461538461538464
0.16666666666666666
0.15384615384615385
0.375
0.16666666666666666
0.3333333333333333
0.15384615384615385
0.26666666666666666
0.1875
0.26666666666666666
0.07142857142857142
0.17647058823529413
0.3125
0.3076923076923077
0.3076923076923077
0.1875
0.1875
0.3333333333333333
0.2222222222222222
0.4117647058823529
0.4666666666666667
0.3333333333333333
0.35714285714285715
0.16666666666666666
0.3333333333333333
0.23076923076923078
0.5384615384615384
0.375
0.25
0.2
0.45454545454545453
0.3
0.36363636363636365
0.2222222222222222
0.1111111111111111
0.21428571428571427
0.1875
0.2631578947368421
0.3333333333333333
0.3076923076923077
0.23076923076923078
0.3333333333333333
0.35714285714285715
0.3333333333333333
0.08333333333333333
0.2857142857142857
0.25
0.36363636363636365
0.2727272727272727
0.2
0.15384615384615385
0.1111111111111111
0.1111111111111111
0.2222222222222222
0.15789473684210525
0.375
0.3125
0.25
0.14285714285714285
0.2857142857142857
0.16666666666666666
0.4
0.42857142857142855
0.38461538461538464
0.2222222222222222
0.15384615384615385
0.3333333333333333
0.3333333333333333
0.13333333333333333
0.2
0.2857142857142857
0.23076923076923078
0.2857142857142857
0.18181818181818182
0.36363636363636365
0.35714285714285715
0.2857142857142857
0.23076923076923078
0.25
0.2727272727272727
0.13333333333333333
0.4117647058823529
0.25
0.0
0.2222222222222222
0.25
0.0625
0.17647058823529413
0.2222222222222222
0.25
0.17647058823529413
0.29411764705882354
0.13333333333333333
0.06666666666666667
0.2631578947368421
0.4666666666666667
0.2
0.35714285714285715
0.16666666666666666
0.0625
0.17647058823529413
0.2777777777777778
0.25
0.25
0.3333333333333333
0.23076923076923078
0.38461538461538464
0.16666666666666666
0.23076923076923078
0.2
0.3333333333333333
0.17647058823529413
0.26666666666666666
0.18181818181818182
0.09090909090909091
0.3076923076923077
0.13333333333333333
0.3125
0.25
0.18181818181818182
0.15384615384615385
0.23076923076923078
0.3076923076923077
0.36363636363636365
0.18181818181818182
0.3
0.2727272727272727
0.3333333333333333
0.0
0.21052631578947367
0.4
0.3076923076923077
0.23076923076923078
0.2727272727272727
0.3
0.08333333333333333
0.5333333333333333
0.1
0.15384615384615385
0.2857142857142857
0.2857142857142857
0.16666666666666666
0.17647058823529413
0.125
0.29411764705882354
0.26666666666666666
0.23076923076923078
0.26666666666666666
0.3076923076923077
0.26666666666666666
0.15384615384615385
0.3125
0.4166666666666667
0.09090909090909091
0.25
0.5294117647058824
0.1
0.09090909090909091
0.21428571428571427
0.1875
0.16666666666666666
0.25
0.23529411764705882
0.4
0.25
0.07692307692307693
0.375
0.07692307692307693
0.21052631578947367
0.3157894736842105
0.2
0.125
0.17647058823529413
0.15789473684210525
0.35
0.14285714285714285
0.07142857142857142
0.2857142857142857
0.13333333333333333
0.23529411764705882
0.3333333333333333
0.06666666666666667
0.3125
0.3333333333333333
0.46153846153846156
0.1111111111111111
0.26666666666666666
0.3333333333333333
0.25
0.23076923076923078
0.38461538461538464
0.26666666666666666
0.18181818181818182
0.07692307692307693
0.25
0.42857142857142855
0.3333333333333333
0.25
0.35714285714285715
0.375
0.14285714285714285
0.07142857142857142
0.25
0.26666666666666666
0.46153846153846156
0.18181818181818182
0.36363636363636365
0.375
0.2222222222222222
0.2
0.18181818181818182
0.07142857142857142
0.17647058823529413
0.375
0.125
0.3888888888888889
0.25
0.13333333333333333
0.26666666666666666
0.25
0.45454545454545453
0.3076923076923077
0.35714285714285715
0.07692307692307693
0.23529411764705882
0.26666666666666666
0.09090909090909091
0.3076923076923077
0.15384615384615385
0.23076923076923078
0.29411764705882354
0.16666666666666666
0.3684210526315789
0.35294117647058826
0.14285714285714285
0.3333333333333333
0.26666666666666666
0.2
0.21428571428571427
0.3076923076923077
0.07142857142857142
0.17647058823529413
0.17647058823529413
0.21052631578947367
0.3125
0.16666666666666666
0.3333333333333333
0.5833333333333334
0.2727272727272727
0.18181818181818182
0.26666666666666666
0.3333333333333333
0.07692307692307693
0.3125
0.2857142857142857
0.2857142857142857
0.35714285714285715
0.2857142857142857
0.4666666666666667
0.1111111111111111
0.21428571428571427
0.07142857142857142
0.25
0.2857142857142857
0.3333333333333333
0.3076923076923077
0.5
0.2727272727272727
0.3333333333333333
0.5
0.25
0.3
0.09090909090909091
0.25
0.3333333333333333
0.16666666666666666
0.14285714285714285
0.2222222222222222
0.2777777777777778
0.21052631578947367
0.1
0.45
0.23076923076923078
0.26666666666666666
0.3684210526315789
0.26666666666666666
0.2857142857142857
0.23076923076923078
0.14285714285714285
0.3076923076923077
0.3
0.16666666666666666
0.23076923076923078
0.42857142857142855
0.3333333333333333
0.15384615384615385
0.45454545454545453
0.2
0.4166666666666667
0.3
0.23076923076923078
0.16666666666666666
0.3333333333333333
0.2857142857142857
0.2857142857142857
0.25
0.3333333333333333
0.15384615384615385
0.2857142857142857
0.3125
0.23076923076923078
0.3333333333333333
0.18181818181818182
0.25
0.3076923076923077
0.21428571428571427
0.13333333333333333
0.058823529411764705
0.3888888888888889
0.3333333333333333
0.2222222222222222
0.2857142857142857
0.3333333333333333
0.2727272727272727
0.16666666666666666
0.16666666666666666
0.25
0.1111111111111111
0.5263157894736842
0.25
0.18181818181818182
0.2857142857142857
0.14285714285714285
0.3125
0.26666666666666666
0.13333333333333333
0.2
0.15384615384615385
0.3125
0.15384615384615385
0.07692307692307693
0.125
0.21739130434782608
0.23809523809523808
0.2222222222222222
0.3333333333333333
0.16666666666666666
0.26666666666666666
0.17647058823529413
0.14285714285714285
0.2608695652173913
0.09523809523809523
0.25
0.2777777777777778
0.26666666666666666
0.4117647058823529
0.25
0.18181818181818182
0.0625
0.3333333333333333
0.1875
0.15
0.3157894736842105
0.29411764705882354
0.26666666666666666
0.26666666666666666
0.26666666666666666
0.4166666666666667
0.26666666666666666
0.23076923076923078
0.375
0.2857142857142857
0.3076923076923077
0.36363636363636365
0.36363636363636365
0.18181818181818182
0.3333333333333333
0.3
0.2
0.2727272727272727
0.2727272727272727
0.2857142857142857
0.42857142857142855
0.3333333333333333
0.25
0.16666666666666666
0.4166666666666667
0.3
0.4166666666666667
0.25
0.5
0.2727272727272727
0.13333333333333333
0.29411764705882354
0.29411764705882354
0.14285714285714285
0.2857142857142857
0.18181818181818182
0.07142857142857142
0.3125
0.35294117647058826
0.07142857142857142
0.125
0.15789473684210525
0.1111111111111111
0.3333333333333333
0.21428571428571427
0.125
0.2222222222222222
0.1
0.2916666666666667
0.15789473684210525
0.3684210526315789
0.14285714285714285
0.23529411764705882
0.1875
0.3125
0.3125
0.25
0.26666666666666666
0.3333333333333333
0.21428571428571427
0.23076923076923078
0.15384615384615385
0.21428571428571427
0.14285714285714285
0.17647058823529413
0.3125
0.4
0.18181818181818182
0.5
0.3
0.4
0.18181818181818182
0.23076923076923078
0.2
0.23076923076923078
0.3076923076923077
0.3
0.2727272727272727
0.09090909090909091
0.4375
0.2857142857142857
0.14285714285714285
0.3333333333333333
0.25
0.3333333333333333
0.13333333333333333
0.23529411764705882
0.25
0.35714285714285715
0.45454545454545453
0.25
0.2727272727272727
0.4166666666666667
0.3
0.45454545454545453
0.2727272727272727
0.25
0.2857142857142857
0.26666666666666666
0.07692307692307693
0.35714285714285715
0.4
0.1875
0.17647058823529413
0.25
0.0
0.16666666666666666
0.05555555555555555
0.15789473684210525
0.05263157894736842
0.16666666666666666
0.14285714285714285
0.15
0.2222222222222222
0.25
0.06666666666666667
0.2222222222222222
0.1
0.2
0.23809523809523808
0.2222222222222222
0.2222222222222222
0.23529411764705882
0.3076923076923077
0.2857142857142857
0.4166666666666667
0.3333333333333333
0.16666666666666666
0.21428571428571427
0.0625
0.21052631578947367
0.09523809523809523
0.15
0.2857142857142857
0.13636363636363635
0.30434782608695654
0.125
0.13333333333333333
0.1111111111111111
0.19047619047619047
0.3333333333333333
0.3333333333333333
0.375
0.2727272727272727
0.18181818181818182
0.38461538461538464
0.3333333333333333
0.3
0.2
0.23529411764705882
0.1111111111111111
0.23529411764705882
0.25
0.1875
0.3125
0.35714285714285715
0.35714285714285715
0.21428571428571427
0.16666666666666666
0.2222222222222222
0.2777777777777778
0.42857142857142855
0.09090909090909091
0.3333333333333333
0.3333333333333333
0.46153846153846156
0.2727272727272727
0.21428571428571427
0.17647058823529413
0.11764705882352941
0.1875
0.125
0.26666666666666666
0.23529411764705882
0.14285714285714285
0.26666666666666666
0.13333333333333333
0.1875
0.4375
0.2
0.3333333333333333
0.16666666666666666
0.3076923076923077
0.07692307692307693
0.17647058823529413
0.17647058823529413
0.1
0.23809523809523808
0.2222222222222222
0.4117647058823529
0.6153846153846154
0.4166666666666667
0.3333333333333333
0.14285714285714285
0.36363636363636365
0.09090909090909091
0.07692307692307693
0.15
0.2727272727272727
0.2222222222222222
0.1875
0.26666666666666666
0.2857142857142857
0.3076923076923077
0.15384615384615385
0.3076923076923077
0.2857142857142857
0.15384615384615385
0.38461538461538464
0.1111111111111111
0.23076923076923078
0.21428571428571427
0.5
0.18181818181818182
0.38461538461538464
0.25
0.38461538461538464
0.23076923076923078
0.35714285714285715
0.35714285714285715
0.3076923076923077
0.26666666666666666
0.2727272727272727
0.21428571428571427
0.2857142857142857
0.2727272727272727
0.8181818181818182
0.6
0.2222222222222222
