Overall Mean: 0.2489667342211141
0.25
0.3142857142857143
0.21875
0.2222222222222222
0.2894736842105263
0.25806451612903225
0.1935483870967742
0.21212121212121213
0.13513513513513514
0.23684210526315788
0.2857142857142857
0.2
0.28125
0.25
0.25
0.25
0.3125
0.2413793103448276
0.22580645161290322
0.3
0.16129032258064516
0.14285714285714285
0.35135135135135137
0.2647058823529412
0.15151515151515152
0.24242424242424243
0.28125
0.3333333333333333
0.2
0.34210526315789475
0.24242424242424243
0.20588235294117646
0.29411764705882354
0.25
0.23529411764705882
0.20588235294117646
0.25
0.25
0.23529411764705882
0.2727272727272727
0.36363636363636365
0.22580645161290322
0.34285714285714286
0.34375
0.2
0.20588235294117646
0.25
0.2857142857142857
0.2
0.2571428571428571
0.18181818181818182
0.2
0.21621621621621623
0.14705882352941177
0.2631578947368421
0.22857142857142856
0.30303030303030304
0.1935483870967742
0.2571428571428571
0.2777777777777778
0.23333333333333334
0.16129032258064516
0.22857142857142856
0.2777777777777778
0.15151515151515152
0.2777777777777778
0.2857142857142857
0.20588235294117646
0.28205128205128205
0.2857142857142857
0.30303030303030304
0.3333333333333333
0.1935483870967742
0.23529411764705882
0.19444444444444445
0.2
0.22857142857142856
0.2857142857142857
0.3611111111111111
0.23529411764705882
0.3125
0.23529411764705882
0.24242424242424243
0.3333333333333333
0.3448275862068966
0.26666666666666666
0.2702702702702703
0.2
0.23684210526315788
0.23684210526315788
0.2571428571428571
0.15151515151515152
0.2972972972972973
0.20588235294117646
0.2727272727272727
0.20588235294117646
0.21212121212121213
0.19444444444444445
0.23684210526315788
0.2857142857142857
0.3333333333333333
0.22580645161290322
0.29411764705882354
0.3235294117647059
0.1935483870967742
0.2571428571428571
0.20588235294117646
0.2222222222222222
0.14705882352941177
0.3333333333333333
0.23333333333333334
0.3055555555555556
0.2903225806451613
0.41935483870967744
0.3548387096774194
0.23333333333333334
0.34375
0.25806451612903225
0.26666666666666666
0.17142857142857143
0.25
0.37142857142857144
0.27586206896551724
0.27586206896551724
0.26666666666666666
0.23529411764705882
0.2647058823529412
0.2727272727272727
0.23529411764705882
0.16216216216216217
0.23076923076923078
0.2702702702702703
0.24242424242424243
0.30303030303030304
0.25
0.1935483870967742
0.22857142857142856
0.2972972972972973
0.4375
0.17857142857142858
0.14705882352941177
0.3333333333333333
0.2903225806451613
0.15625
0.2777777777777778
0.2571428571428571
0.25
0.22857142857142856
0.14705882352941177
0.20588235294117646
0.21621621621621623
0.2571428571428571
0.34285714285714286
0.2413793103448276
0.20588235294117646
0.24324324324324326
0.2647058823529412
0.25
0.1875
0.14285714285714285
0.21052631578947367
0.16216216216216217
0.15789473684210525
0.23076923076923078
0.19444444444444445
0.2777777777777778
0.25
0.3142857142857143
0.24242424242424243
0.17142857142857143
0.1891891891891892
0.2222222222222222
0.20588235294117646
0.20588235294117646
0.22857142857142856
0.25
0.17857142857142858
0.1388888888888889
0.3055555555555556
0.18181818181818182
0.34285714285714286
0.20689655172413793
0.25806451612903225
0.15625
0.2647058823529412
0.2727272727272727
0.21212121212121213
0.23529411764705882
0.3142857142857143
0.2903225806451613
0.2727272727272727
0.2647058823529412
0.2727272727272727
0.25806451612903225
0.25
0.25
0.23529411764705882
0.2571428571428571
0.30303030303030304
0.3125
0.2647058823529412
0.35294117647058826
0.12903225806451613
0.29411764705882354
0.29411764705882354
0.22580645161290322
0.25
0.21212121212121213
0.3333333333333333
0.21875
0.43333333333333335
0.27586206896551724
0.15625
0.24242424242424243
0.23529411764705882
0.25
0.21212121212121213
0.35294117647058826
0.30303030303030304
0.30303030303030304
0.1875
0.2727272727272727
0.23529411764705882
0.2727272727272727
0.20588235294117646
0.17647058823529413
0.2702702702702703
0.20588235294117646
0.35294117647058826
0.23529411764705882
0.19444444444444445
0.34285714285714286
0.24242424242424243
0.26666666666666666
0.3125
0.2727272727272727
0.20588235294117646
0.22857142857142856
0.2222222222222222
0.2571428571428571
0.2647058823529412
0.21875
0.27586206896551724
0.25806451612903225
0.2647058823529412
0.22857142857142856
0.24242424242424243
0.28125
0.2727272727272727
0.3548387096774194
0.3103448275862069
0.2413793103448276
0.2571428571428571
0.20588235294117646
0.37142857142857144
0.2
0.21212121212121213
0.30303030303030304
0.25806451612903225
0.3333333333333333
0.23529411764705882
0.30303030303030304
0.09375
0.1891891891891892
0.21052631578947367
0.22857142857142856
0.3055555555555556
0.0967741935483871
0.1891891891891892
0.24324324324324326
0.22857142857142856
0.15625
0.24242424242424243
0.15151515151515152
0.17142857142857143
0.3055555555555556
0.14285714285714285
0.2
0.22857142857142856
0.16666666666666666
0.3142857142857143
0.28125
0.21875
0.15625
0.3142857142857143
0.125
0.24242424242424243
0.19444444444444445
0.19444444444444445
0.2777777777777778
0.2727272727272727
0.26666666666666666
0.30303030303030304
0.2777777777777778
0.22580645161290322
0.17647058823529413
0.21621621621621623
0.2777777777777778
0.3142857142857143
0.23333333333333334
0.20588235294117646
0.3142857142857143
0.21212121212121213
0.25
0.23529411764705882
0.24242424242424243
0.21875
0.24242424242424243
0.24242424242424243
0.1875
0.2894736842105263
0.21875
0.24242424242424243
0.1891891891891892
0.22857142857142856
0.2
0.23684210526315788
0.21621621621621623
0.34285714285714286
0.1875
0.29411764705882354
0.3125
0.26666666666666666
0.3125
0.4
0.2857142857142857
0.22580645161290322
0.3333333333333333
0.36666666666666664
0.2692307692307692
0.2413793103448276
0.21875
0.21621621621621623
0.14705882352941177
0.2777777777777778
0.2571428571428571
0.3
0.25
0.22857142857142856
0.21621621621621623
0.2777777777777778
0.35294117647058826
0.25806451612903225
0.23529411764705882
0.3125
0.29411764705882354
0.2647058823529412
0.20588235294117646
0.25
0.19444444444444445
0.21212121212121213
0.23684210526315788
0.1794871794871795
0.2631578947368421
0.3235294117647059
0.27586206896551724
0.23333333333333334
0.21212121212121213
0.11764705882352941
0.29411764705882354
0.3611111111111111
0.21875
0.24242424242424243
0.2
0.2647058823529412
0.2647058823529412
0.20588235294117646
0.2702702702702703
0.3125
0.3333333333333333
0.24242424242424243
0.25
0.1891891891891892
0.38235294117647056
0.3448275862068966
0.25806451612903225
0.2222222222222222
0.29411764705882354
0.2
0.23684210526315788
0.2857142857142857
0.15151515151515152
0.32432432432432434
0.2857142857142857
0.18181818181818182
0.21621621621621623
0.23529411764705882
0.2222222222222222
0.34210526315789475
0.28125
0.2
0.125
0.2894736842105263
0.375
0.16129032258064516
0.2571428571428571
0.2571428571428571
0.17647058823529413
0.2857142857142857
0.25
0.24242424242424243
0.30303030303030304
0.21875
0.29411764705882354
0.3125
0.0967741935483871
0.21052631578947367
0.1794871794871795
0.3611111111111111
0.4
0.2222222222222222
0.14705882352941177
0.25
0.3235294117647059
0.23333333333333334
0.24242424242424243
0.3142857142857143
0.21212121212121213
0.20588235294117646
0.2647058823529412
0.3939393939393939
0.3
0.23333333333333334
0.2727272727272727
0.2571428571428571
0.2571428571428571
0.125
0.25
0.3333333333333333
0.3448275862068966
0.25806451612903225
0.21212121212121213
0.3235294117647059
0.2
0.24242424242424243
0.2857142857142857
0.2222222222222222
0.21212121212121213
0.15151515151515152
0.32432432432432434
0.21875
0.15151515151515152
0.2631578947368421
0.29411764705882354
0.25
0.22580645161290322
0.15789473684210525
0.3157894736842105
0.3235294117647059
0.1875
0.20588235294117646
0.25
0.2571428571428571
0.375
0.16666666666666666
0.2777777777777778
0.25
0.23529411764705882
0.21212121212121213
0.3055555555555556
0.21212121212121213
0.2647058823529412
0.2777777777777778
0.17142857142857143
0.2571428571428571
0.16666666666666666
0.23684210526315788
0.3142857142857143
0.2647058823529412
0.11764705882352941
0.2702702702702703
0.2222222222222222
0.34285714285714286
0.25806451612903225
0.20588235294117646
0.24324324324324326
0.22857142857142856
0.30303030303030304
0.2647058823529412
0.21212121212121213
0.20588235294117646
0.2631578947368421
0.35294117647058826
0.18181818181818182
0.3235294117647059
0.2903225806451613
0.24242424242424243
0.2647058823529412
0.2777777777777778
0.3333333333333333
0.25
0.19444444444444445
0.2647058823529412
0.2647058823529412
0.23529411764705882
0.17647058823529413
0.18421052631578946
0.28205128205128205
0.24242424242424243
0.3235294117647059
0.28125
0.25806451612903225
0.3611111111111111
0.3548387096774194
0.38461538461538464
0.25
0.34285714285714286
0.22580645161290322
0.2857142857142857
0.19444444444444445
0.15789473684210525
0.3157894736842105
0.20588235294117646
0.2857142857142857
0.25
0.23333333333333334
0.3235294117647059
0.1935483870967742
0.2857142857142857
0.1891891891891892
0.2571428571428571
0.23529411764705882
0.34375
0.3333333333333333
0.2413793103448276
0.25806451612903225
0.2
0.17647058823529413
0.21621621621621623
0.2
0.2857142857142857
0.2571428571428571
0.19444444444444445
0.2894736842105263
0.3142857142857143
0.16666666666666666
0.2647058823529412
0.2647058823529412
0.0967741935483871
0.17142857142857143
0.22857142857142856
0.3055555555555556
0.20588235294117646
0.2
0.3235294117647059
0.2647058823529412
0.1875
0.29411764705882354
0.2727272727272727
0.2903225806451613
0.16129032258064516
0.2647058823529412
0.2
0.18421052631578946
0.3611111111111111
0.3235294117647059
0.3103448275862069
0.17857142857142858
0.1935483870967742
0.2903225806451613
0.2
0.3235294117647059
0.3333333333333333
0.21875
0.3125
0.3333333333333333
0.26666666666666666
0.28125
0.3333333333333333
0.21875
0.2727272727272727
0.25
0.30303030303030304
0.20588235294117646
0.14285714285714285
0.1951219512195122
0.25
0.24242424242424243
0.14705882352941177
0.2682926829268293
0.16666666666666666
0.2777777777777778
0.2647058823529412
0.25
0.2727272727272727
0.2647058823529412
0.29411764705882354
0.2727272727272727
0.2727272727272727
0.20588235294117646
0.22857142857142856
0.3870967741935484
0.2903225806451613
0.22580645161290322
0.36363636363636365
0.2
0.2857142857142857
0.2857142857142857
0.2727272727272727
0.1935483870967742
0.2777777777777778
0.2222222222222222
0.24242424242424243
0.2571428571428571
0.2857142857142857
0.2647058823529412
0.2647058823529412
0.29411764705882354
0.25806451612903225
0.25
0.2647058823529412
0.21875
0.20588235294117646
0.2
0.2
0.2972972972972973
0.4
0.4074074074074074
0.32142857142857145
0.3103448275862069
0.25
0.15625
0.28205128205128205
0.16666666666666666
0.22857142857142856
0.20588235294117646
0.3157894736842105
0.23529411764705882
0.22857142857142856
0.2571428571428571
0.24324324324324326
0.2857142857142857
0.21875
0.22857142857142856
0.3235294117647059
0.22580645161290322
0.28125
0.22857142857142856
0.1388888888888889
0.23684210526315788
0.17647058823529413
0.22857142857142856
0.3055555555555556
0.25
0.125
0.16216216216216217
0.10810810810810811
0.20512820512820512
0.1891891891891892
0.20512820512820512
0.275
0.2857142857142857
0.28125
0.29411764705882354
0.1875
0.30303030303030304
0.12121212121212122
0.2777777777777778
0.17647058823529413
0.22857142857142856
0.2571428571428571
0.2571428571428571
0.25
0.24324324324324326
0.25806451612903225
0.18181818181818182
0.2702702702702703
0.24242424242424243
0.34285714285714286
0.29411764705882354
0.3548387096774194
0.2903225806451613
0.24242424242424243
0.3125
0.3793103448275862
0.26666666666666666
0.25806451612903225
0.23529411764705882
0.24324324324324326
0.2647058823529412
0.34375
0.3
0.3548387096774194
0.20689655172413793
0.24242424242424243
0.3055555555555556
0.24242424242424243
0.2571428571428571
0.2857142857142857
0.21212121212121213
0.1388888888888889
0.2894736842105263
0.30303030303030304
0.25
0.22857142857142856
0.23684210526315788
0.1891891891891892
0.3157894736842105
0.2647058823529412
0.14285714285714285
0.21951219512195122
0.29411764705882354
0.17647058823529413
0.2647058823529412
0.20588235294117646
0.10526315789473684
0.12195121951219512
0.2619047619047619
0.35135135135135137
0.21212121212121213
0.3235294117647059
0.16129032258064516
0.25
0.16666666666666666
0.3333333333333333
0.25
0.1875
0.1875
0.2647058823529412
0.3055555555555556
0.20588235294117646
0.2
0.2647058823529412
0.15625
0.20588235294117646
0.3142857142857143
0.3125
0.1935483870967742
0.35294117647058826
0.2903225806451613
0.25
0.2571428571428571
0.29411764705882354
0.34375
0.3103448275862069
0.28125
0.2
0.2972972972972973
0.18181818181818182
0.32432432432432434
0.2727272727272727
0.25
0.30303030303030304
0.25
0.2571428571428571
0.21212121212121213
0.2727272727272727
0.29411764705882354
0.3333333333333333
0.2903225806451613
0.25
0.30303030303030304
0.2727272727272727
0.3235294117647059
0.20588235294117646
0.3157894736842105
0.21875
0.3225806451612903
0.21875
0.1388888888888889
0.23076923076923078
0.2777777777777778
0.20588235294117646
0.23529411764705882
0.25
0.23529411764705882
0.22857142857142856
0.10810810810810811
0.18421052631578946
0.20512820512820512
0.2222222222222222
0.2571428571428571
0.24242424242424243
0.1935483870967742
0.20588235294117646
0.125
0.20512820512820512
0.2222222222222222
0.16216216216216217
0.21052631578947367
0.2857142857142857
0.25
0.25
0.29411764705882354
0.24324324324324326
0.3055555555555556
0.2857142857142857
0.1935483870967742
0.18181818181818182
0.14285714285714285
0.19444444444444445
0.13513513513513514
0.175
0.16666666666666666
0.2702702702702703
0.3142857142857143
0.21212121212121213
0.14705882352941177
0.10526315789473684
0.19047619047619047
0.35135135135135137
0.21212121212121213
0.2903225806451613
0.2903225806451613
0.3125
0.3333333333333333
0.1935483870967742
0.15151515151515152
0.2
0.3333333333333333
0.21212121212121213
0.23529411764705882
0.2727272727272727
0.1935483870967742
0.2571428571428571
0.2222222222222222
0.19444444444444445
0.2222222222222222
0.23529411764705882
0.25
0.21875
0.25
0.2571428571428571
0.30303030303030304
0.21212121212121213
0.19444444444444445
0.24324324324324326
0.29411764705882354
0.1935483870967742
0.2727272727272727
0.2222222222222222
0.19444444444444445
0.21621621621621623
0.29411764705882354
0.18181818181818182
0.23529411764705882
0.21052631578947367
0.22857142857142856
0.2647058823529412
0.21212121212121213
0.3125
0.24242424242424243
0.18181818181818182
0.2564102564102564
0.1388888888888889
0.16666666666666666
0.1891891891891892
0.25
0.19444444444444445
0.2571428571428571
0.38235294117647056
0.3448275862068966
0.3103448275862069
0.25
0.24242424242424243
0.1388888888888889
0.13513513513513514
0.2631578947368421
0.3055555555555556
0.21875
0.20588235294117646
0.3055555555555556
0.2571428571428571
0.3333333333333333
0.21875
0.18181818181818182
0.34375
0.24242424242424243
0.3142857142857143
0.29411764705882354
0.25
0.22580645161290322
0.25
0.24242424242424243
0.19444444444444445
0.2972972972972973
0.3055555555555556
0.125
0.24324324324324326
0.2727272727272727
0.23529411764705882
0.3235294117647059
0.3225806451612903
0.25806451612903225
0.2727272727272727
0.2702702702702703
0.42424242424242425
0.3793103448275862
0.20689655172413793
