Overall Mean: 40.75216666666667
39.25
39.5
39.6
38.1
47.6
38.95
47.5
33.75
45.35
45.25
44.65
40.0
38.75
41.05
39.35
37.8
43.6
26.0
44.15
42.25
43.6
38.0
46.1
43.35
46.95
37.8
37.6
50.45
39.7
42.6
41.55
38.85
41.75
40.95
42.95
36.25
43.15
38.75
38.85
41.0
42.55
33.75
40.65
42.75
41.8
39.75
38.6
43.3
40.15
41.8
41.1
30.8
40.05
35.4
38.55
39.55
37.0
33.25
44.35
41.5
38.9
44.2
43.9
39.25
40.8
44.7
40.7
40.55
47.65
41.15
39.05
41.25
38.9
37.15
35.55
31.95
39.25
43.15
41.7
43.5
41.9
40.25
44.4
53.1
40.9
40.8
43.95
34.4
35.9
37.85
35.55
39.15
39.45
36.05
52.7
43.85
48.35
40.3
43.55
39.25
40.5
36.3
44.75
41.75
36.5
41.05
49.95
44.4
46.15
49.35
41.9
32.2
39.75
39.4
39.8
43.65
34.35
38.3
44.6
34.4
40.4
41.35
36.3
39.7
35.9
46.0
41.2
31.75
45.55
36.95
36.25
35.85
38.35
51.4
44.5
47.85
47.6
43.05
38.0
35.95
37.75
42.05
44.15
46.4
39.3
48.25
46.5
37.95
43.45
45.15
44.35
38.15
38.75
37.05
33.6
42.5
49.7
41.55
32.85
35.9
52.3
42.35
45.25
37.65
44.0
38.9
41.25
35.55
38.35
42.45
46.75
37.1
43.4
45.0
32.2
39.95
45.5
46.25
40.0
41.3
40.7
29.15
39.4
44.0
47.5
35.8
36.5
45.1
39.4
50.65
36.9
31.7
46.35
47.8
42.05
37.95
40.8
29.05
42.35
48.3
40.7
36.5
34.45
37.6
37.2
42.45
38.65
41.8
40.7
41.1
39.2
36.75
39.55
41.1
39.8
38.9
39.4
43.15
47.1
43.95
33.55
40.45
33.55
43.7
43.1
34.55
42.3
43.95
38.85
42.85
44.05
43.35
45.2
40.95
34.65
50.4
38.2
44.0
50.5
41.75
37.9
44.3
35.65
43.0
45.1
41.55
40.85
39.3
35.3
39.6
48.25
37.4
42.75
35.45
44.3
43.65
31.85
44.0
38.2
44.0
43.5
40.25
41.95
40.6
41.1
42.85
47.75
36.95
37.2
41.25
43.25
38.6
44.25
43.6
44.65
47.9
41.45
45.9
37.9
38.15
44.7
45.15
44.2
40.75
44.9
48.6
40.9
43.45
38.1
47.65
36.75
40.05
35.75
41.35
38.55
39.05
33.7
38.45
36.7
49.15
30.9
43.3
41.65
34.35
42.95
32.2
36.0
48.45
38.0
40.15
38.2
31.3
37.25
35.8
38.85
30.0
43.85
47.3
37.95
35.95
40.5
41.95
32.8
39.75
36.75
44.3
42.45
41.65
40.1
31.55
38.05
38.05
36.9
44.0
36.0
36.75
46.3
39.65
37.85
50.4
39.65
43.15
40.3
44.25
39.6
40.2
38.5
39.05
42.75
38.0
39.45
42.85
41.0
37.6
49.8
41.95
40.8
44.7
41.85
31.1
40.85
45.75
38.25
38.0
47.5
44.2
38.75
45.6
41.45
47.1
38.65
37.55
36.7
37.75
43.45
38.75
43.45
36.9
37.85
39.75
45.75
51.8
40.1
49.8
38.5
45.7
34.5
36.85
33.05
35.35
36.15
45.8
43.15
27.0
36.3
34.3
33.65
41.4
43.6
36.35
40.3
34.35
42.45
42.6
41.55
37.4
40.05
44.55
33.0
40.1
40.15
44.55
46.85
34.85
41.95
40.95
48.15
42.35
50.6
37.05
36.35
44.9
39.3
38.15
43.95
37.4
44.95
43.55
40.95
42.85
45.45
40.55
43.7
39.2
40.9
41.35
44.25
37.0
40.0
38.5
41.9
45.8
44.85
48.4
40.05
36.1
38.85
35.65
32.75
30.2
39.5
40.9
36.15
37.3
42.15
42.35
44.05
41.85
38.45
30.65
34.35
43.55
48.9
40.0
43.25
43.9
41.8
37.45
42.05
37.6
42.55
48.75
44.9
37.85
38.3
36.9
44.55
48.4
39.55
42.4
43.4
37.75
38.3
41.4
38.8
44.8
43.05
39.25
45.3
42.75
39.5
38.25
42.05
50.35
41.25
33.9
40.25
43.85
40.3
44.05
35.85
41.65
38.45
45.45
40.2
47.15
43.45
41.95
44.45
39.75
45.0
41.3
41.05
36.05
33.35
41.6
38.25
33.95
37.9
43.25
41.0
45.3
36.2
42.85
36.85
37.6
32.5
41.35
43.5
46.95
35.1
40.45
52.35
43.0
39.15
41.85
52.2
44.35
42.2
39.5
44.5
37.7
43.85
44.3
49.2
39.55
47.1
39.4
35.15
39.55
32.15
46.05
36.25
37.15
39.8
42.9
47.5
40.0
40.5
49.6
45.45
43.4
39.25
45.2
41.25
37.75
32.4
50.4
34.25
36.9
37.15
37.25
39.35
41.25
43.4
36.65
39.35
44.25
33.55
47.85
39.85
40.7
40.85
46.55
43.55
40.85
37.65
42.65
41.6
43.25
39.35
39.2
37.4
41.6
43.0
45.25
41.95
46.4
36.35
43.8
40.8
44.7
42.4
41.15
41.25
44.3
40.15
43.2
45.2
43.1
36.55
45.9
41.7
34.25
36.4
41.5
40.3
33.85
45.1
37.25
39.0
39.5
42.4
40.15
38.55
39.2
40.95
36.75
32.45
44.6
38.1
51.25
37.0
38.5
44.2
46.7
44.75
40.8
38.35
36.85
37.5
53.7
45.3
40.95
44.8
34.15
40.9
41.3
40.8
40.7
37.55
28.6
41.7
33.35
35.6
37.15
37.0
43.15
40.1
45.35
30.8
45.95
40.0
46.35
43.45
42.4
36.05
42.95
28.4
35.55
38.65
42.75
36.1
44.2
28.25
43.75
38.5
38.95
37.45
38.75
45.95
40.8
35.3
37.0
44.65
35.4
37.8
37.6
49.7
32.3
31.15
37.85
58.8
36.3
41.5
36.2
34.05
37.4
46.45
51.3
40.5
52.0
37.9
39.65
43.6
39.95
45.85
40.65
45.35
33.4
39.0
44.1
38.1
39.5
47.4
52.35
44.65
49.7
39.45
38.9
48.95
33.85
37.4
35.7
36.75
43.95
40.5
39.85
39.75
45.6
38.35
44.45
45.85
48.4
36.1
42.6
51.6
39.0
37.85
36.35
37.35
34.8
42.65
40.9
41.5
35.95
30.05
38.6
46.45
43.55
39.15
48.2
41.35
37.35
39.2
47.35
47.6
39.0
39.45
48.45
36.2
37.25
37.95
43.05
50.35
41.55
38.35
36.75
41.95
36.75
45.0
42.45
42.9
39.85
45.85
40.7
39.9
38.75
40.15
41.1
33.8
37.9
39.25
40.45
45.85
45.5
40.1
46.45
43.0
41.5
51.2
30.6
46.5
38.9
45.65
47.15
40.9
35.2
46.25
22.75
41.0
38.65
42.95
36.55
32.25
43.55
45.85
49.7
44.2
49.4
43.35
40.4
43.55
41.85
36.55
45.5
31.3
44.15
36.95
46.75
43.3
45.75
41.9
44.8
37.4
45.5
38.15
46.9
48.95
45.35
34.7
46.15
37.45
43.4
33.25
34.5
35.15
41.1
40.3
44.95
33.5
39.9
38.6
32.85
49.1
47.05
43.25
39.65
44.1
36.45
33.75
42.6
44.9
48.1
31.85
39.7
39.5
41.2
40.8
36.05
39.65
44.1
44.35
39.3
39.8
33.4
45.9
38.15
43.8
34.8
34.8
32.45
40.05
41.6
38.1
34.65
39.7
41.85
38.7
43.6
38.6
32.2
31.6
38.95
42.9
42.55
41.1
29.6
37.7
39.5
43.05
39.85
44.85
38.55
45.95
45.2
38.85
37.25
42.35
38.45
