Overall Mean: 9.487719298245613
9
9
10
9
11
9
10
10
7
10
10
10
10
8
9
8
9
9
8
8
11
7
9
8
11
9
8
9
9
10
9
8
9
8
14
8
9
10
9
9
8
9
9
11
11
7
8
11
7
9
10
8
12
11
10
7
9
10
8
9
10
10
9
8
12
9
11
15
10
9
11
9
7
9
9
11
10
9
11
9
12
10
10
11
12
11
9
10
10
10
10
9
9
12
11
13
11
7
7
11
10
8
10
8
9
8
13
11
8
10
9
9
11
8
10
10
9
10
11
7
14
11
9
10
11
8
10
9
11
8
10
9
12
10
12
11
10
8
7
11
10
8
9
8
9
10
8
8
10
9
8
10
9
9
10
10
9
11
8
8
10
12
9
8
9
10
9
10
9
9
11
12
9
9
10
8
9
10
8
10
8
10
9
10
9
9
10
11
11
9
9
10
9
11
9
8
8
10
8
9
9
10
8
8
9
9
10
10
9
12
8
11
12
8
10
8
11
10
10
9
11
10
8
7
7
11
8
10
8
8
9
10
7
9
9
13
9
8
8
11
8
12
12
9
11
10
9
11
11
10
8
9
11
8
10
11
7
7
11
9
12
10
7
7
9
10
9
8
11
8
10
9
12
8
10
8
8
11
11
9
8
11
12
9
8
