Overall Mean: 0.252413683982697
0.25925925925925924
0.37037037037037035
0.13636363636363635
0.32
0.1111111111111111
0.3103448275862069
0.37037037037037035
0.2222222222222222
0.2916666666666667
0.20833333333333334
0.32
0.25925925925925924
0.34782608695652173
0.21052631578947367
0.13636363636363635
0.17857142857142858
0.2857142857142857
0.2608695652173913
0.34782608695652173
0.391304347826087
0.15789473684210525
0.2727272727272727
0.24
0.32
0.17391304347826086
0.25
0.28
0.3181818181818182
0.2608695652173913
0.2
0.20833333333333334
0.08695652173913043
0.2857142857142857
0.2857142857142857
0.28
0.20833333333333334
0.25925925925925924
0.25925925925925924
0.16
0.18518518518518517
0.2903225806451613
0.3333333333333333
0.22727272727272727
0.25
0.25925925925925924
0.32
0.13636363636363635
0.2692307692307692
0.21739130434782608
0.23076923076923078
0.3333333333333333
0.2692307692307692
0.2962962962962963
0.20833333333333334
0.19230769230769232
0.2222222222222222
0.35714285714285715
0.2857142857142857
0.2692307692307692
0.2857142857142857
0.25
0.2413793103448276
0.34615384615384615
0.13636363636363635
0.15384615384615385
0.25
0.38461538461538464
0.391304347826087
0.3
0.14285714285714285
0.21739130434782608
0.24
0.2222222222222222
0.14285714285714285
0.2903225806451613
0.21428571428571427
0.2
0.3103448275862069
0.3333333333333333
0.125
0.23076923076923078
0.125
0.27586206896551724
0.3103448275862069
0.25
0.3181818181818182
0.21052631578947367
0.24
0.2692307692307692
0.19230769230769232
0.44
0.35
0.21739130434782608
0.36
0.2727272727272727
0.14285714285714285
0.16
0.17857142857142858
0.21428571428571427
0.17391304347826086
0.23076923076923078
0.37037037037037035
0.10526315789473684
0.23076923076923078
0.19230769230769232
0.2692307692307692
0.2608695652173913
0.21739130434782608
0.25
0.24
0.17857142857142858
0.2
0.19230769230769232
0.25925925925925924
0.2857142857142857
0.28
0.3181818181818182
0.2
0.17857142857142858
0.23333333333333334
0.3076923076923077
0.2916666666666667
0.3333333333333333
0.2916666666666667
0.34782608695652173
0.20833333333333334
0.18518518518518517
0.3076923076923077
0.14285714285714285
0.17391304347826086
0.2
0.14814814814814814
0.23333333333333334
0.2857142857142857
0.17857142857142858
0.3448275862068966
0.32
0.17391304347826086
0.19230769230769232
0.3333333333333333
0.24
0.16
0.2222222222222222
0.2413793103448276
0.2857142857142857
0.25925925925925924
0.24
0.25
0.2413793103448276
0.2692307692307692
0.28
0.2692307692307692
0.20833333333333334
0.23076923076923078
0.2
0.2
0.2413793103448276
0.25
0.375
0.4166666666666667
0.21052631578947367
0.2
0.24
0.12
0.3448275862068966
0.25
0.16
0.4444444444444444
0.2857142857142857
0.2727272727272727
0.28
0.18181818181818182
0.28
0.16
0.2413793103448276
0.23076923076923078
0.32
0.3181818181818182
0.2857142857142857
0.19047619047619047
0.28
0.16
0.20689655172413793
0.4444444444444444
0.2608695652173913
0.18181818181818182
0.23333333333333334
0.18518518518518517
0.25925925925925924
0.4166666666666667
0.15789473684210525
0.2608695652173913
0.2727272727272727
0.28
0.2916666666666667
0.3076923076923077
0.25
0.20833333333333334
0.20833333333333334
0.20833333333333334
0.4166666666666667
0.2777777777777778
0.2857142857142857
0.2916666666666667
0.20833333333333334
0.30434782608695654
0.2222222222222222
0.25925925925925924
0.24
0.23076923076923078
0.28
0.25
0.18181818181818182
0.15384615384615385
0.25925925925925924
0.17391304347826086
0.2692307692307692
0.24
0.15384615384615385
0.3333333333333333
0.30434782608695654
0.32
0.3684210526315789
0.42857142857142855
0.25
0.375
0.13636363636363635
0.25
0.23076923076923078
0.32142857142857145
0.25
0.2916666666666667
0.21739130434782608
0.391304347826087
0.13636363636363635
0.25
0.23076923076923078
0.19230769230769232
0.3076923076923077
0.23076923076923078
0.4
0.36363636363636365
0.30434782608695654
0.2692307692307692
0.2
0.38461538461538464
0.36
0.3181818181818182
0.3181818181818182
0.20833333333333334
0.16666666666666666
0.17857142857142858
0.2
0.36666666666666664
0.20833333333333334
0.15384615384615385
0.3333333333333333
0.34782608695652173
0.3333333333333333
0.2777777777777778
0.2608695652173913
0.13043478260869565
0.10714285714285714
0.25806451612903225
0.23076923076923078
0.36
0.36
0.23809523809523808
0.32
0.17391304347826086
0.34615384615384615
0.3333333333333333
0.21739130434782608
0.17391304347826086
0.27586206896551724
0.25
0.25
0.25925925925925924
0.3076923076923077
0.23076923076923078
0.3333333333333333
0.4090909090909091
0.5
0.17647058823529413
0.23809523809523808
0.21739130434782608
0.11538461538461539
0.20689655172413793
0.1724137931034483
0.25806451612903225
0.2692307692307692
0.3076923076923077
0.4166666666666667
0.13636363636363635
0.2692307692307692
0.2
0.3333333333333333
0.2857142857142857
0.21739130434782608
0.2692307692307692
0.08333333333333333
0.21428571428571427
0.16666666666666666
0.1
0.1935483870967742
0.3
0.2857142857142857
0.391304347826087
0.25
0.2608695652173913
0.38095238095238093
0.18181818181818182
0.2
0.2857142857142857
0.24
0.2962962962962963
0.20833333333333334
0.20833333333333334
0.4166666666666667
0.2631578947368421
0.3684210526315789
0.2727272727272727
0.4
0.47619047619047616
0.23809523809523808
0.28
0.25925925925925924
0.2962962962962963
0.3076923076923077
0.25
0.2857142857142857
0.2608695652173913
0.2962962962962963
0.2692307692307692
0.28
0.16
0.32142857142857145
0.2916666666666667
0.23809523809523808
0.391304347826087
0.22727272727272727
0.22727272727272727
0.2916666666666667
0.2916666666666667
0.22727272727272727
0.32
0.34615384615384615
0.2
0.12
0.25
0.2413793103448276
0.2
0.2692307692307692
0.3333333333333333
0.13043478260869565
0.125
0.21428571428571427
0.15384615384615385
0.2857142857142857
0.25925925925925924
0.2222222222222222
0.23076923076923078
0.2608695652173913
0.23076923076923078
0.2857142857142857
0.28
0.2
0.24
0.3076923076923077
0.32
0.2
0.18181818181818182
0.36
0.23809523809523808
0.36363636363636365
0.2608695652173913
0.20833333333333334
0.391304347826087
0.28
0.36
0.13636363636363635
0.20833333333333334
0.16
0.15384615384615385
0.21428571428571427
0.3333333333333333
0.13043478260869565
0.24
0.2857142857142857
0.28
0.23076923076923078
0.19230769230769232
0.1724137931034483
0.25925925925925924
0.32
0.25
0.3333333333333333
0.25
0.2608695652173913
0.16666666666666666
0.14814814814814814
0.19230769230769232
0.22580645161290322
0.3333333333333333
0.28
0.2727272727272727
0.2692307692307692
0.2692307692307692
0.36
0.25
0.2727272727272727
0.2692307692307692
0.35714285714285715
0.36363636363636365
0.2857142857142857
0.21739130434782608
0.2692307692307692
0.34615384615384615
0.25
0.30434782608695654
0.3181818181818182
0.17391304347826086
0.24
0.2857142857142857
0.13043478260869565
0.11538461538461539
0.3333333333333333
0.2962962962962963
0.2727272727272727
0.34782608695652173
0.2
0.25
0.2608695652173913
0.34782608695652173
0.16666666666666666
0.375
0.08695652173913043
0.25
0.2
0.25925925925925924
0.20833333333333334
0.2692307692307692
0.35714285714285715
0.21739130434782608
0.2962962962962963
0.043478260869565216
0.32142857142857145
0.3076923076923077
0.16666666666666666
0.2
0.1724137931034483
0.1935483870967742
0.3103448275862069
0.2916666666666667
0.20833333333333334
0.22727272727272727
0.13043478260869565
0.2857142857142857
0.2916666666666667
0.20833333333333334
0.23076923076923078
0.35714285714285715
0.38461538461538464
0.36363636363636365
0.3333333333333333
0.30434782608695654
0.38095238095238093
0.3157894736842105
0.18181818181818182
0.2222222222222222
0.24
0.375
0.2916666666666667
0.2608695652173913
0.3076923076923077
0.15384615384615385
0.1724137931034483
0.26666666666666666
0.2962962962962963
0.3333333333333333
0.14285714285714285
0.24
0.2
0.14285714285714285
0.1935483870967742
0.20689655172413793
0.20689655172413793
0.23076923076923078
0.18518518518518517
0.27586206896551724
0.23076923076923078
0.4642857142857143
0.3684210526315789
0.4375
0.1875
0.2
0.1724137931034483
0.16666666666666666
0.2
0.14285714285714285
0.25
0.21428571428571427
0.21428571428571427
0.18518518518518517
0.16666666666666666
0.20689655172413793
0.3
0.23076923076923078
0.15384615384615385
0.32142857142857145
0.2222222222222222
0.28
0.14285714285714285
0.16
0.25925925925925924
0.3333333333333333
0.20833333333333334
0.2692307692307692
0.25
0.25
0.2962962962962963
0.1111111111111111
0.35714285714285715
0.2916666666666667
0.24
0.2962962962962963
0.21739130434782608
0.24
0.2222222222222222
0.20689655172413793
0.25
0.23076923076923078
0.4166666666666667
0.21052631578947367
0.25
0.25925925925925924
0.25925925925925924
0.32
0.22727272727272727
0.18518518518518517
0.25
0.2413793103448276
0.3333333333333333
0.24
0.3076923076923077
0.16666666666666666
0.20833333333333334
0.16
0.25
0.36
0.17391304347826086
0.24
0.32
0.28
0.12
0.20689655172413793
0.1724137931034483
0.26666666666666666
0.38461538461538464
0.17391304347826086
0.36
0.2727272727272727
0.2857142857142857
0.20833333333333334
0.32
0.22727272727272727
0.25
0.2608695652173913
0.34782608695652173
0.34782608695652173
0.23809523809523808
0.2608695652173913
0.2
0.28
0.24
0.2692307692307692
0.2692307692307692
0.4166666666666667
0.22727272727272727
0.18518518518518517
0.2857142857142857
0.25
0.18518518518518517
0.2413793103448276
0.3333333333333333
0.16
0.16
0.19230769230769232
0.14814814814814814
0.10344827586206896
0.3225806451612903
0.39285714285714285
0.34615384615384615
0.24
0.3076923076923077
0.21739130434782608
0.375
0.21739130434782608
0.23076923076923078
0.43478260869565216
0.16666666666666666
0.3076923076923077
0.2692307692307692
0.16666666666666666
0.2
0.2692307692307692
0.32
0.20833333333333334
0.19230769230769232
0.3548387096774194
0.16666666666666666
0.28
0.28
0.32
0.125
0.36666666666666664
0.18181818181818182
0.2
0.25
0.21739130434782608
0.34782608695652173
0.2916666666666667
0.3181818181818182
0.19047619047619047
0.24
0.27586206896551724
0.2727272727272727
0.2
0.1111111111111111
0.34375
0.20833333333333334
0.16
0.2962962962962963
0.28
0.4
0.22727272727272727
0.16
0.21739130434782608
0.2692307692307692
0.20833333333333334
0.2608695652173913
0.20833333333333334
0.2727272727272727
0.3076923076923077
0.24
0.3076923076923077
0.44
0.10526315789473684
0.25
0.27586206896551724
0.25
0.2962962962962963
0.2
0.4230769230769231
0.2
0.2857142857142857
0.22727272727272727
0.28
0.20833333333333334
0.21739130434782608
0.18181818181818182
0.14285714285714285
0.14285714285714285
0.3103448275862069
0.23076923076923078
0.07692307692307693
0.1724137931034483
0.20689655172413793
0.1724137931034483
0.26666666666666666
0.23076923076923078
0.2413793103448276
0.4
0.2857142857142857
0.391304347826087
0.05263157894736842
0.18518518518518517
0.3076923076923077
0.17857142857142858
0.4074074074074074
0.2727272727272727
0.14285714285714285
0.14814814814814814
0.21428571428571427
0.27586206896551724
0.18518518518518517
0.2857142857142857
0.2692307692307692
0.24
0.15384615384615385
0.2962962962962963
0.15384615384615385
0.3103448275862069
0.22580645161290322
0.2413793103448276
0.3225806451612903
0.24
0.24
0.24
0.14285714285714285
0.18518518518518517
0.19230769230769232
0.2222222222222222
0.2692307692307692
0.07692307692307693
0.3793103448275862
0.3076923076923077
0.2608695652173913
0.3181818181818182
0.15
0.2727272727272727
0.2692307692307692
0.28
0.2916666666666667
0.15384615384615385
0.32
0.3
0.2857142857142857
0.28
0.17857142857142858
0.25806451612903225
0.1724137931034483
0.21428571428571427
0.23076923076923078
0.10714285714285714
0.42857142857142855
0.3
0.18181818181818182
0.17391304347826086
0.25
0.19230769230769232
0.07407407407407407
0.34375
0.2962962962962963
0.11538461538461539
0.32142857142857145
0.17391304347826086
0.24
0.44
0.13636363636363635
0.25
0.20833333333333334
0.14814814814814814
0.2857142857142857
0.34782608695652173
0.3
0.36363636363636365
0.2631578947368421
0.4782608695652174
0.25
0.22727272727272727
0.21739130434782608
0.32
0.36
0.34782608695652173
0.13043478260869565
0.32142857142857145
0.34615384615384615
0.21739130434782608
0.23809523809523808
0.36
0.375
0.20833333333333334
0.34782608695652173
0.34615384615384615
0.17391304347826086
0.24
0.20689655172413793
0.2857142857142857
0.28
0.2692307692307692
0.19230769230769232
0.38461538461538464
0.21739130434782608
0.30434782608695654
0.2222222222222222
0.25925925925925924
0.2916666666666667
0.17391304347826086
0.20833333333333334
0.25925925925925924
0.15384615384615385
0.37037037037037035
0.16666666666666666
0.23076923076923078
0.32
0.3076923076923077
0.36
0.17391304347826086
0.21739130434782608
0.24
0.2222222222222222
0.19230769230769232
0.2
0.2222222222222222
0.4444444444444444
0.2857142857142857
0.14285714285714285
0.19230769230769232
0.2857142857142857
0.25925925925925924
0.2222222222222222
0.27586206896551724
0.36
0.2857142857142857
0.18181818181818182
0.21739130434782608
0.36
0.25
0.15384615384615385
0.07692307692307693
0.21212121212121213
0.12903225806451613
0.25
0.34615384615384615
0.2727272727272727
0.09523809523809523
0.2608695652173913
0.32
0.12
0.14285714285714285
0.20689655172413793
0.25
0.32142857142857145
0.125
0.23076923076923078
0.28
0.24
0.28
0.25
0.2608695652173913
0.16666666666666666
0.14814814814814814
0.12903225806451613
0.3548387096774194
0.2692307692307692
0.30434782608695654
0.20833333333333334
0.13043478260869565
0.2222222222222222
0.3076923076923077
0.16
0.2
0.38461538461538464
0.4090909090909091
0.13043478260869565
0.3333333333333333
0.2692307692307692
0.16666666666666666
0.2692307692307692
0.25
0.2222222222222222
0.25
0.23076923076923078
0.34615384615384615
0.22727272727272727
0.23809523809523808
0.24
0.34615384615384615
0.32
0.2608695652173913
0.28
0.3333333333333333
0.21739130434782608
0.2
0.24
0.2916666666666667
0.24
0.25925925925925924
0.2
0.27586206896551724
0.24
0.2608695652173913
0.16666666666666666
0.23076923076923078
0.23076923076923078
0.19230769230769232
0.25925925925925924
0.15384615384615385
0.13333333333333333
0.3
0.2
0.2916666666666667
0.35
0.18181818181818182
0.4074074074074074
0.28
0.20833333333333334
0.2916666666666667
0.3181818181818182
0.23809523809523808
0.16666666666666666
0.2
0.24
0.2
0.21428571428571427
0.2222222222222222
0.34615384615384615
0.2692307692307692
0.17391304347826086
0.3333333333333333
0.3103448275862069
0.30434782608695654
0.21739130434782608
0.30434782608695654
0.14285714285714285
0.21428571428571427
0.2413793103448276
0.25925925925925924
0.2962962962962963
0.38461538461538464
0.36363636363636365
0.043478260869565216
0.2413793103448276
0.25925925925925924
0.39285714285714285
0.13043478260869565
0.2
0.2413793103448276
0.3793103448275862
0.25
0.20833333333333334
0.2
0.2
0.23076923076923078
0.19230769230769232
0.3076923076923077
0.1724137931034483
0.26666666666666666
0.2857142857142857
0.36
0.20833333333333334
0.36
0.19230769230769232
0.2692307692307692
0.21739130434782608
0.23076923076923078
0.2
0.25
0.3103448275862069
0.2
0.32
0.25
0.21739130434782608
0.2
0.2962962962962963
0.17857142857142858
0.3793103448275862
0.2
0.19230769230769232
0.1111111111111111
0.22580645161290322
0.2857142857142857
0.24
0.2
0.17857142857142858
0.3333333333333333
0.25
0.2608695652173913
0.21739130434782608
0.19047619047619047
0.2727272727272727
0.2608695652173913
0.2727272727272727
0.20833333333333334
0.2222222222222222
0.3333333333333333
0.19230769230769232
0.19230769230769232
0.28
0.2692307692307692
0.28
0.20833333333333334
0.2692307692307692
0.1111111111111111
0.21428571428571427
0.25806451612903225
0.23076923076923078
0.23076923076923078
0.27586206896551724
0.34615384615384615
0.17391304347826086
0.2
0.17857142857142858
0.13793103448275862
0.26666666666666666
0.18518518518518517
0.23076923076923078
0.38461538461538464
0.16666666666666666
0.17391304347826086
0.2692307692307692
0.3448275862068966
0.16666666666666666
0.20689655172413793
0.23076923076923078
0.21428571428571427
0.25
0.21428571428571427
0.21428571428571427
0.35714285714285715
0.23076923076923078
0.17857142857142858
0.21428571428571427
0.24
0.1111111111111111
0.26666666666666666
0.2962962962962963
0.20833333333333334
0.24
0.391304347826087
0.1
0.2
0.32
0.20833333333333334
0.28
0.16666666666666666
0.18518518518518517
0.32
0.3181818181818182
0.2
0.08333333333333333
0.3
0.125
0.2857142857142857
0.17857142857142858
0.14285714285714285
0.2692307692307692
0.17857142857142858
0.28
0.38095238095238093
0.2857142857142857
0.17391304347826086
0.30434782608695654
0.32
0.2608695652173913
0.23076923076923078
0.2692307692307692
0.25
0.4
0.375
0.38095238095238093
0.15
0.2916666666666667
0.2727272727272727
0.22727272727272727
0.2857142857142857
0.23076923076923078
0.17857142857142858
0.14285714285714285
0.20689655172413793
0.3448275862068966
0.2222222222222222
0.24
0.2692307692307692
0.14285714285714285
0.2413793103448276
0.32142857142857145
0.17391304347826086
0.2916666666666667
0.16
0.2962962962962963
0.32
0.3076923076923077
0.25
0.32142857142857145
0.16666666666666666
0.2692307692307692
0.32
0.19230769230769232
0.35714285714285715
0.21739130434782608
0.30434782608695654
0.13636363636363635
0.28
0.24
0.24
0.15384615384615385
0.21428571428571427
0.13793103448275862
0.27586206896551724
0.21428571428571427
0.28
0.25
0.32
0.3333333333333333
0.2916666666666667
0.3333333333333333
0.23076923076923078
0.23076923076923078
0.3333333333333333
0.17391304347826086
0.35
0.25
0.4166666666666667
0.2727272727272727
0.30434782608695654
0.13043478260869565
0.19230769230769232
0.2962962962962963
0.25
0.38461538461538464
0.19047619047619047
0.22727272727272727
0.28
0.125
0.3103448275862069
0.24
0.25925925925925924
0.3333333333333333
0.2916666666666667
0.2
0.3333333333333333
0.25
0.2608695652173913
0.34782608695652173
0.14285714285714285
0.125
0.3333333333333333
0.15384615384615385
0.07692307692307693
0.1875
0.25806451612903225
0.25925925925925924
0.17391304347826086
0.19230769230769232
0.25925925925925924
0.10714285714285714
0.2413793103448276
0.2413793103448276
0.1111111111111111
0.26666666666666666
0.2222222222222222
0.2222222222222222
0.32142857142857145
0.21739130434782608
0.32
0.16
0.23076923076923078
0.19230769230769232
0.21875
0.2222222222222222
0.4074074074074074
0.2608695652173913
0.3333333333333333
0.34782608695652173
0.21739130434782608
0.16
0.12903225806451613
0.1935483870967742
0.25925925925925924
0.34615384615384615
0.2857142857142857
0.30434782608695654
0.17391304347826086
0.3333333333333333
0.17391304347826086
0.28
0.28
0.28
0.24
0.43478260869565216
0.25
0.2692307692307692
0.23076923076923078
0.2962962962962963
0.125
0.3448275862068966
0.25
0.24
0.2727272727272727
0.25
0.3181818181818182
0.21739130434782608
0.16
0.25925925925925924
0.25
0.2692307692307692
0.20833333333333334
0.30434782608695654
0.30434782608695654
0.15
0.22727272727272727
0.3076923076923077
0.25
0.24
0.21428571428571427
0.25
0.14814814814814814
0.32142857142857145
0.2962962962962963
0.3333333333333333
0.13636363636363635
0.25
0.34782608695652173
0.2727272727272727
0.28
0.047619047619047616
0.23076923076923078
0.35714285714285715
0.375
0.18181818181818182
0.34782608695652173
0.16666666666666666
0.1724137931034483
0.38461538461538464
0.18181818181818182
0.32142857142857145
0.2
0.28
0.2222222222222222
0.2
0.25925925925925924
0.2692307692307692
0.13043478260869565
0.38461538461538464
0.16666666666666666
0.24
0.2916666666666667
0.2692307692307692
0.2916666666666667
0.2608695652173913
0.43478260869565216
0.2222222222222222
0.2916666666666667
0.3333333333333333
0.2916666666666667
0.21739130434782608
0.25
0.23076923076923078
0.28
0.16666666666666666
0.3225806451612903
0.2692307692307692
0.24
0.2608695652173913
0.13636363636363635
0.12
0.21428571428571427
0.2857142857142857
0.12
0.2962962962962963
0.28
0.22727272727272727
0.11538461538461539
0.11538461538461539
0.25925925925925924
0.23076923076923078
0.25
0.2
0.24
0.20833333333333334
0.25
0.2962962962962963
0.28
0.2608695652173913
0.30434782608695654
0.19047619047619047
0.21739130434782608
0.375
0.2916666666666667
0.24
0.3181818181818182
0.13043478260869565
0.23076923076923078
0.25925925925925924
0.24
0.25
0.18518518518518517
0.1724137931034483
0.15384615384615385
0.2413793103448276
0.13333333333333333
0.2
0.23333333333333334
0.18518518518518517
0.27586206896551724
0.23076923076923078
0.13043478260869565
0.3076923076923077
0.2608695652173913
0.36
0.3181818181818182
0.19047619047619047
0.14814814814814814
0.16666666666666666
0.21212121212121213
0.1935483870967742
0.21428571428571427
0.2962962962962963
0.2916666666666667
0.21739130434782608
0.17391304347826086
0.2692307692307692
0.25
0.25
0.37037037037037035
0.391304347826087
0.09523809523809523
0.2
0.2
0.25
0.25925925925925924
0.25
0.2857142857142857
0.22727272727272727
0.23076923076923078
0.27586206896551724
0.32
0.2692307692307692
0.2692307692307692
0.24
0.3076923076923077
0.17391304347826086
0.25925925925925924
0.18518518518518517
0.2962962962962963
0.20833333333333334
0.18181818181818182
0.16
0.34615384615384615
0.2608695652173913
0.3333333333333333
0.3181818181818182
0.16
0.2
0.32142857142857145
0.3333333333333333
0.22727272727272727
0.3076923076923077
0.34615384615384615
0.34782608695652173
0.2
0.3333333333333333
0.21739130434782608
0.21428571428571427
0.2222222222222222
0.34615384615384615
0.36363636363636365
0.18181818181818182
0.21739130434782608
0.2962962962962963
0.2916666666666667
0.3333333333333333
0.21739130434782608
0.3333333333333333
0.3333333333333333
0.30434782608695654
0.36363636363636365
0.2608695652173913
0.36363636363636365
0.16666666666666666
0.28
0.2962962962962963
0.2916666666666667
0.2608695652173913
0.375
0.2727272727272727
0.18181818181818182
0.2916666666666667
0.2608695652173913
0.13043478260869565
0.14814814814814814
0.32142857142857145
0.3333333333333333
0.3333333333333333
0.3333333333333333
0.36
0.30434782608695654
0.18181818181818182
0.25
0.2962962962962963
0.30434782608695654
0.32
0.18181818181818182
0.2692307692307692
0.21739130434782608
0.10714285714285714
0.22580645161290322
0.26666666666666666
0.21428571428571427
0.18518518518518517
0.24
0.16666666666666666
0.25925925925925924
0.2692307692307692
0.36
0.3181818181818182
0.22727272727272727
0.34782608695652173
0.17391304347826086
0.20833333333333334
0.17857142857142858
0.2413793103448276
0.3076923076923077
0.21739130434782608
0.2413793103448276
0.3103448275862069
0.19230769230769232
0.25925925925925924
0.21739130434782608
0.21739130434782608
0.25
0.32
0.20833333333333334
0.2222222222222222
0.28
0.36
0.1111111111111111
0.18181818181818182
0.28
0.15384615384615385
0.25925925925925924
0.25925925925925924
0.4074074074074074
0.45454545454545453
0.2857142857142857
0.22727272727272727
0.21052631578947367
0.16666666666666666
0.2222222222222222
0.2857142857142857
0.32142857142857145
0.19230769230769232
0.27586206896551724
0.34615384615384615
0.20833333333333334
0.32
0.2608695652173913
0.17391304347826086
0.28
0.2692307692307692
0.22727272727272727
0.24
0.25925925925925924
0.21739130434782608
0.23076923076923078
0.28
0.16666666666666666
0.21428571428571427
0.25925925925925924
0.32142857142857145
0.21739130434782608
0.2962962962962963
0.28
0.24
0.3076923076923077
0.3181818181818182
0.2727272727272727
0.23076923076923078
0.08
0.2903225806451613
0.18518518518518517
0.2857142857142857
0.2692307692307692
0.2692307692307692
0.30434782608695654
0.3
0.25
0.23076923076923078
0.2916666666666667
0.19230769230769232
0.2222222222222222
0.25925925925925924
0.21739130434782608
0.23809523809523808
0.2608695652173913
0.2916666666666667
0.3333333333333333
0.2608695652173913
0.24
0.23076923076923078
0.2222222222222222
0.14814814814814814
0.25
0.2692307692307692
0.2608695652173913
0.24
0.3333333333333333
0.20833333333333334
0.08333333333333333
0.27586206896551724
0.14285714285714285
0.32142857142857145
0.37037037037037035
0.18181818181818182
0.2
0.23076923076923078
0.25925925925925924
0.20689655172413793
0.2962962962962963
0.25925925925925924
0.27586206896551724
0.2692307692307692
0.30434782608695654
0.2
0.2
0.25925925925925924
0.23076923076923078
0.2962962962962963
0.3181818181818182
0.2
0.24
0.3333333333333333
0.08695652173913043
0.38461538461538464
0.3181818181818182
0.23809523809523808
0.19047619047619047
0.17391304347826086
0.23076923076923078
0.14814814814814814
0.25
0.24
0.2727272727272727
0.2
0.34615384615384615
0.25
0.2962962962962963
0.21739130434782608
0.2916666666666667
0.2916666666666667
0.16666666666666666
0.32142857142857145
0.3181818181818182
0.22727272727272727
0.38461538461538464
0.3333333333333333
0.21052631578947367
0.2962962962962963
0.125
0.3333333333333333
0.2631578947368421
0.2
0.24
0.24
0.23076923076923078
0.21428571428571427
0.27586206896551724
0.3076923076923077
0.22727272727272727
0.21739130434782608
0.16
0.25925925925925924
0.2692307692307692
0.24
0.2608695652173913
0.20833333333333334
0.38461538461538464
0.2857142857142857
0.30434782608695654
0.34782608695652173
0.35714285714285715
0.2222222222222222
0.2962962962962963
0.3181818181818182
0.4090909090909091
0.23529411764705882
0.25
0.20833333333333334
0.18518518518518517
0.20689655172413793
0.32142857142857145
0.2608695652173913
0.3333333333333333
0.2608695652173913
0.32
0.19230769230769232
0.14814814814814814
0.2692307692307692
0.25
0.21739130434782608
0.2857142857142857
0.36
0.08333333333333333
0.2692307692307692
0.32142857142857145
0.25
0.43478260869565216
0.19047619047619047
0.20833333333333334
0.2222222222222222
0.2222222222222222
0.17857142857142858
0.2222222222222222
0.08
0.22580645161290322
0.32142857142857145
0.16
0.24
0.2916666666666667
0.2608695652173913
0.14285714285714285
0.25925925925925924
0.25
0.25
0.24
0.2962962962962963
0.23076923076923078
0.2222222222222222
0.2
0.19230769230769232
0.2222222222222222
0.2962962962962963
0.2692307692307692
0.2857142857142857
0.375
0.19047619047619047
0.3076923076923077
0.08333333333333333
0.19230769230769232
0.25925925925925924
0.35714285714285715
0.13043478260869565
0.2222222222222222
0.15384615384615385
0.28
0.30434782608695654
0.25
0.28
0.20833333333333334
0.36
0.3333333333333333
0.25
0.2692307692307692
0.2
0.19230769230769232
0.25
0.25925925925925924
0.42857142857142855
0.14285714285714285
0.3181818181818182
0.16666666666666666
0.3076923076923077
0.17391304347826086
0.125
0.23333333333333334
0.1935483870967742
0.20689655172413793
0.3103448275862069
0.28
0.13636363636363635
0.3076923076923077
0.23076923076923078
0.23076923076923078
0.3
0.16
0.28
0.14814814814814814
0.35714285714285715
0.34615384615384615
0.24
0.24
0.23076923076923078
0.3333333333333333
0.32
0.22727272727272727
0.2
0.125
0.2
0.25
0.3076923076923077
0.2413793103448276
0.25925925925925924
0.125
0.2
0.24
0.25925925925925924
0.32
0.30434782608695654
0.3181818181818182
0.28
0.34782608695652173
0.3333333333333333
0.19047619047619047
0.22727272727272727
0.18181818181818182
0.30434782608695654
0.14285714285714285
0.23076923076923078
0.32
0.21739130434782608
0.2727272727272727
0.35
0.34615384615384615
0.38095238095238093
0.36363636363636365
0.2
0.27586206896551724
0.23076923076923078
0.21428571428571427
0.27586206896551724
0.23076923076923078
0.44
0.05555555555555555
0.2692307692307692
0.23076923076923078
0.14285714285714285
0.17857142857142858
0.2692307692307692
0.19230769230769232
0.27586206896551724
0.25925925925925924
0.20833333333333334
0.18518518518518517
0.2
0.3103448275862069
0.21739130434782608
0.2916666666666667
0.20833333333333334
0.25925925925925924
0.34782608695652173
0.16666666666666666
0.25
0.2962962962962963
0.2916666666666667
0.21739130434782608
0.20833333333333334
0.3181818181818182
0.2857142857142857
0.2
0.25
0.3333333333333333
0.2
0.25
0.2962962962962963
0.2857142857142857
0.21428571428571427
0.34615384615384615
0.14285714285714285
0.3333333333333333
0.30434782608695654
0.11538461538461539
0.3
0.24
0.34615384615384615
0.35
0.3157894736842105
0.3181818181818182
0.2916666666666667
0.32
0.20833333333333334
0.20833333333333334
0.2222222222222222
0.35714285714285715
0.3181818181818182
0.2
0.3076923076923077
0.19047619047619047
0.32
0.28
0.15384615384615385
0.26666666666666666
0.32
0.16666666666666666
0.25
0.2222222222222222
0.24
0.14814814814814814
0.26666666666666666
0.0
0.1935483870967742
0.3448275862068966
0.21739130434782608
0.18181818181818182
0.28
0.2692307692307692
0.2222222222222222
0.2222222222222222
0.25
0.36
0.24
0.14814814814814814
0.19230769230769232
0.20689655172413793
0.2857142857142857
0.38461538461538464
0.2727272727272727
0.13043478260869565
0.35714285714285715
0.22727272727272727
0.16
0.32142857142857145
0.19230769230769232
0.19230769230769232
0.23076923076923078
0.3076923076923077
0.34782608695652173
0.35
0.22727272727272727
0.16666666666666666
0.24
0.2916666666666667
0.16666666666666666
0.20833333333333334
0.26666666666666666
0.25
0.15384615384615385
0.11538461538461539
0.3333333333333333
0.21739130434782608
0.28
0.2916666666666667
0.2916666666666667
0.25
0.2692307692307692
0.24
0.3333333333333333
0.36
0.2608695652173913
0.2916666666666667
0.2857142857142857
0.25
0.27586206896551724
0.23076923076923078
0.24
0.4166666666666667
0.2727272727272727
0.3181818181818182
0.2916666666666667
0.375
0.2857142857142857
0.20833333333333334
0.125
0.4074074074074074
0.2608695652173913
0.18181818181818182
0.34782608695652173
0.23076923076923078
0.25925925925925924
0.2
0.2608695652173913
0.22727272727272727
0.2
0.25
0.07692307692307693
0.13333333333333333
0.20689655172413793
0.07692307692307693
0.3333333333333333
0.2
0.20833333333333334
0.36
0.21739130434782608
0.28
0.35714285714285715
0.2608695652173913
0.17391304347826086
0.36
0.20833333333333334
0.30434782608695654
0.32
0.11538461538461539
0.2413793103448276
0.2962962962962963
0.24
0.25
0.4166666666666667
0.2608695652173913
0.32
0.35
0.3333333333333333
0.4166666666666667
0.1
0.28
0.19230769230769232
0.25925925925925924
0.30434782608695654
0.24
0.2608695652173913
0.2692307692307692
0.13043478260869565
0.2222222222222222
0.2962962962962963
0.20833333333333334
0.24
0.22727272727272727
0.2916666666666667
0.391304347826087
0.23809523809523808
0.3076923076923077
0.4
0.21739130434782608
0.3181818181818182
0.4
0.16666666666666666
0.28
0.30434782608695654
0.20833333333333334
0.19230769230769232
0.25
0.23076923076923078
0.36
0.24
0.18181818181818182
0.3076923076923077
0.2857142857142857
0.25925925925925924
0.4166666666666667
0.22727272727272727
0.23809523809523808
0.38095238095238093
0.2857142857142857
0.2
0.25
0.3333333333333333
0.23076923076923078
0.20833333333333334
0.2857142857142857
0.37037037037037035
0.25
0.09090909090909091
0.2222222222222222
0.23333333333333334
0.2692307692307692
0.3333333333333333
0.2631578947368421
0.3076923076923077
0.17391304347826086
0.28
0.3076923076923077
0.21739130434782608
0.2222222222222222
0.24
0.17857142857142858
0.3
0.25925925925925924
0.2222222222222222
0.32
0.21739130434782608
0.25
0.17391304347826086
0.20833333333333334
0.3333333333333333
0.23809523809523808
0.30434782608695654
0.2727272727272727
0.21739130434782608
0.13333333333333333
0.25
0.3333333333333333
0.15789473684210525
0.16666666666666666
0.15384615384615385
0.25925925925925924
0.19230769230769232
0.35714285714285715
0.21739130434782608
0.23076923076923078
0.2916666666666667
0.2692307692307692
0.25925925925925924
0.14814814814814814
0.32142857142857145
0.24
0.25925925925925924
0.23076923076923078
0.18518518518518517
0.21428571428571427
0.25
0.14814814814814814
0.25806451612903225
0.2903225806451613
0.34615384615384615
0.2727272727272727
0.2916666666666667
0.34782608695652173
0.25
0.22727272727272727
0.25
0.3333333333333333
0.23076923076923078
0.20833333333333334
0.21428571428571427
0.25
0.21428571428571427
0.2857142857142857
0.24
0.18518518518518517
0.4444444444444444
0.25
0.34615384615384615
0.19047619047619047
0.2222222222222222
0.18518518518518517
0.2857142857142857
0.25925925925925924
0.19230769230769232
0.2692307692307692
0.21739130434782608
0.3333333333333333
0.21739130434782608
0.16666666666666666
0.2692307692307692
0.19047619047619047
0.18518518518518517
0.2692307692307692
0.15384615384615385
0.37037037037037035
0.19047619047619047
0.28
0.2916666666666667
0.375
0.13043478260869565
0.4
0.34782608695652173
0.16666666666666666
0.25925925925925924
0.2692307692307692
0.28
0.24
0.23076923076923078
0.18518518518518517
0.32142857142857145
0.14285714285714285
0.1935483870967742
0.22580645161290322
0.25
0.23076923076923078
0.32142857142857145
0.28
0.20833333333333334
0.23076923076923078
0.36
0.2
0.2
0.2962962962962963
0.2222222222222222
0.17857142857142858
0.2413793103448276
0.2962962962962963
0.37037037037037035
0.35
0.21052631578947367
0.18181818181818182
0.1111111111111111
0.23333333333333334
0.3333333333333333
0.30434782608695654
0.13636363636363635
0.12
0.25
0.15384615384615385
0.23333333333333334
0.35714285714285715
0.22727272727272727
0.15384615384615385
0.3793103448275862
0.13043478260869565
0.18518518518518517
0.14285714285714285
0.25
0.2857142857142857
0.23076923076923078
0.2222222222222222
0.32
0.2916666666666667
0.22727272727272727
0.15384615384615385
0.25
0.48
0.2857142857142857
0.28
0.3076923076923077
0.2608695652173913
0.2916666666666667
0.3181818181818182
0.22727272727272727
0.32
0.32
0.2916666666666667
0.2916666666666667
0.17391304347826086
0.19230769230769232
0.125
0.25
0.2413793103448276
0.24
0.24
0.2962962962962963
0.16
0.21428571428571427
0.14285714285714285
0.23333333333333334
0.32142857142857145
0.3076923076923077
0.20833333333333334
0.2727272727272727
0.2916666666666667
0.15
0.3333333333333333
0.2692307692307692
0.36
0.2857142857142857
0.28
0.24
0.34782608695652173
0.22727272727272727
0.18181818181818182
0.22727272727272727
0.42857142857142855
0.19047619047619047
0.2692307692307692
0.24
0.2962962962962963
0.38461538461538464
0.2916666666666667
0.21739130434782608
0.3333333333333333
0.2608695652173913
0.25
0.30434782608695654
0.22727272727272727
0.32
0.20833333333333334
0.07692307692307693
0.22580645161290322
0.3548387096774194
0.19230769230769232
0.16
0.16666666666666666
0.2903225806451613
0.2692307692307692
0.2916666666666667
0.25
0.041666666666666664
0.32142857142857145
0.32
0.38095238095238093
0.3181818181818182
0.25
0.24
0.34615384615384615
0.16666666666666666
0.41379310344827586
0.18181818181818182
0.2
0.2692307692307692
0.2222222222222222
0.18518518518518517
0.24
0.4090909090909091
0.45
0.35
0.20833333333333334
0.19230769230769232
0.3793103448275862
0.25
0.19230769230769232
0.19230769230769232
0.2916666666666667
0.16666666666666666
0.3076923076923077
0.4074074074074074
0.15789473684210525
0.18181818181818182
0.32142857142857145
0.2962962962962963
0.21739130434782608
0.2608695652173913
0.09090909090909091
0.2413793103448276
0.23076923076923078
0.17391304347826086
0.19230769230769232
0.2413793103448276
0.23076923076923078
0.24
0.3
0.28
0.16
0.20833333333333334
0.2916666666666667
0.2727272727272727
0.34782608695652173
0.19047619047619047
0.3333333333333333
0.3333333333333333
0.2
0.2
0.19230769230769232
0.14814814814814814
0.32142857142857145
0.30434782608695654
0.28
0.43478260869565216
0.375
0.36363636363636365
0.2608695652173913
0.22727272727272727
0.17391304347826086
0.18518518518518517
0.28
0.18518518518518517
0.25
0.14814814814814814
0.2857142857142857
0.24
0.15384615384615385
0.23333333333333334
0.21428571428571427
0.26666666666666666
0.23076923076923078
0.3076923076923077
0.32
0.36
0.16
0.32142857142857145
0.45454545454545453
0.2777777777777778
0.30434782608695654
0.14285714285714285
0.14285714285714285
0.2
0.37037037037037035
0.2857142857142857
0.23809523809523808
0.30434782608695654
0.16666666666666666
0.15384615384615385
0.2413793103448276
0.25925925925925924
0.2857142857142857
0.34782608695652173
0.2
0.2
0.3
0.2692307692307692
0.3333333333333333
0.14285714285714285
0.16666666666666666
0.2222222222222222
0.12
0.2222222222222222
0.3076923076923077
0.2222222222222222
0.11538461538461539
0.16129032258064516
0.25
0.27586206896551724
0.28
0.19047619047619047
0.34782608695652173
0.15
0.18181818181818182
0.34615384615384615
0.28
0.25
0.20833333333333334
0.25925925925925924
0.28
0.2692307692307692
0.25
0.25
0.17391304347826086
0.25925925925925924
0.32
0.17391304347826086
0.08333333333333333
0.25
0.25
0.23076923076923078
0.28
0.375
0.35
0.25
0.23076923076923078
0.35714285714285715
0.4
0.21052631578947367
0.24
0.2857142857142857
0.16
0.3103448275862069
0.19230769230769232
0.18518518518518517
0.25
0.2962962962962963
0.25
0.20833333333333334
0.23076923076923078
0.34615384615384615
0.5
0.29411764705882354
0.2608695652173913
0.36
0.3181818181818182
0.16
0.18518518518518517
0.16666666666666666
0.14285714285714285
0.20689655172413793
0.3448275862068966
0.17391304347826086
0.24
0.2692307692307692
0.2962962962962963
0.2222222222222222
0.35714285714285715
0.44
0.19047619047619047
0.25
0.2692307692307692
0.17391304347826086
0.2413793103448276
0.32
0.25
0.28
0.30434782608695654
0.3333333333333333
0.13043478260869565
0.23076923076923078
0.25
0.2222222222222222
0.24
0.21428571428571427
0.21428571428571427
0.2
0.18518518518518517
0.25925925925925924
0.23076923076923078
0.2222222222222222
0.2222222222222222
0.32142857142857145
0.36
0.14285714285714285
0.375
0.18181818181818182
0.2692307692307692
0.2916666666666667
0.32
0.13636363636363635
0.2
0.3103448275862069
0.15384615384615385
0.2857142857142857
0.24
0.21428571428571427
0.16
0.3076923076923077
0.2692307692307692
0.2692307692307692
0.28
0.18518518518518517
0.35714285714285715
0.09523809523809523
0.08695652173913043
0.2962962962962963
0.18518518518518517
0.21428571428571427
0.3793103448275862
0.38461538461538464
0.3181818181818182
0.23076923076923078
0.2962962962962963
0.2608695652173913
0.13636363636363635
0.23076923076923078
0.24
0.23333333333333334
0.2857142857142857
0.2727272727272727
0.2222222222222222
0.20689655172413793
0.2857142857142857
0.24
0.2
0.2692307692307692
0.08695652173913043
0.2962962962962963
0.18181818181818182
0.16666666666666666
0.2413793103448276
0.27586206896551724
0.32142857142857145
0.16666666666666666
0.2
0.25925925925925924
0.32
0.2608695652173913
0.32
0.2916666666666667
0.2916666666666667
0.25
0.21739130434782608
0.3333333333333333
0.2692307692307692
0.32
0.25
0.23076923076923078
0.2692307692307692
0.24
0.045454545454545456
0.19230769230769232
0.1724137931034483
0.2903225806451613
0.2222222222222222
0.28
0.4166666666666667
0.25
0.22727272727272727
0.35714285714285715
0.25
0.25
0.32
0.16
0.24
0.3076923076923077
0.23076923076923078
0.38461538461538464
0.28
0.30434782608695654
0.35
0.2857142857142857
0.17391304347826086
0.2222222222222222
0.2222222222222222
0.35714285714285715
0.2
0.32
0.32
0.23076923076923078
0.3076923076923077
0.12
0.18518518518518517
0.2222222222222222
0.13793103448275862
0.36666666666666664
0.24
0.36
0.16666666666666666
0.25
0.23076923076923078
0.35714285714285715
0.21428571428571427
0.27586206896551724
0.19230769230769232
0.23076923076923078
0.3333333333333333
0.34782608695652173
0.391304347826087
0.15789473684210525
0.25
0.25
0.24
0.2222222222222222
0.16
0.25925925925925924
0.2692307692307692
0.2
0.20833333333333334
0.23076923076923078
0.2962962962962963
0.16666666666666666
0.36
0.2857142857142857
0.18181818181818182
0.3076923076923077
0.32
0.2727272727272727
0.18181818181818182
0.2222222222222222
0.15384615384615385
0.1724137931034483
0.21428571428571427
0.2857142857142857
0.25
0.25925925925925924
0.11538461538461539
0.2857142857142857
0.19230769230769232
0.15384615384615385
0.07142857142857142
0.23333333333333334
0.22580645161290322
0.25806451612903225
0.35714285714285715
0.2916666666666667
0.391304347826087
0.2631578947368421
0.25925925925925924
0.18518518518518517
0.25
0.2962962962962963
0.3333333333333333
0.22727272727272727
0.3076923076923077
0.30434782608695654
0.3333333333333333
0.09523809523809523
0.2692307692307692
0.2
0.2962962962962963
0.25
0.3333333333333333
0.21739130434782608
0.375
0.19047619047619047
0.34782608695652173
0.2222222222222222
0.375
0.2916666666666667
0.3181818181818182
0.18181818181818182
0.34615384615384615
0.2222222222222222
0.2962962962962963
0.32
0.16666666666666666
0.2
0.23076923076923078
0.2
0.4230769230769231
0.23809523809523808
0.2962962962962963
0.25
0.17391304347826086
0.2608695652173913
0.25
0.21739130434782608
0.24
0.14814814814814814
0.3793103448275862
0.3181818181818182
0.3333333333333333
0.19230769230769232
0.2857142857142857
0.18518518518518517
0.25
0.23076923076923078
0.16666666666666666
0.32142857142857145
0.23076923076923078
0.24
0.25
0.20833333333333334
0.2
0.2857142857142857
0.2692307692307692
0.28
0.24
0.25
0.16666666666666666
0.20689655172413793
0.25
0.25925925925925924
0.2
0.16
0.25
0.3103448275862069
0.2916666666666667
0.2916666666666667
0.18181818181818182
0.16
0.2
0.2857142857142857
0.2692307692307692
0.2
0.3103448275862069
0.18518518518518517
0.2962962962962963
0.16666666666666666
0.2222222222222222
0.17857142857142858
0.25806451612903225
0.17857142857142858
0.37037037037037035
0.25
0.2
0.11538461538461539
0.3103448275862069
0.25
0.2962962962962963
0.36
0.24
0.15384615384615385
0.15384615384615385
0.19230769230769232
0.23076923076923078
0.23076923076923078
0.20833333333333334
0.2222222222222222
0.375
0.3684210526315789
0.25
0.043478260869565216
0.21428571428571427
0.2413793103448276
0.2222222222222222
0.25
0.2222222222222222
0.3793103448275862
0.25
0.28
0.36
0.34782608695652173
0.25
0.21739130434782608
0.17391304347826086
0.16666666666666666
0.24
0.18518518518518517
0.17857142857142858
0.1935483870967742
0.2413793103448276
0.27586206896551724
0.20833333333333334
0.25925925925925924
0.21428571428571427
0.25
0.24
0.20833333333333334
0.2916666666666667
0.2857142857142857
0.2727272727272727
0.24
0.25
0.25925925925925924
0.3333333333333333
0.3333333333333333
0.2727272727272727
0.25
0.28
0.21739130434782608
0.2962962962962963
0.3076923076923077
0.34782608695652173
0.2916666666666667
0.16666666666666666
0.16
0.3103448275862069
0.18518518518518517
0.4074074074074074
0.3181818181818182
0.2
0.34615384615384615
0.25925925925925924
0.18181818181818182
0.32
0.32
0.30434782608695654
0.2608695652173913
0.24
0.2962962962962963
0.14814814814814814
0.1935483870967742
0.2857142857142857
0.25
0.2727272727272727
0.2692307692307692
0.36
0.17391304347826086
0.30434782608695654
0.2
0.22727272727272727
0.25
0.23076923076923078
0.2916666666666667
0.2608695652173913
0.20833333333333334
0.22727272727272727
0.2962962962962963
0.25
0.43478260869565216
0.15789473684210525
0.24
0.25
0.2608695652173913
0.30434782608695654
0.25
0.10714285714285714
0.3235294117647059
0.3103448275862069
0.2
0.16
0.2857142857142857
0.2
0.2916666666666667
0.2608695652173913
0.23076923076923078
0.14285714285714285
0.2962962962962963
0.25925925925925924
0.21739130434782608
0.16
0.26666666666666666
0.2413793103448276
0.23333333333333334
0.32142857142857145
0.18181818181818182
0.23076923076923078
0.23076923076923078
0.2
0.25925925925925924
0.4074074074074074
0.45454545454545453
0.42105263157894735
0.2631578947368421
0.3
0.34615384615384615
0.2
0.24
0.24
0.2
0.2692307692307692
0.24
0.38461538461538464
0.30434782608695654
0.17391304347826086
0.2916666666666667
0.16666666666666666
0.3103448275862069
0.25
0.18518518518518517
0.28
0.13636363636363635
0.2916666666666667
0.2608695652173913
0.4
0.18181818181818182
0.25925925925925924
0.25
0.2
0.36
0.20833333333333334
0.25
0.3333333333333333
0.36363636363636365
0.2727272727272727
0.25
0.20833333333333334
0.32
0.15384615384615385
0.125
0.1724137931034483
0.24242424242424243
0.1724137931034483
0.2903225806451613
0.38461538461538464
0.36
0.2
0.28
0.2222222222222222
0.2962962962962963
0.25
0.28
0.3076923076923077
0.19230769230769232
0.14814814814814814
0.25925925925925924
0.27586206896551724
0.32
0.28
0.2916666666666667
0.24
0.2692307692307692
0.2
0.24
0.34615384615384615
0.2857142857142857
0.36
0.12
0.26666666666666666
0.25
0.2962962962962963
0.2692307692307692
0.34615384615384615
0.34782608695652173
0.42105263157894735
0.3157894736842105
0.17391304347826086
0.2916666666666667
0.21739130434782608
0.25
0.2692307692307692
0.3103448275862069
0.2608695652173913
0.22727272727272727
0.43478260869565216
0.15
0.2
0.2
0.19230769230769232
0.2692307692307692
0.23076923076923078
0.25
0.13333333333333333
0.21212121212121213
0.25925925925925924
0.24
0.20833333333333334
0.22580645161290322
0.18518518518518517
0.27586206896551724
0.2962962962962963
0.3333333333333333
0.42857142857142855
0.17647058823529413
0.21739130434782608
0.3076923076923077
0.25
0.18518518518518517
0.3076923076923077
0.20833333333333334
0.25925925925925924
0.2916666666666667
0.375
0.21052631578947367
0.34782608695652173
0.2857142857142857
0.25
0.2962962962962963
0.28
0.32
0.30434782608695654
0.28
0.23076923076923078
0.2413793103448276
0.15384615384615385
0.20689655172413793
0.2413793103448276
0.25925925925925924
0.23076923076923078
0.3076923076923077
0.28
0.3076923076923077
0.21739130434782608
0.25
0.18518518518518517
0.35714285714285715
0.34782608695652173
0.20833333333333334
0.16666666666666666
0.19230769230769232
0.11538461538461539
0.37037037037037035
0.2916666666666667
0.34782608695652173
0.20833333333333334
0.3076923076923077
0.2608695652173913
0.23809523809523808
0.38461538461538464
0.21739130434782608
0.3076923076923077
0.3333333333333333
0.30434782608695654
0.25
0.19047619047619047
0.25
0.125
0.17857142857142858
0.20689655172413793
0.25925925925925924
0.20689655172413793
0.17857142857142858
0.14285714285714285
0.14814814814814814
0.21428571428571427
0.28
0.14814814814814814
0.25925925925925924
0.18518518518518517
0.32142857142857145
0.2222222222222222
0.32
0.42857142857142855
0.21052631578947367
0.4090909090909091
0.3
0.22727272727272727
0.34782608695652173
0.36363636363636365
0.2608695652173913
0.2608695652173913
0.16666666666666666
0.17857142857142858
0.2962962962962963
0.2727272727272727
0.20833333333333334
0.25
0.25925925925925924
0.17391304347826086
0.2
0.2857142857142857
0.30434782608695654
0.2727272727272727
0.08
0.41379310344827586
0.2916666666666667
0.18518518518518517
0.2857142857142857
0.25925925925925924
0.2608695652173913
0.25
0.32
0.23076923076923078
0.25925925925925924
0.46153846153846156
0.21739130434782608
0.23076923076923078
0.20833333333333334
0.2962962962962963
0.20833333333333334
0.2857142857142857
0.19047619047619047
0.25
0.14814814814814814
0.3333333333333333
0.16
0.32
0.25925925925925924
0.18518518518518517
0.23076923076923078
0.2413793103448276
0.2903225806451613
0.375
0.21052631578947367
0.25
0.15384615384615385
0.15384615384615385
0.23076923076923078
0.28
0.2962962962962963
0.30434782608695654
0.13043478260869565
0.3448275862068966
0.25
0.32
0.08695652173913043
0.23333333333333334
0.3103448275862069
0.18518518518518517
0.3333333333333333
0.28
0.2608695652173913
0.42857142857142855
0.2777777777777778
0.2222222222222222
0.38461538461538464
0.2692307692307692
0.32142857142857145
0.22727272727272727
0.2857142857142857
0.24
0.4
0.2916666666666667
0.43478260869565216
0.34782608695652173
0.3333333333333333
0.32
0.23809523809523808
0.2
0.23076923076923078
0.3
0.16666666666666666
0.28
0.18181818181818182
0.32
0.19230769230769232
0.2413793103448276
0.2857142857142857
0.25925925925925924
0.3333333333333333
0.20833333333333334
0.21739130434782608
0.34615384615384615
0.17391304347826086
0.16666666666666666
0.25
0.2916666666666667
0.2916666666666667
0.36
0.2608695652173913
0.22727272727272727
0.125
0.06896551724137931
0.23333333333333334
0.2857142857142857
0.35714285714285715
0.18181818181818182
0.19230769230769232
0.1
0.25
0.2222222222222222
0.2692307692307692
0.3333333333333333
0.2727272727272727
0.38095238095238093
