Overall Mean: 0.25252167156018407
0.22857142857142856
0.3333333333333333
0.2647058823529412
0.2702702702702703
0.17142857142857143
0.2702702702702703
0.2894736842105263
0.2727272727272727
0.2727272727272727
0.1935483870967742
0.3076923076923077
0.30303030303030304
0.32142857142857145
0.2413793103448276
0.15151515151515152
0.2631578947368421
0.28125
0.28125
0.30303030303030304
0.3448275862068966
0.26666666666666666
0.21875
0.24242424242424243
0.34285714285714286
0.14285714285714285
0.24242424242424243
0.3125
0.23333333333333334
0.2647058823529412
0.25
0.30303030303030304
0.06666666666666667
0.2222222222222222
0.2647058823529412
0.2727272727272727
0.15625
0.25
0.2647058823529412
0.22857142857142856
0.20512820512820512
0.2894736842105263
0.3125
0.25
0.20588235294117646
0.2647058823529412
0.2903225806451613
0.21212121212121213
0.30303030303030304
0.1875
0.25
0.2777777777777778
0.22857142857142856
0.29411764705882354
0.23529411764705882
0.20588235294117646
0.2222222222222222
0.2631578947368421
0.2571428571428571
0.24324324324324326
0.2727272727272727
0.21621621621621623
0.2571428571428571
0.3333333333333333
0.21212121212121213
0.24324324324324326
0.23529411764705882
0.34285714285714286
0.3548387096774194
0.3225806451612903
0.25806451612903225
0.2857142857142857
0.18181818181818182
0.17647058823529413
0.18421052631578946
0.2631578947368421
0.24242424242424243
0.17142857142857143
0.35135135135135137
0.29411764705882354
0.13333333333333333
0.2727272727272727
0.12121212121212122
0.2564102564102564
0.35135135135135137
0.26666666666666666
0.3870967741935484
0.16666666666666666
0.21212121212121213
0.2972972972972973
0.21875
0.3939393939393939
0.23333333333333334
0.24242424242424243
0.37142857142857144
0.27586206896551724
0.21875
0.2222222222222222
0.2631578947368421
0.28125
0.1875
0.25
0.3870967741935484
0.1875
0.23529411764705882
0.21212121212121213
0.30303030303030304
0.28125
0.2
0.24242424242424243
0.17647058823529413
0.21875
0.21212121212121213
0.20588235294117646
0.2222222222222222
0.24242424242424243
0.3125
0.24242424242424243
0.17647058823529413
0.1891891891891892
0.2571428571428571
0.29411764705882354
0.22580645161290322
0.3142857142857143
0.28125
0.29411764705882354
0.22857142857142856
0.23529411764705882
0.34375
0.25806451612903225
0.1935483870967742
0.25
0.16666666666666666
0.2
0.2222222222222222
0.21621621621621623
0.32432432432432434
0.28125
0.21212121212121213
0.22857142857142856
0.32432432432432434
0.21875
0.20588235294117646
0.19444444444444445
0.2
0.25
0.2857142857142857
0.22580645161290322
0.23684210526315788
0.2571428571428571
0.2647058823529412
0.2571428571428571
0.25
0.21212121212121213
0.2647058823529412
0.16666666666666666
0.21621621621621623
0.3142857142857143
0.25
0.29411764705882354
0.40625
0.3103448275862069
0.1935483870967742
0.2647058823529412
0.17142857142857143
0.3333333333333333
0.24242424242424243
0.20588235294117646
0.38235294117647056
0.2413793103448276
0.24242424242424243
0.3125
0.1935483870967742
0.2647058823529412
0.17142857142857143
0.23529411764705882
0.21875
0.3333333333333333
0.3225806451612903
0.3
0.24242424242424243
0.3055555555555556
0.14705882352941177
0.22857142857142856
0.34285714285714286
0.21428571428571427
0.14285714285714285
0.22857142857142856
0.22857142857142856
0.2727272727272727
0.40625
0.23333333333333334
0.26666666666666666
0.2647058823529412
0.2727272727272727
0.23529411764705882
0.3142857142857143
0.25
0.25
0.25
0.25
0.4
0.25
0.3142857142857143
0.25
0.25806451612903225
0.25
0.20588235294117646
0.2857142857142857
0.21212121212121213
0.24242424242424243
0.25
0.2903225806451613
0.1875
0.18181818181818182
0.28125
0.23529411764705882
0.24242424242424243
0.2571428571428571
0.20588235294117646
0.3235294117647059
0.24242424242424243
0.3870967741935484
0.3
0.3548387096774194
0.2
0.3125
0.22580645161290322
0.1875
0.2
0.3333333333333333
0.22580645161290322
0.30303030303030304
0.28125
0.3125
0.17647058823529413
0.2571428571428571
0.21212121212121213
0.23529411764705882
0.2571428571428571
0.2857142857142857
0.37142857142857144
0.28125
0.23529411764705882
0.24242424242424243
0.23529411764705882
0.3055555555555556
0.2903225806451613
0.26666666666666666
0.2727272727272727
0.22580645161290322
0.15151515151515152
0.16666666666666666
0.16666666666666666
0.3333333333333333
0.1875
0.15625
0.3611111111111111
0.36363636363636365
0.3793103448275862
0.28125
0.30303030303030304
0.15151515151515152
0.11428571428571428
0.2972972972972973
0.1935483870967742
0.3055555555555556
0.3225806451612903
0.24242424242424243
0.3235294117647059
0.16129032258064516
0.29411764705882354
0.3235294117647059
0.20689655172413793
0.14705882352941177
0.28205128205128205
0.2727272727272727
0.22857142857142856
0.23529411764705882
0.2777777777777778
0.18181818181818182
0.35294117647058826
0.2903225806451613
0.43333333333333335
0.27586206896551724
0.25806451612903225
0.1875
0.19444444444444445
0.21621621621621623
0.16216216216216217
0.2777777777777778
0.21212121212121213
0.2727272727272727
0.37142857142857144
0.13333333333333333
0.21875
0.20588235294117646
0.24324324324324326
0.30303030303030304
0.23529411764705882
0.2727272727272727
0.2
0.21052631578947367
0.21052631578947367
0.1388888888888889
0.1891891891891892
0.28205128205128205
0.28125
0.3548387096774194
0.30303030303030304
0.3
0.2903225806451613
0.21875
0.17647058823529413
0.24242424242424243
0.22857142857142856
0.3142857142857143
0.25
0.25
0.3870967741935484
0.36666666666666664
0.3125
0.2647058823529412
0.3225806451612903
0.36363636363636365
0.1935483870967742
0.20588235294117646
0.25
0.2571428571428571
0.29411764705882354
0.3225806451612903
0.23333333333333334
0.22857142857142856
0.2777777777777778
0.2857142857142857
0.2647058823529412
0.2
0.3333333333333333
0.27586206896551724
0.23333333333333334
0.37142857142857144
0.26666666666666666
0.2727272727272727
0.29411764705882354
0.3125
0.21875
0.2571428571428571
0.3055555555555556
0.24242424242424243
0.2222222222222222
0.19444444444444445
0.2647058823529412
0.21212121212121213
0.3142857142857143
0.34285714285714286
0.14285714285714285
0.2222222222222222
0.23529411764705882
0.2
0.2702702702702703
0.2702702702702703
0.23529411764705882
0.28125
0.21212121212121213
0.2
0.2647058823529412
0.24242424242424243
0.21875
0.2571428571428571
0.3055555555555556
0.3939393939393939
0.21428571428571427
0.24242424242424243
0.3225806451612903
0.2903225806451613
0.28125
0.29411764705882354
0.25806451612903225
0.2647058823529412
0.2647058823529412
0.3333333333333333
0.1724137931034483
0.24242424242424243
0.21212121212121213
0.17647058823529413
0.22857142857142856
0.30303030303030304
0.1935483870967742
0.2631578947368421
0.24242424242424243
0.23529411764705882
0.21212121212121213
0.17142857142857143
0.20588235294117646
0.2647058823529412
0.2727272727272727
0.22580645161290322
0.3142857142857143
0.25806451612903225
0.2727272727272727
0.12903225806451613
0.2571428571428571
0.1388888888888889
0.21052631578947367
0.2857142857142857
0.3125
0.1875
0.2777777777777778
0.24242424242424243
0.29411764705882354
0.2903225806451613
0.21212121212121213
0.2
0.3888888888888889
0.3
0.23333333333333334
0.23529411764705882
0.2571428571428571
0.3142857142857143
0.34285714285714286
0.26666666666666666
0.30303030303030304
0.21875
0.3
0.25806451612903225
0.16129032258064516
0.11764705882352941
0.3076923076923077
0.2903225806451613
0.28125
0.3333333333333333
0.25
0.30303030303030304
0.30303030303030304
0.29411764705882354
0.25
0.30303030303030304
0.17647058823529413
0.2857142857142857
0.25
0.25
0.21212121212121213
0.2222222222222222
0.3611111111111111
0.18181818181818182
0.34285714285714286
0.125
0.2972972972972973
0.3142857142857143
0.16666666666666666
0.14705882352941177
0.16216216216216217
0.2564102564102564
0.3142857142857143
0.2727272727272727
0.2413793103448276
0.30303030303030304
0.0967741935483871
0.3333333333333333
0.29411764705882354
0.1875
0.2
0.2972972972972973
0.35294117647058826
0.34375
0.23333333333333334
0.25
0.3870967741935484
0.26666666666666666
0.20588235294117646
0.32432432432432434
0.2
0.35135135135135137
0.30303030303030304
0.21212121212121213
0.2571428571428571
0.19444444444444445
0.16666666666666666
0.2894736842105263
0.29411764705882354
0.36363636363636365
0.16666666666666666
0.2857142857142857
0.17647058823529413
0.1388888888888889
0.21621621621621623
0.17142857142857143
0.2777777777777778
0.20588235294117646
0.19444444444444445
0.2777777777777778
0.17647058823529413
0.40625
0.4482758620689655
0.36
0.16666666666666666
0.21621621621621623
0.16666666666666666
0.1891891891891892
0.28205128205128205
0.17647058823529413
0.2631578947368421
0.2
0.22857142857142856
0.14285714285714285
0.23684210526315788
0.16666666666666666
0.2571428571428571
0.2571428571428571
0.17647058823529413
0.2702702702702703
0.2857142857142857
0.3225806451612903
0.21875
0.20588235294117646
0.25
0.29411764705882354
0.23529411764705882
0.29411764705882354
0.2
0.2702702702702703
0.2894736842105263
0.15151515151515152
0.29411764705882354
0.2647058823529412
0.2702702702702703
0.3235294117647059
0.21875
0.20588235294117646
0.21621621621621623
0.24324324324324326
0.2571428571428571
0.2727272727272727
0.3870967741935484
0.2
0.22857142857142856
0.22857142857142856
0.2857142857142857
0.3125
0.18181818181818182
0.2
0.23684210526315788
0.25
0.32432432432432434
0.2571428571428571
0.29411764705882354
0.29411764705882354
0.1935483870967742
0.2
0.2647058823529412
0.34285714285714286
0.1935483870967742
0.21875
0.24242424242424243
0.24242424242424243
0.12121212121212122
0.2564102564102564
0.1891891891891892
0.23529411764705882
0.34285714285714286
0.16666666666666666
0.3333333333333333
0.27586206896551724
0.3142857142857143
0.24242424242424243
0.3333333333333333
0.22580645161290322
0.25806451612903225
0.25806451612903225
0.3235294117647059
0.34375
0.25806451612903225
0.21875
0.2647058823529412
0.24242424242424243
0.21212121212121213
0.2972972972972973
0.3142857142857143
0.3333333333333333
0.22857142857142856
0.15151515151515152
0.24324324324324326
0.2702702702702703
0.19444444444444445
0.25
0.3055555555555556
0.1935483870967742
0.1875
0.22857142857142856
0.17142857142857143
0.11428571428571428
0.28205128205128205
0.3157894736842105
0.2857142857142857
0.21212121212121213
0.28125
0.25
0.30303030303030304
0.21212121212121213
0.28125
0.3142857142857143
0.16129032258064516
0.2972972972972973
0.29411764705882354
0.21875
0.2571428571428571
0.3055555555555556
0.2727272727272727
0.21212121212121213
0.16216216216216217
0.3142857142857143
0.16666666666666666
0.2857142857142857
0.21875
0.25
0.14285714285714285
0.3888888888888889
0.21875
0.25
0.34285714285714286
0.20689655172413793
0.29411764705882354
0.2903225806451613
0.38235294117647056
0.21875
0.23684210526315788
0.3125
0.3103448275862069
0.15625
0.15789473684210525
0.3142857142857143
0.21875
0.18181818181818182
0.2647058823529412
0.2647058823529412
0.35294117647058826
0.21875
0.28125
0.23529411764705882
0.2727272727272727
0.23333333333333334
0.2727272727272727
0.26666666666666666
0.21212121212121213
0.2857142857142857
0.23529411764705882
0.2647058823529412
0.3870967741935484
0.1111111111111111
0.17142857142857143
0.2222222222222222
0.22857142857142856
0.2647058823529412
0.21212121212121213
0.4117647058823529
0.25
0.3125
0.21875
0.29411764705882354
0.23333333333333334
0.26666666666666666
0.17647058823529413
0.2222222222222222
0.17142857142857143
0.2972972972972973
0.21212121212121213
0.12121212121212122
0.19444444444444445
0.21621621621621623
0.16666666666666666
0.3157894736842105
0.21621621621621623
0.24242424242424243
0.36363636363636365
0.25806451612903225
0.3870967741935484
0.15625
0.23529411764705882
0.2631578947368421
0.22857142857142856
0.3333333333333333
0.27586206896551724
0.15625
0.24324324324324326
0.2564102564102564
0.25
0.2
0.2777777777777778
0.24242424242424243
0.21212121212121213
0.22857142857142856
0.23529411764705882
0.19444444444444445
0.225
0.21621621621621623
0.225
0.2857142857142857
0.24242424242424243
0.21875
0.2222222222222222
0.22857142857142856
0.21212121212121213
0.20588235294117646
0.2571428571428571
0.2972972972972973
0.12121212121212122
0.3157894736842105
0.30303030303030304
0.3125
0.375
0.2903225806451613
0.21212121212121213
0.2857142857142857
0.25
0.23529411764705882
0.21875
0.3548387096774194
0.27586206896551724
0.21875
0.2222222222222222
0.18421052631578946
0.23684210526315788
0.17647058823529413
0.23529411764705882
0.2222222222222222
0.2
0.4117647058823529
0.2413793103448276
0.23333333333333334
0.22580645161290322
0.2777777777777778
0.22857142857142856
0.13513513513513514
0.2894736842105263
0.2571428571428571
0.2
0.3235294117647059
0.21875
0.24242424242424243
0.3333333333333333
0.2
0.29411764705882354
0.20588235294117646
0.2222222222222222
0.3235294117647059
0.3103448275862069
0.2903225806451613
0.32142857142857145
0.23333333333333334
0.4117647058823529
0.26666666666666666
0.28125
0.2647058823529412
0.2647058823529412
0.3235294117647059
0.28125
0.125
0.2972972972972973
0.3235294117647059
0.3
0.24242424242424243
0.3142857142857143
0.29411764705882354
0.28125
0.2777777777777778
0.34285714285714286
0.16666666666666666
0.23684210526315788
0.17647058823529413
0.3055555555555556
0.2777777777777778
0.2571428571428571
0.21212121212121213
0.30303030303030304
0.28125
0.20588235294117646
0.25
0.2727272727272727
0.3235294117647059
0.2727272727272727
0.20588235294117646
0.23529411764705882
0.20588235294117646
0.3142857142857143
0.21212121212121213
0.21875
0.2571428571428571
0.24242424242424243
0.3235294117647059
0.25806451612903225
0.16666666666666666
0.22857142857142856
0.23529411764705882
0.1935483870967742
0.20588235294117646
0.20588235294117646
0.36363636363636365
0.25
0.16129032258064516
0.2
0.25
0.2702702702702703
0.21621621621621623
0.2857142857142857
0.3225806451612903
0.2413793103448276
0.30303030303030304
0.21875
0.3142857142857143
0.23529411764705882
0.23529411764705882
0.10810810810810811
0.225
0.2
0.2972972972972973
0.40540540540540543
0.27586206896551724
0.20689655172413793
0.1935483870967742
0.32432432432432434
0.2
0.17142857142857143
0.2
0.24324324324324326
0.29411764705882354
0.21212121212121213
0.2857142857142857
0.2647058823529412
0.24242424242424243
0.2727272727272727
0.25806451612903225
0.25
0.18181818181818182
0.1388888888888889
0.20512820512820512
0.2972972972972973
0.30303030303030304
0.25
0.28125
0.20588235294117646
0.2571428571428571
0.2647058823529412
0.2647058823529412
0.1875
0.3125
0.28125
0.18181818181818182
0.2777777777777778
0.2727272727272727
0.21212121212121213
0.25
0.22857142857142856
0.2222222222222222
0.23529411764705882
0.2571428571428571
0.35294117647058826
0.3225806451612903
0.16666666666666666
0.23529411764705882
0.3055555555555556
0.30303030303030304
0.2647058823529412
0.3
0.25806451612903225
0.24242424242424243
0.24242424242424243
0.25
0.2647058823529412
0.25
0.24242424242424243
0.17142857142857143
0.2857142857142857
0.23333333333333334
0.2727272727272727
0.23529411764705882
0.2571428571428571
0.21212121212121213
0.18181818181818182
0.2571428571428571
0.14285714285714285
0.1891891891891892
0.2857142857142857
0.2727272727272727
0.3333333333333333
0.3333333333333333
0.12903225806451613
0.32432432432432434
0.2727272727272727
0.25
0.3333333333333333
0.27586206896551724
0.25
0.21875
0.24242424242424243
0.24242424242424243
0.2222222222222222
0.22857142857142856
0.23529411764705882
0.2972972972972973
0.25806451612903225
0.18181818181818182
0.2564102564102564
0.30303030303030304
0.30303030303030304
0.25806451612903225
0.27586206896551724
0.17647058823529413
0.21621621621621623
0.22857142857142856
0.22857142857142856
0.2571428571428571
0.3333333333333333
0.30303030303030304
0.12121212121212122
0.2894736842105263
0.24324324324324326
0.3235294117647059
0.1935483870967742
0.17142857142857143
0.21621621621621623
0.3142857142857143
0.2727272727272727
0.2647058823529412
0.21875
0.16129032258064516
0.23529411764705882
0.21212121212121213
0.21621621621621623
0.16666666666666666
0.2631578947368421
0.3055555555555556
0.3142857142857143
0.2647058823529412
0.2972972972972973
0.21212121212121213
0.30303030303030304
0.2777777777777778
0.21875
0.17647058823529413
0.21621621621621623
0.2857142857142857
0.21875
0.25
0.23333333333333334
0.2647058823529412
0.15625
0.2631578947368421
0.19444444444444445
0.32432432432432434
0.16129032258064516
0.20588235294117646
0.1388888888888889
0.2631578947368421
0.2647058823529412
0.2647058823529412
0.2222222222222222
0.18181818181818182
0.3142857142857143
0.25806451612903225
0.3235294117647059
0.34375
0.21428571428571427
0.34285714285714286
0.3125
0.3142857142857143
0.18181818181818182
0.2727272727272727
0.2777777777777778
0.23529411764705882
0.2647058823529412
0.23529411764705882
0.24242424242424243
0.25
0.21212121212121213
0.22857142857142856
0.125
0.20512820512820512
0.2777777777777778
0.23529411764705882
0.19444444444444445
0.23529411764705882
0.3611111111111111
0.1935483870967742
0.2222222222222222
0.19444444444444445
0.11764705882352941
0.2702702702702703
0.2571428571428571
0.23529411764705882
0.29411764705882354
0.23333333333333334
0.1875
0.21621621621621623
0.3333333333333333
0.12121212121212122
0.2777777777777778
0.2
0.2222222222222222
0.2631578947368421
0.2222222222222222
0.2
0.2972972972972973
0.2222222222222222
0.2222222222222222
0.2857142857142857
0.20588235294117646
0.16666666666666666
0.25
0.29411764705882354
0.24242424242424243
0.25806451612903225
0.3548387096774194
0.16666666666666666
0.21875
0.2727272727272727
0.21875
0.2727272727272727
0.18181818181818182
0.21875
0.3333333333333333
0.2647058823529412
0.22580645161290322
0.11764705882352941
0.29411764705882354
0.17647058823529413
0.2631578947368421
0.17647058823529413
0.21212121212121213
0.24324324324324326
0.2857142857142857
0.3
0.36363636363636365
0.25806451612903225
0.28125
0.2857142857142857
0.30303030303030304
0.2571428571428571
0.21212121212121213
0.2727272727272727
0.21875
0.3333333333333333
0.36363636363636365
0.3548387096774194
0.22580645161290322
0.3333333333333333
0.3125
0.27586206896551724
0.2571428571428571
0.24324324324324326
0.2
0.19444444444444445
0.21621621621621623
0.2894736842105263
0.2647058823529412
0.23529411764705882
0.2222222222222222
0.17142857142857143
0.24324324324324326
0.34285714285714286
0.2727272727272727
0.2647058823529412
0.18181818181818182
0.2857142857142857
0.2777777777777778
0.29411764705882354
0.2
0.3142857142857143
0.1875
0.24242424242424243
0.2777777777777778
0.17647058823529413
0.3235294117647059
0.23333333333333334
0.2903225806451613
0.1935483870967742
0.2857142857142857
0.2647058823529412
0.23529411764705882
0.15151515151515152
0.21621621621621623
0.19444444444444445
0.24324324324324326
0.2857142857142857
0.29411764705882354
0.1935483870967742
0.25
0.3333333333333333
0.3225806451612903
0.21212121212121213
0.21212121212121213
0.2702702702702703
0.3235294117647059
0.3548387096774194
0.3333333333333333
0.2727272727272727
0.3333333333333333
0.25806451612903225
0.30303030303030304
0.23529411764705882
0.18181818181818182
0.29411764705882354
0.21212121212121213
0.34375
0.26666666666666666
0.24242424242424243
0.25
0.14705882352941177
0.34210526315789475
0.22857142857142856
0.22580645161290322
0.2727272727272727
0.2647058823529412
0.15625
0.3142857142857143
0.25806451612903225
0.20689655172413793
0.34375
0.22580645161290322
0.20588235294117646
0.2777777777777778
0.23529411764705882
0.1111111111111111
0.18421052631578946
0.22857142857142856
0.34285714285714286
0.1875
0.22857142857142856
0.24324324324324326
0.14705882352941177
0.19444444444444445
0.25
0.16666666666666666
0.25
0.22857142857142856
0.2222222222222222
0.30303030303030304
0.16666666666666666
0.3055555555555556
0.1875
0.21212121212121213
0.2
0.22857142857142856
0.2702702702702703
0.3611111111111111
0.2727272727272727
0.28125
0.30303030303030304
0.21875
0.1388888888888889
0.18421052631578946
0.25
0.23529411764705882
0.36363636363636365
0.23333333333333334
0.28125
0.18181818181818182
0.3235294117647059
0.16666666666666666
0.3055555555555556
0.2857142857142857
0.24242424242424243
0.25806451612903225
0.3939393939393939
0.1875
0.2571428571428571
0.25
0.3142857142857143
0.14705882352941177
0.3333333333333333
0.2647058823529412
0.26666666666666666
0.25
0.3125
0.28125
0.21875
0.22857142857142856
0.2727272727272727
0.21212121212121213
0.3142857142857143
0.23333333333333334
0.3235294117647059
0.3548387096774194
0.2413793103448276
0.21212121212121213
0.29411764705882354
0.24242424242424243
0.2222222222222222
0.2222222222222222
0.22857142857142856
0.17647058823529413
0.2702702702702703
0.25
0.3125
0.25
0.25806451612903225
0.26666666666666666
0.2857142857142857
0.36363636363636365
0.16129032258064516
0.2222222222222222
0.3142857142857143
0.3125
0.23333333333333334
0.29411764705882354
0.14705882352941177
0.2571428571428571
0.35294117647058826
0.125
0.2857142857142857
0.24242424242424243
0.2702702702702703
0.24242424242424243
0.22857142857142856
0.2972972972972973
0.23333333333333334
0.23529411764705882
0.3142857142857143
0.24242424242424243
0.2727272727272727
0.2571428571428571
0.22580645161290322
0.28125
0.25806451612903225
0.4375
0.2
0.2727272727272727
0.3333333333333333
0.25806451612903225
0.2222222222222222
0.2571428571428571
0.2647058823529412
0.25
0.16216216216216217
0.2777777777777778
0.24242424242424243
0.28125
0.2903225806451613
0.16666666666666666
0.15151515151515152
0.24324324324324326
0.2647058823529412
0.20588235294117646
0.2647058823529412
0.3333333333333333
0.2571428571428571
0.21212121212121213
0.20588235294117646
0.2972972972972973
0.2
0.2857142857142857
0.21875
0.25
0.2
0.2702702702702703
0.3055555555555556
0.23333333333333334
0.20689655172413793
0.3225806451612903
0.23333333333333334
0.2727272727272727
0.35135135135135137
0.24242424242424243
0.2413793103448276
0.25806451612903225
0.13333333333333333
0.22857142857142856
0.2857142857142857
0.2222222222222222
0.25
0.19444444444444445
0.23529411764705882
0.12121212121212122
0.21052631578947367
0.1891891891891892
0.21052631578947367
0.25
0.19444444444444445
0.2972972972972973
0.28125
0.16129032258064516
0.3611111111111111
0.24242424242424243
0.2903225806451613
0.3225806451612903
0.20588235294117646
0.16666666666666666
0.13157894736842105
0.20512820512820512
0.2
0.2894736842105263
0.3142857142857143
0.25806451612903225
0.25806451612903225
0.21212121212121213
0.22580645161290322
0.2
0.3076923076923077
0.34285714285714286
0.3225806451612903
0.16666666666666666
0.23076923076923078
0.2631578947368421
0.25
0.2222222222222222
0.24324324324324326
0.3333333333333333
0.21212121212121213
0.21621621621621623
0.2857142857142857
0.2777777777777778
0.2571428571428571
0.2647058823529412
0.2777777777777778
0.28125
0.12903225806451613
0.22857142857142856
0.20588235294117646
0.29411764705882354
0.3125
0.16666666666666666
0.23529411764705882
0.3611111111111111
0.22857142857142856
0.3333333333333333
0.24242424242424243
0.16666666666666666
0.2631578947368421
0.2727272727272727
0.2903225806451613
0.21212121212121213
0.2571428571428571
0.3235294117647059
0.3548387096774194
0.25
0.28125
0.17647058823529413
0.25
0.2777777777777778
0.35294117647058826
0.35294117647058826
0.25806451612903225
0.18181818181818182
0.3333333333333333
0.22580645161290322
0.3235294117647059
0.18181818181818182
0.25
0.3235294117647059
0.3125
0.28125
0.26666666666666666
0.2727272727272727
0.2647058823529412
0.20588235294117646
0.29411764705882354
0.3235294117647059
0.2727272727272727
0.3125
0.2903225806451613
0.25
0.30303030303030304
0.3235294117647059
0.15625
0.17647058823529413
0.3142857142857143
0.2727272727272727
0.3225806451612903
0.24242424242424243
0.3235294117647059
0.3333333333333333
0.25
0.22857142857142856
0.28125
0.2647058823529412
0.35294117647058826
0.21212121212121213
0.25806451612903225
0.2222222222222222
0.18421052631578946
0.21052631578947367
0.24324324324324326
0.18181818181818182
0.2857142857142857
0.25
0.20588235294117646
0.2571428571428571
0.24242424242424243
0.3125
0.2413793103448276
0.28125
0.34285714285714286
0.14285714285714285
0.17647058823529413
0.19444444444444445
0.23529411764705882
0.3235294117647059
0.19444444444444445
0.21621621621621623
0.2972972972972973
0.20588235294117646
0.30303030303030304
0.20689655172413793
0.2631578947368421
0.21875
0.3142857142857143
0.18181818181818182
0.2647058823529412
0.2647058823529412
0.41935483870967744
0.2413793103448276
0.21875
0.23529411764705882
0.20588235294117646
0.20588235294117646
0.20588235294117646
0.37142857142857144
0.34375
0.2903225806451613
0.2962962962962963
0.2
0.18181818181818182
0.2222222222222222
0.2631578947368421
0.2571428571428571
0.19444444444444445
0.2571428571428571
0.29411764705882354
0.21875
0.28125
0.28125
0.2647058823529412
0.23529411764705882
0.26666666666666666
0.1935483870967742
0.2702702702702703
0.28125
0.21212121212121213
0.2647058823529412
0.3142857142857143
0.15151515151515152
0.25
0.2631578947368421
0.3235294117647059
0.15625
0.3055555555555556
0.24242424242424243
0.2777777777777778
0.2903225806451613
0.3125
0.1875
0.21875
0.08823529411764706
0.25
0.2
0.2777777777777778
0.23529411764705882
0.28125
0.3103448275862069
0.25
0.21212121212121213
0.3142857142857143
0.2571428571428571
0.22857142857142856
0.20588235294117646
0.28125
0.3225806451612903
0.25806451612903225
0.25
0.25
0.30303030303030304
0.2647058823529412
0.23529411764705882
0.2702702702702703
0.25
0.17647058823529413
0.2777777777777778
0.3235294117647059
0.21875
0.25
0.2727272727272727
0.1724137931034483
0.12121212121212122
0.24324324324324326
0.15151515151515152
0.25
0.3333333333333333
0.1935483870967742
0.23529411764705882
0.2702702702702703
0.23684210526315788
0.25
0.2702702702702703
0.2564102564102564
0.23529411764705882
0.30303030303030304
0.2857142857142857
0.16666666666666666
0.22857142857142856
0.2777777777777778
0.25
0.3125
0.3333333333333333
0.13793103448275862
0.23076923076923078
0.3235294117647059
0.13333333333333333
0.3888888888888889
0.3
0.25
0.28125
0.21212121212121213
0.22857142857142856
0.2222222222222222
0.2647058823529412
0.2903225806451613
0.24242424242424243
0.1875
0.24324324324324326
0.25
0.25806451612903225
0.2727272727272727
0.29411764705882354
0.29411764705882354
0.2
0.3333333333333333
0.2903225806451613
0.21212121212121213
0.38235294117647056
0.36666666666666664
0.12903225806451613
0.3142857142857143
0.2727272727272727
0.36666666666666664
0.16666666666666666
0.1935483870967742
0.21875
0.23529411764705882
0.17647058823529413
0.21621621621621623
0.2571428571428571
0.2903225806451613
0.25806451612903225
0.1935483870967742
0.18181818181818182
0.2777777777777778
0.2647058823529412
0.25806451612903225
0.2727272727272727
0.23529411764705882
0.36363636363636365
0.28125
0.28125
0.2222222222222222
0.3076923076923077
0.22857142857142856
0.2903225806451613
0.3125
0.43333333333333335
0.23076923076923078
0.22580645161290322
0.18181818181818182
0.19444444444444445
0.2
0.28125
0.3
0.25806451612903225
0.21875
0.2777777777777778
0.20588235294117646
0.21212121212121213
0.29411764705882354
0.23333333333333334
0.34375
0.2647058823529412
0.2727272727272727
0.1875
0.2631578947368421
0.2727272727272727
0.28125
0.3225806451612903
0.22580645161290322
0.20588235294117646
0.22857142857142856
0.2
0.20588235294117646
0.2647058823529412
0.11428571428571428
0.2631578947368421
0.3055555555555556
0.13793103448275862
0.2727272727272727
0.30303030303030304
0.3225806451612903
0.12903225806451613
0.2727272727272727
0.24324324324324326
0.2647058823529412
0.22857142857142856
0.23529411764705882
0.22857142857142856
0.24242424242424243
0.1875
0.20588235294117646
0.25
0.23529411764705882
0.2222222222222222
0.3333333333333333
0.34375
0.16129032258064516
0.3142857142857143
0.21212121212121213
0.20588235294117646
0.24324324324324326
0.3611111111111111
0.15625
0.21212121212121213
0.1935483870967742
0.30303030303030304
0.25
0.2647058823529412
0.29411764705882354
0.24242424242424243
0.34375
0.25
0.23529411764705882
0.2647058823529412
0.23529411764705882
0.22580645161290322
0.20588235294117646
0.2222222222222222
0.4
0.2413793103448276
0.22580645161290322
0.2571428571428571
0.3235294117647059
0.2
0.16666666666666666
0.225
0.21621621621621623
0.17142857142857143
0.2857142857142857
0.3125
0.16129032258064516
0.2777777777777778
0.1875
0.1891891891891892
0.2857142857142857
0.24242424242424243
0.2702702702702703
0.17647058823529413
0.2972972972972973
0.2857142857142857
0.24242424242424243
0.2571428571428571
0.2727272727272727
0.2647058823529412
0.3333333333333333
0.1935483870967742
0.29411764705882354
0.21875
0.22580645161290322
0.1875
0.23684210526315788
0.2702702702702703
0.29411764705882354
0.13793103448275862
0.24242424242424243
0.20588235294117646
0.24242424242424243
0.30303030303030304
0.2903225806451613
0.24242424242424243
0.3235294117647059
0.3
0.34375
0.2903225806451613
0.26666666666666666
0.25806451612903225
0.34375
0.1875
0.2647058823529412
0.34285714285714286
0.2903225806451613
0.3103448275862069
0.21212121212121213
0.34375
0.3125
0.3548387096774194
0.17142857142857143
0.2571428571428571
0.2
0.19444444444444445
0.3157894736842105
0.21875
0.41935483870967744
0.10344827586206896
0.2571428571428571
0.24324324324324326
0.2
0.1875
0.2571428571428571
0.17142857142857143
0.2702702702702703
0.2727272727272727
0.20588235294117646
0.1891891891891892
0.23684210526315788
0.3235294117647059
0.2
0.22580645161290322
0.18181818181818182
0.3235294117647059
0.25
0.2
0.2702702702702703
0.3333333333333333
0.30303030303030304
0.22580645161290322
0.26666666666666666
0.3225806451612903
0.3103448275862069
0.22580645161290322
0.1891891891891892
0.2857142857142857
0.2
0.25
0.2631578947368421
0.2222222222222222
0.23529411764705882
0.34375
0.25
0.3235294117647059
0.23529411764705882
0.16666666666666666
0.32432432432432434
0.2571428571428571
0.3548387096774194
0.3448275862068966
0.26666666666666666
0.2727272727272727
0.24242424242424243
0.2727272727272727
0.2727272727272727
0.20588235294117646
0.2
0.3333333333333333
0.375
0.1875
0.34375
0.21875
0.2647058823529412
0.23529411764705882
0.14285714285714285
0.2647058823529412
0.2727272727272727
0.17647058823529413
0.22857142857142856
0.2647058823529412
0.20588235294117646
0.16666666666666666
0.2702702702702703
0.08823529411764706
0.21621621621621623
0.34285714285714286
0.2903225806451613
0.13793103448275862
0.23529411764705882
0.22857142857142856
0.20588235294117646
0.2222222222222222
0.24242424242424243
0.3055555555555556
0.20588235294117646
0.1875
0.14705882352941177
0.2
0.2571428571428571
0.3333333333333333
0.25806451612903225
0.17647058823529413
0.35294117647058826
0.21875
0.15151515151515152
0.2777777777777778
0.1875
0.1875
0.23529411764705882
0.3235294117647059
0.375
0.2903225806451613
0.2727272727272727
0.2647058823529412
0.29411764705882354
0.2727272727272727
0.22580645161290322
0.14285714285714285
0.2222222222222222
0.2777777777777778
0.16129032258064516
0.20588235294117646
0.28125
0.1935483870967742
0.29411764705882354
0.2727272727272727
0.25
0.23529411764705882
0.2857142857142857
0.20588235294117646
0.2647058823529412
0.30303030303030304
0.2727272727272727
0.3225806451612903
0.22580645161290322
0.2564102564102564
0.2777777777777778
0.2857142857142857
0.22580645161290322
0.37142857142857144
0.3333333333333333
0.25
0.3142857142857143
0.3225806451612903
0.22580645161290322
0.2727272727272727
0.18181818181818182
0.3783783783783784
0.3333333333333333
0.20689655172413793
0.2571428571428571
0.20588235294117646
0.2857142857142857
0.25806451612903225
0.26666666666666666
0.24242424242424243
0.2631578947368421
0.2571428571428571
0.14285714285714285
0.19444444444444445
0.21212121212121213
0.14285714285714285
0.3055555555555556
0.22580645161290322
0.21875
0.34285714285714286
0.1935483870967742
0.2222222222222222
0.3235294117647059
0.23333333333333334
0.2647058823529412
0.3142857142857143
0.23333333333333334
0.2857142857142857
0.2571428571428571
0.19444444444444445
0.25
0.2857142857142857
0.2727272727272727
0.2727272727272727
0.3611111111111111
0.21875
0.2857142857142857
0.3225806451612903
0.2727272727272727
0.375
0.1935483870967742
0.2972972972972973
0.22857142857142856
0.28125
0.24242424242424243
0.20689655172413793
0.2571428571428571
0.3235294117647059
0.18181818181818182
0.20588235294117646
0.3142857142857143
0.24242424242424243
0.26666666666666666
0.2
0.34285714285714286
0.36363636363636365
0.1875
0.2857142857142857
0.3235294117647059
0.2413793103448276
0.3548387096774194
0.2727272727272727
0.24242424242424243
0.3235294117647059
0.29411764705882354
0.1875
0.17647058823529413
0.2777777777777778
0.2647058823529412
0.2857142857142857
0.26666666666666666
0.21212121212121213
0.2222222222222222
0.22857142857142856
0.29411764705882354
0.3333333333333333
0.25
0.3225806451612903
0.38235294117647056
0.2647058823529412
0.2727272727272727
0.25
0.2972972972972973
0.29411764705882354
0.15151515151515152
0.2702702702702703
0.29411764705882354
0.26666666666666666
0.18181818181818182
0.23076923076923078
0.2777777777777778
0.3
0.3448275862068966
0.2571428571428571
0.30303030303030304
0.21875
0.21212121212121213
0.34285714285714286
0.15625
0.3055555555555556
0.17647058823529413
0.1891891891891892
0.2702702702702703
0.20588235294117646
0.24242424242424243
0.3235294117647059
0.2
0.20689655172413793
0.29411764705882354
0.3
0.25
0.23333333333333334
0.2903225806451613
0.25806451612903225
0.1891891891891892
0.1794871794871795
0.2894736842105263
0.40625
0.2
0.1875
0.20588235294117646
0.2571428571428571
0.2222222222222222
0.3235294117647059
0.23529411764705882
0.22580645161290322
0.2571428571428571
0.22857142857142856
0.20588235294117646
0.2
0.3055555555555556
0.20588235294117646
0.2571428571428571
0.22857142857142856
0.2
0.24324324324324326
0.22857142857142856
0.1388888888888889
0.24390243902439024
0.2777777777777778
0.3125
0.25
0.30303030303030304
0.3548387096774194
0.2413793103448276
0.22580645161290322
0.2702702702702703
0.2571428571428571
0.25
0.17647058823529413
0.2
0.2222222222222222
0.2222222222222222
0.2647058823529412
0.2702702702702703
0.20588235294117646
0.4117647058823529
0.21212121212121213
0.34375
0.18181818181818182
0.2702702702702703
0.2222222222222222
0.25
0.2777777777777778
0.21212121212121213
0.30303030303030304
0.18181818181818182
0.34285714285714286
0.29411764705882354
0.16129032258064516
0.3225806451612903
0.18181818181818182
0.2571428571428571
0.2777777777777778
0.25
0.36363636363636365
0.1935483870967742
0.3142857142857143
0.22580645161290322
0.3235294117647059
0.14285714285714285
0.3611111111111111
0.2727272727272727
0.18181818181818182
0.2571428571428571
0.2647058823529412
0.24242424242424243
0.21212121212121213
0.25
0.15151515151515152
0.24324324324324326
0.20512820512820512
0.20512820512820512
0.24324324324324326
0.21212121212121213
0.2222222222222222
0.32432432432432434
0.2727272727272727
0.23529411764705882
0.2647058823529412
0.3548387096774194
0.21875
0.15625
0.2702702702702703
0.17647058823529413
0.14705882352941177
0.22857142857142856
0.25
0.42857142857142855
0.3448275862068966
0.2413793103448276
0.15625
0.16666666666666666
0.23076923076923078
0.3235294117647059
0.2903225806451613
0.21875
0.15151515151515152
0.2571428571428571
0.14285714285714285
0.24324324324324326
0.35294117647058826
0.21212121212121213
0.17142857142857143
0.3611111111111111
0.15625
0.2
0.15789473684210525
0.2222222222222222
0.23529411764705882
0.25
0.2647058823529412
0.3142857142857143
0.2413793103448276
0.21212121212121213
0.2
0.3055555555555556
0.38235294117647056
0.21875
0.2571428571428571
0.34285714285714286
0.25
0.2903225806451613
0.26666666666666666
0.24242424242424243
0.2857142857142857
0.29411764705882354
0.25
0.25806451612903225
0.1875
0.15789473684210525
0.2
0.2564102564102564
0.21875
0.2647058823529412
0.22857142857142856
0.24242424242424243
0.17647058823529413
0.2222222222222222
0.1891891891891892
0.24324324324324326
0.2571428571428571
0.29411764705882354
0.2413793103448276
0.2727272727272727
0.3103448275862069
0.22580645161290322
0.2777777777777778
0.2647058823529412
0.3225806451612903
0.2647058823529412
0.24242424242424243
0.28125
0.35294117647058826
0.26666666666666666
0.21428571428571427
0.3
0.36363636363636365
0.1875
0.2857142857142857
0.18181818181818182
0.3157894736842105
0.29411764705882354
0.28125
0.25
0.28125
0.2727272727272727
0.28125
0.2903225806451613
0.21875
0.29411764705882354
0.1875
0.11428571428571428
0.225
0.3157894736842105
0.1935483870967742
0.14285714285714285
0.18421052631578946
0.3157894736842105
0.2727272727272727
0.2
0.3142857142857143
0.2
0.2647058823529412
0.3225806451612903
0.3125
0.29411764705882354
0.24242424242424243
0.21212121212121213
0.3142857142857143
0.14705882352941177
0.3888888888888889
0.1935483870967742
0.21212121212121213
0.25
0.22857142857142856
0.2647058823529412
0.35294117647058826
0.3103448275862069
0.3333333333333333
0.2727272727272727
0.1875
0.19444444444444445
0.3142857142857143
0.1875
0.23529411764705882
0.29411764705882354
0.29411764705882354
0.1875
0.22857142857142856
0.40625
0.21428571428571427
0.2
0.25
0.28125
0.25806451612903225
0.3125
0.17142857142857143
0.2571428571428571
0.30303030303030304
0.16129032258064516
0.21621621621621623
0.2571428571428571
0.2647058823529412
0.1891891891891892
0.3055555555555556
0.2647058823529412
0.25
0.22580645161290322
0.3125
0.3235294117647059
0.3225806451612903
0.2
0.4
0.3103448275862069
0.21875
0.21212121212121213
0.20588235294117646
0.2
0.30303030303030304
0.21875
0.30303030303030304
0.3142857142857143
0.3333333333333333
0.3235294117647059
0.3125
0.28125
0.20588235294117646
0.24242424242424243
0.22857142857142856
0.22580645161290322
0.22857142857142856
0.2
0.2857142857142857
0.21212121212121213
0.11764705882352941
0.2631578947368421
0.21052631578947367
0.23529411764705882
0.2571428571428571
0.24242424242424243
0.2647058823529412
0.2647058823529412
0.2
0.3333333333333333
0.41935483870967744
0.20689655172413793
0.27586206896551724
0.17647058823529413
0.23076923076923078
0.2702702702702703
0.3225806451612903
0.3
0.28125
0.2727272727272727
0.21212121212121213
0.17142857142857143
0.22857142857142856
0.2631578947368421
0.3235294117647059
0.375
0.16666666666666666
0.1891891891891892
0.2777777777777778
0.29411764705882354
0.3225806451612903
0.22580645161290322
0.18181818181818182
0.24242424242424243
0.12903225806451613
0.23529411764705882
0.25
0.23529411764705882
0.16216216216216217
0.15789473684210525
0.2564102564102564
0.2857142857142857
0.3225806451612903
0.23333333333333334
0.375
0.2413793103448276
0.1875
0.3055555555555556
0.2727272727272727
0.25
0.15625
0.2857142857142857
0.2972972972972973
0.3142857142857143
0.29411764705882354
0.23333333333333334
0.22857142857142856
0.24242424242424243
0.30303030303030304
0.25
0.17647058823529413
0.24324324324324326
0.2571428571428571
0.24242424242424243
0.2727272727272727
0.3548387096774194
0.25
0.2777777777777778
0.2222222222222222
0.3548387096774194
0.3448275862068966
0.1935483870967742
0.3225806451612903
0.21875
0.17142857142857143
0.2571428571428571
0.18181818181818182
0.2
0.25
0.3142857142857143
0.22580645161290322
0.21212121212121213
0.23529411764705882
0.3125
0.41379310344827586
0.20689655172413793
0.24242424242424243
0.35294117647058826
0.21875
0.2702702702702703
0.16666666666666666
0.2
0.17142857142857143
0.21621621621621623
0.3235294117647059
0.16666666666666666
0.21212121212121213
0.20588235294117646
0.22857142857142856
0.2222222222222222
0.3055555555555556
0.36363636363636365
0.14285714285714285
0.2571428571428571
0.30303030303030304
0.12121212121212122
0.3055555555555556
0.3142857142857143
0.21875
0.25806451612903225
0.25
0.34285714285714286
0.13333333333333333
0.2222222222222222
0.2702702702702703
0.2647058823529412
0.2
0.17647058823529413
0.21052631578947367
0.2702702702702703
0.15625
0.23529411764705882
0.22857142857142856
0.22857142857142856
0.2222222222222222
0.3055555555555556
0.36363636363636365
0.1724137931034483
0.3125
0.16129032258064516
0.3142857142857143
0.2857142857142857
0.2903225806451613
0.13793103448275862
0.21621621621621623
0.2972972972972973
0.125
0.2647058823529412
0.2222222222222222
0.24242424242424243
0.2571428571428571
0.2777777777777778
0.2571428571428571
0.24242424242424243
0.22857142857142856
0.2222222222222222
0.36363636363636365
0.17857142857142858
0.20588235294117646
0.2702702702702703
0.2
0.21621621621621623
0.2972972972972973
0.3333333333333333
0.23529411764705882
0.20588235294117646
0.28125
0.2903225806451613
0.1875
0.21875
0.16666666666666666
0.28205128205128205
0.3333333333333333
0.20588235294117646
0.19444444444444445
0.2
0.2647058823529412
0.2647058823529412
0.1875
0.28125
0.18181818181818182
0.35294117647058826
0.1724137931034483
0.17142857142857143
0.21621621621621623
0.2631578947368421
0.3142857142857143
0.1935483870967742
0.20588235294117646
0.2647058823529412
0.28125
0.24242424242424243
0.3333333333333333
0.29411764705882354
0.3142857142857143
0.28125
0.18181818181818182
0.2972972972972973
0.2647058823529412
0.2727272727272727
0.23529411764705882
0.2571428571428571
0.2647058823529412
0.3125
0.16129032258064516
0.21621621621621623
0.1388888888888889
0.25
0.2647058823529412
0.29411764705882354
0.3548387096774194
0.26666666666666666
0.17647058823529413
0.3142857142857143
0.25
0.21875
0.2857142857142857
0.2857142857142857
0.23529411764705882
0.2777777777777778
0.23529411764705882
0.32432432432432434
0.30303030303030304
0.3548387096774194
0.3225806451612903
0.23333333333333334
0.15625
0.22857142857142856
0.2
0.2857142857142857
0.1935483870967742
0.2647058823529412
0.2571428571428571
0.23529411764705882
0.2857142857142857
0.15625
0.22857142857142856
0.17142857142857143
0.23076923076923078
0.3055555555555556
0.21875
0.29411764705882354
0.2
0.2571428571428571
0.2222222222222222
0.3
0.21621621621621623
0.2571428571428571
0.23529411764705882
0.25
0.28125
0.28125
0.36666666666666664
0.22580645161290322
0.22580645161290322
0.24242424242424243
0.20588235294117646
0.24242424242424243
0.18181818181818182
0.2571428571428571
0.2647058823529412
0.2727272727272727
0.23529411764705882
0.25
0.2727272727272727
0.1935483870967742
0.38235294117647056
0.2413793103448276
0.21212121212121213
0.32432432432432434
0.3125
0.26666666666666666
0.20588235294117646
0.23529411764705882
0.17142857142857143
0.2222222222222222
0.2
0.2222222222222222
0.22857142857142856
0.23529411764705882
0.17647058823529413
0.2777777777777778
0.23529411764705882
0.2222222222222222
0.09090909090909091
0.20512820512820512
0.18421052631578946
0.2631578947368421
0.3142857142857143
0.30303030303030304
0.42424242424242425
0.15625
0.20588235294117646
0.24324324324324326
0.25
0.3142857142857143
0.2903225806451613
0.21212121212121213
0.25806451612903225
0.36363636363636365
0.27586206896551724
0.16129032258064516
0.3055555555555556
0.20588235294117646
0.3333333333333333
0.2
0.25806451612903225
0.2
0.38235294117647056
0.23333333333333334
0.4
0.2
0.3142857142857143
0.2903225806451613
0.2903225806451613
0.21212121212121213
0.2702702702702703
0.25
0.24242424242424243
0.3333333333333333
0.21875
0.23529411764705882
0.2857142857142857
0.23529411764705882
0.36363636363636365
0.15625
0.25
0.30303030303030304
0.30303030303030304
0.2727272727272727
0.30303030303030304
0.1935483870967742
0.20588235294117646
0.14705882352941177
0.37142857142857144
0.22580645161290322
0.2571428571428571
0.2
0.2702702702702703
0.2
0.2777777777777778
0.2
0.17647058823529413
0.3157894736842105
0.21875
0.2
0.2727272727272727
0.21875
0.2
0.2972972972972973
0.21875
0.2647058823529412
0.17647058823529413
0.1891891891891892
0.17142857142857143
0.2222222222222222
0.25
0.24242424242424243
0.1935483870967742
0.1111111111111111
0.23684210526315788
0.3142857142857143
0.2727272727272727
0.26666666666666666
0.21875
0.2857142857142857
0.2222222222222222
0.2777777777777778
0.24242424242424243
0.17142857142857143
0.25
0.20588235294117646
0.2727272727272727
0.18181818181818182
0.2
0.1388888888888889
0.24324324324324326
0.25
0.3142857142857143
0.24242424242424243
0.21212121212121213
0.14705882352941177
0.2631578947368421
0.20588235294117646
0.2647058823529412
0.2857142857142857
0.21212121212121213
0.21212121212121213
0.21212121212121213
0.23529411764705882
0.23529411764705882
0.25
0.20588235294117646
0.29411764705882354
0.3448275862068966
0.3333333333333333
0.28125
0.17647058823529413
0.19444444444444445
0.25
0.2222222222222222
0.25
0.21621621621621623
0.3333333333333333
0.24242424242424243
0.24242424242424243
0.3235294117647059
0.375
0.25806451612903225
0.20689655172413793
0.29411764705882354
0.21875
0.22857142857142856
0.2
0.16216216216216217
0.21621621621621623
0.21621621621621623
0.29411764705882354
0.25
0.2222222222222222
0.24324324324324326
0.24242424242424243
0.2727272727272727
0.2
0.28205128205128205
0.3333333333333333
0.21875
0.24324324324324326
0.22857142857142856
0.25
0.29411764705882354
0.3333333333333333
0.25
0.24242424242424243
0.30303030303030304
0.18181818181818182
0.2571428571428571
0.28125
0.2727272727272727
0.3142857142857143
0.21875
0.12121212121212122
0.2894736842105263
0.22857142857142856
0.3333333333333333
0.3055555555555556
0.1875
0.3076923076923077
0.3125
0.21875
0.3055555555555556
0.3235294117647059
0.25806451612903225
0.21875
0.22857142857142856
0.25
0.11428571428571428
0.2631578947368421
0.2727272727272727
0.26666666666666666
0.21212121212121213
0.2857142857142857
0.3235294117647059
0.25806451612903225
0.3548387096774194
0.3333333333333333
0.25
0.2777777777777778
0.25
0.3235294117647059
0.22580645161290322
0.2903225806451613
0.20588235294117646
0.29411764705882354
0.28125
0.40625
0.21875
0.2727272727272727
0.3235294117647059
0.30303030303030304
0.2
0.24324324324324326
0.08108108108108109
0.275
0.3055555555555556
0.16666666666666666
0.2
0.2857142857142857
0.2
0.28125
0.23529411764705882
0.2222222222222222
0.18181818181818182
0.25
0.28125
0.2857142857142857
0.14285714285714285
0.23684210526315788
0.1891891891891892
0.2
0.3333333333333333
0.21212121212121213
0.2777777777777778
0.21875
0.22857142857142856
0.22857142857142856
0.35294117647058826
0.40625
0.36666666666666664
0.2857142857142857
0.23529411764705882
0.2857142857142857
0.2647058823529412
0.24242424242424243
0.24242424242424243
0.23529411764705882
0.24242424242424243
0.23529411764705882
0.3235294117647059
0.28125
0.22580645161290322
0.2727272727272727
0.14705882352941177
0.3333333333333333
0.25
0.1935483870967742
0.3125
0.25
0.3235294117647059
0.21875
0.35294117647058826
0.20588235294117646
0.29411764705882354
0.2647058823529412
0.2647058823529412
0.3333333333333333
0.22580645161290322
0.2
0.2903225806451613
0.3125
0.25
0.25
0.21875
0.2571428571428571
0.25
0.12121212121212122
0.15384615384615385
0.23684210526315788
0.16216216216216217
0.2777777777777778
0.2857142857142857
0.3548387096774194
0.1935483870967742
0.25
0.18181818181818182
0.3142857142857143
0.24242424242424243
0.2571428571428571
0.2571428571428571
0.22857142857142856
0.20588235294117646
0.275
0.24242424242424243
0.2647058823529412
0.3142857142857143
0.24242424242424243
0.2972972972972973
0.21875
0.1935483870967742
0.21212121212121213
0.2631578947368421
0.2647058823529412
0.3055555555555556
0.11764705882352941
0.3142857142857143
0.20588235294117646
0.2571428571428571
0.2571428571428571
0.34285714285714286
0.36666666666666664
0.3448275862068966
0.25806451612903225
0.22580645161290322
0.34285714285714286
0.2
0.21212121212121213
0.19444444444444445
0.30303030303030304
0.26666666666666666
0.30303030303030304
0.375
0.2857142857142857
0.24242424242424243
0.2972972972972973
0.21212121212121213
0.2571428571428571
0.2727272727272727
0.16666666666666666
0.175
0.2702702702702703
0.24242424242424243
0.22580645161290322
0.1388888888888889
0.25
0.19444444444444445
0.2894736842105263
0.3142857142857143
0.3225806451612903
0.39285714285714285
0.25806451612903225
0.23529411764705882
0.29411764705882354
0.18181818181818182
0.23529411764705882
0.25
0.20588235294117646
0.29411764705882354
0.29411764705882354
0.3870967741935484
0.25806451612903225
0.34375
0.22580645161290322
0.25
0.2647058823529412
0.24242424242424243
0.3235294117647059
0.24242424242424243
0.23529411764705882
0.21621621621621623
0.2571428571428571
0.14705882352941177
0.23684210526315788
0.2702702702702703
0.2777777777777778
0.21212121212121213
0.2857142857142857
0.23529411764705882
0.30303030303030304
0.17647058823529413
0.25
0.2222222222222222
0.3611111111111111
0.2727272727272727
0.25
0.23529411764705882
0.2571428571428571
0.15625
0.3333333333333333
0.28125
0.2727272727272727
0.23529411764705882
0.30303030303030304
0.3225806451612903
0.23529411764705882
0.34285714285714286
0.1875
0.25
0.30303030303030304
0.2857142857142857
0.3
0.22580645161290322
0.25
0.15151515151515152
0.21621621621621623
0.18181818181818182
0.19444444444444445
0.2
0.17647058823529413
0.15625
0.2
0.2857142857142857
0.25
0.22857142857142856
0.22857142857142856
0.2
0.2894736842105263
0.21875
0.38235294117647056
0.36666666666666664
0.2903225806451613
0.3548387096774194
0.2903225806451613
0.28125
0.3125
0.3235294117647059
0.30303030303030304
0.29411764705882354
0.17647058823529413
0.2702702702702703
0.3125
0.22580645161290322
0.25
0.22857142857142856
0.28125
0.16666666666666666
0.2
0.25806451612903225
0.2903225806451613
0.2647058823529412
0.09375
0.3684210526315789
0.20588235294117646
0.17647058823529413
0.2894736842105263
0.28125
0.2727272727272727
0.3055555555555556
0.23529411764705882
0.25
0.2777777777777778
0.3783783783783784
0.1875
0.3142857142857143
0.18181818181818182
0.29411764705882354
0.3225806451612903
0.3
0.2
0.25
0.16666666666666666
0.34210526315789475
0.1935483870967742
0.22857142857142856
0.22857142857142856
0.1875
0.19444444444444445
0.20512820512820512
0.3333333333333333
0.3448275862068966
0.2
0.2777777777777778
0.21212121212121213
0.23529411764705882
0.24242424242424243
0.20588235294117646
0.30303030303030304
0.30303030303030304
0.14705882352941177
0.29411764705882354
0.2647058823529412
0.28125
0.11764705882352941
0.23684210526315788
0.25
0.22857142857142856
0.32432432432432434
0.28125
0.27586206896551724
0.4375
0.3076923076923077
0.1875
0.3157894736842105
0.2
0.3333333333333333
0.17647058823529413
0.3055555555555556
0.16666666666666666
0.35135135135135137
0.28125
0.3235294117647059
0.29411764705882354
0.2647058823529412
0.34375
0.16666666666666666
0.2777777777777778
0.21052631578947367
0.3142857142857143
0.21875
0.2903225806451613
0.21875
0.2571428571428571
0.14705882352941177
0.24324324324324326
0.25
0.2727272727272727
0.3142857142857143
0.23333333333333334
0.23529411764705882
0.3235294117647059
0.22580645161290322
0.24324324324324326
0.2727272727272727
0.2727272727272727
0.2647058823529412
0.34285714285714286
0.3125
0.22580645161290322
0.14705882352941177
0.1891891891891892
0.2222222222222222
0.2222222222222222
0.37142857142857144
0.13333333333333333
0.21052631578947367
0.13513513513513514
0.22857142857142856
0.2777777777777778
0.29411764705882354
0.2903225806451613
0.3
0.36666666666666664
