Overall Mean: 0.25266336277605356
0.2826086956521739
0.2608695652173913
0.2127659574468085
0.2702702702702703
0.1111111111111111
0.3333333333333333
0.375
0.2
0.25
0.3333333333333333
0.2978723404255319
0.3170731707317073
0.2926829268292683
0.2413793103448276
0.13636363636363635
0.2631578947368421
0.21428571428571427
0.18181818181818182
0.3333333333333333
0.3333333333333333
0.2558139534883721
0.23255813953488372
0.2391304347826087
0.34285714285714286
0.17391304347826086
0.2631578947368421
0.2857142857142857
0.1
0.3333333333333333
0.16666666666666666
0.2
0.14285714285714285
0.2765957446808511
0.26666666666666666
0.2727272727272727
0.20833333333333334
0.3157894736842105
0.23076923076923078
0.2
0.25
0.3333333333333333
0.2727272727272727
0.22727272727272727
0.2916666666666667
0.2647058823529412
0.32
0.17647058823529413
0.21428571428571427
0.09090909090909091
0.2
0.375
0.0
0.6
0.2608695652173913
0.2
0.22448979591836735
0.2631578947368421
0.2857142857142857
0.3
0.5
0.2857142857142857
0.0
0.2
0.1956521739130435
0.24444444444444444
0.2222222222222222
0.34285714285714286
0.391304347826087
0.14285714285714285
0.25
0.2222222222222222
0.14285714285714285
0.16666666666666666
0.2
0.2826086956521739
0.2391304347826087
0.17777777777777778
0.35135135135135137
0.3333333333333333
0.1875
0.23076923076923078
0.0
0.2
0.375
0.2
0.3333333333333333
0.25
0.17777777777777778
0.2972972972972973
0.19230769230769232
0.47619047619047616
0.45454545454545453
0.3333333333333333
0.3695652173913043
0.23809523809523808
0.18181818181818182
0.2222222222222222
0.17857142857142858
0.21739130434782608
0.16666666666666666
0.2
0.4166666666666667
0.2857142857142857
0.2
0.26666666666666666
0.2727272727272727
0.3023255813953488
0.2
0.25
0.2222222222222222
0.21428571428571427
0.18181818181818182
0.3333333333333333
0.16666666666666666
0.4
0.2826086956521739
0.24444444444444444
0.1956521739130435
0.1891891891891892
0.23333333333333334
0.30434782608695654
0.25
0.3333333333333333
0.125
0.2857142857142857
0.2
0.2727272727272727
0.29545454545454547
0.27906976744186046
0.1935483870967742
0.2
0.1
0.16666666666666666
0.26666666666666666
0.18181818181818182
0.4444444444444444
0.6
0.2222222222222222
0.22916666666666666
0.30434782608695654
0.21875
0.16
0.2857142857142857
0.4666666666666667
0.375
0.4
0.15555555555555556
0.2857142857142857
0.24444444444444444
0.2647058823529412
0.28
0.2222222222222222
0.14285714285714285
0.16666666666666666
0.4
0.3333333333333333
0.28888888888888886
0.2608695652173913
0.2727272727272727
0.40625
0.21052631578947367
0.2
0.3333333333333333
0.25
0.6666666666666666
0.24444444444444444
0.20930232558139536
0.35555555555555557
0.2413793103448276
0.2727272727272727
0.1875
0.23076923076923078
0.1
0.3333333333333333
0.3333333333333333
0.25
0.27906976744186046
0.3181818181818182
0.3
0.19047619047619047
0.35294117647058826
0.2727272727272727
0.125
0.14285714285714285
0.3333333333333333
0.2222222222222222
0.2553191489361702
0.2978723404255319
0.2727272727272727
0.4166666666666667
0.21428571428571427
0.2727272727272727
0.0
0.5
0.2391304347826087
0.28888888888888886
0.2727272727272727
0.25
0.20833333333333334
0.2631578947368421
0.35714285714285715
0.3333333333333333
0.3333333333333333
0.27906976744186046
0.21739130434782608
0.2608695652173913
0.20588235294117646
0.25925925925925924
0.25
0.06666666666666667
0.2857142857142857
0.2
0.25
0.16666666666666666
0.6
0.25
0.20454545454545456
0.2608695652173913
0.20588235294117646
0.3333333333333333
0.3333333333333333
0.25
0.5555555555555556
0.3181818181818182
0.2558139534883721
0.29545454545454547
0.22580645161290322
0.25
0.3333333333333333
0.25
0.1111111111111111
0.25
0.3333333333333333
0.2608695652173913
0.20454545454545456
0.25
0.21212121212121213
0.19230769230769232
0.3333333333333333
0.14285714285714285
0.4166666666666667
0.42857142857142855
0.2826086956521739
0.22727272727272727
0.2
0.3055555555555556
0.36
0.3125
0.36363636363636365
0.14285714285714285
0.16666666666666666
0.0
0.0
0.4
0.2727272727272727
0.18181818181818182
0.3125
0.36363636363636365
0.3333333333333333
0.35714285714285715
0.1111111111111111
0.0
0.125
0.42857142857142855
0.16279069767441862
0.29545454545454547
0.25
0.24242424242424243
0.32
0.23529411764705882
0.38461538461538464
0.25
0.3333333333333333
0.13333333333333333
0.2978723404255319
0.2222222222222222
0.22857142857142856
0.25925925925925924
0.3
0.07142857142857142
0.3076923076923077
0.4444444444444444
0.4
0.2619047619047619
0.2558139534883721
0.2
0.19444444444444445
0.20689655172413793
0.13043478260869565
0.25
0.26666666666666666
0.45454545454545453
0.8333333333333334
0.23809523809523808
0.22727272727272727
0.2127659574468085
0.24324324324324326
0.2857142857142857
0.25
0.26666666666666666
0.09090909090909091
0.3
0.2857142857142857
0.2
0.1875
0.3191489361702128
0.2619047619047619
0.3548387096774194
0.25
0.26666666666666666
0.36363636363636365
0.2857142857142857
0.0
0.8
0.2222222222222222
0.3191489361702128
0.23809523809523808
0.25
0.4166666666666667
0.21428571428571427
0.36363636363636365
0.0
0.42857142857142855
0.29545454545454547
0.22727272727272727
0.2
0.25
0.2962962962962963
0.3684210526315789
0.4166666666666667
0.14285714285714285
0.16666666666666666
0.6
0.2765957446808511
0.2391304347826087
0.2
0.3333333333333333
0.2916666666666667
0.29411764705882354
0.5
0.0
0.3333333333333333
0.2727272727272727
0.2727272727272727
0.2222222222222222
0.2571428571428571
0.34615384615384615
0.11764705882352941
0.13333333333333333
0.07692307692307693
0.16666666666666666
0.3
0.2857142857142857
0.0
0.0
0.0
0.4
0.1956521739130435
0.22916666666666666
0.2608695652173913
0.23529411764705882
0.23076923076923078
0.2
0.25
0.3333333333333333
0.625
0.20454545454545456
0.25
0.26666666666666666
0.3939393939393939
0.2
0.125
0.35714285714285715
0.1111111111111111
0.375
0.2
0.22727272727272727
0.2608695652173913
0.2826086956521739
0.3333333333333333
0.13636363636363635
0.2631578947368421
0.21428571428571427
0.18181818181818182
0.3333333333333333
0.16666666666666666
0.2
0.26666666666666666
0.22727272727272727
0.26666666666666666
0.21212121212121213
0.19230769230769232
0.19047619047619047
0.35294117647058826
0.2727272727272727
0.25
0.5
0.26666666666666666
0.3111111111111111
0.18604651162790697
0.2571428571428571
0.19230769230769232
0.14285714285714285
0.3888888888888889
0.2727272727272727
0.25
0.3333333333333333
0.2608695652173913
0.29545454545454547
0.25
0.21212121212121213
0.2692307692307692
0.3684210526315789
0.3333333333333333
0.25
0.3333333333333333
0.2222222222222222
0.2708333333333333
0.34782608695652173
0.26666666666666666
0.3181818181818182
0.2
0.25
0.3333333333333333
0.16666666666666666
0.2
0.29545454545454547
0.28888888888888886
0.3023255813953488
0.3333333333333333
0.2
0.25
0.3333333333333333
0.25
0.0
0.5
0.14634146341463414
0.2653061224489796
0.28888888888888886
0.25
0.20833333333333334
0.2631578947368421
0.2857142857142857
0.3
0.14285714285714285
0.0
0.16666666666666666
0.6
0.20930232558139536
0.1956521739130435
0.20408163265306123
0.2564102564102564
0.3103448275862069
0.25
0.13333333333333333
0.23076923076923078
0.1
0.1111111111111111
0.375
0.4
0.22916666666666666
0.24444444444444444
0.3333333333333333
0.34375
0.3333333333333333
0.35714285714285715
0.3333333333333333
0.3333333333333333
0.24489795918367346
0.3333333333333333
0.17777777777777778
0.35135135135135137
0.2916666666666667
0.29411764705882354
0.3333333333333333
0.25
0.3333333333333333
0.2916666666666667
0.26666666666666666
0.3181818181818182
0.16666666666666666
0.24
0.15789473684210525
0.1875
0.0
0.23076923076923078
0.2
0.25
0.3333333333333333
0.2765957446808511
0.2558139534883721
0.3409090909090909
0.4482758620689655
0.4375
0.3333333333333333
0.16666666666666666
0.2
0.20408163265306123
0.2765957446808511
0.15555555555555556
0.2631578947368421
0.21428571428571427
0.22727272727272727
0.23529411764705882
0.23076923076923078
0.4
0.6666666666666666
0.24444444444444444
0.2127659574468085
0.2553191489361702
0.2857142857142857
0.28
0.1111111111111111
0.125
0.21428571428571427
0.36363636363636365
0.0
0.42857142857142855
0.17777777777777778
0.22448979591836735
0.2978723404255319
0.15151515151515152
0.35714285714285715
0.3333333333333333
0.16666666666666666
0.4
0.3333333333333333
0.1956521739130435
0.2127659574468085
0.2391304347826087
0.2571428571428571
0.23076923076923078
0.3
0.21428571428571427
0.18181818181818182
0.3333333333333333
0.16666666666666666
0.0
0.0
0.2
0.21739130434782608
0.22916666666666666
0.2553191489361702
0.2571428571428571
0.3076923076923077
0.16666666666666666
0.26666666666666666
0.09090909090909091
0.2
0.25
0.16666666666666666
0.2
0.23255813953488372
0.25
0.15217391304347827
0.2564102564102564
0.1724137931034483
0.25
0.3333333333333333
0.16666666666666666
0.4
0.16666666666666666
0.4
0.26666666666666666
0.3111111111111111
0.27906976744186046
0.25806451612903225
0.2608695652173913
0.4117647058823529
0.5
0.2
0.22727272727272727
0.2826086956521739
0.25
0.21212121212121213
0.2692307692307692
0.3157894736842105
0.46153846153846156
0.0
0.14285714285714285
0.3333333333333333
0.23404255319148937
0.2
0.23404255319148937
0.3055555555555556
0.16
0.14285714285714285
0.2777777777777778
0.0
0.0
0.38461538461538464
0.5
0.26666666666666666
0.2558139534883721
0.2727272727272727
0.25
0.375
0.26666666666666666
0.18181818181818182
0.4444444444444444
0.4
0.2765957446808511
0.2727272727272727
0.2222222222222222
0.2571428571428571
0.2692307692307692
0.42105263157894735
0.18181818181818182
0.2222222222222222
0.14285714285714285
0.3333333333333333
0.3191489361702128
0.2558139534883721
0.20454545454545456
0.14285714285714285
0.36666666666666664
0.21052631578947367
0.26666666666666666
0.2727272727272727
0.125
0.2857142857142857
0.8
0.30434782608695654
0.17391304347826086
0.2727272727272727
0.3125
0.2727272727272727
0.1875
0.15384615384615385
0.36363636363636365
0.14285714285714285
0.16666666666666666
0.8
0.24444444444444444
0.30434782608695654
0.2558139534883721
0.28125
0.21739130434782608
0.2222222222222222
0.2857142857142857
0.4
0.16666666666666666
0.2
0.24444444444444444
0.22727272727272727
0.3111111111111111
0.3870967741935484
0.10526315789473684
0.23529411764705882
0.46153846153846156
0.14285714285714285
0.6666666666666666
0.22727272727272727
0.37777777777777777
0.23809523809523808
0.3125
0.22727272727272727
0.23529411764705882
0.23076923076923078
0.3
0.14285714285714285
0.0
0.0
0.16666666666666666
0.2
0.2
0.2127659574468085
0.23404255319148937
0.16666666666666666
0.26666666666666666
0.13636363636363635
0.2631578947368421
0.35714285714285715
0.4444444444444444
0.8
0.20930232558139536
0.20833333333333334
0.2708333333333333
0.22857142857142856
0.4074074074074074
0.25
0.16666666666666666
0.2
0.125
0.2857142857142857
0.0
0.4
0.26666666666666666
0.2391304347826087
0.24444444444444444
0.23529411764705882
0.15384615384615385
0.2727272727272727
0.125
0.2857142857142857
0.3
0.14285714285714285
0.0
0.0
0.16666666666666666
0.0
0.0
0.2
0.26666666666666666
0.15555555555555556
0.3125
0.30303030303030304
0.2608695652173913
0.23529411764705882
0.07692307692307693
0.25
0.4444444444444444
0.0
0.2
0.29545454545454547
0.30952380952380953
0.2727272727272727
0.21875
0.28
0.16666666666666666
0.2
0.3333333333333333
0.25
0.3333333333333333
0.2608695652173913
0.3409090909090909
0.2682926829268293
0.23333333333333334
0.17391304347826086
0.2631578947368421
0.14285714285714285
0.08333333333333333
0.2727272727272727
0.375
0.0
0.4
0.26666666666666666
0.25
0.3181818181818182
0.2
0.25
0.2222222222222222
0.14285714285714285
0.3333333333333333
0.375
0.2
0.2857142857142857
0.22727272727272727
0.3333333333333333
0.26666666666666666
0.22727272727272727
0.23529411764705882
0.3076923076923077
0.5555555555555556
0.28888888888888886
0.17777777777777778
0.24444444444444444
0.3235294117647059
0.21739130434782608
0.2222222222222222
0.2857142857142857
0.3
0.2857142857142857
0.6
0.3023255813953488
0.17391304347826086
0.2765957446808511
0.17647058823529413
0.2857142857142857
0.2
0.25
0.25
0.4444444444444444
0.2
0.23404255319148937
0.26666666666666666
0.2765957446808511
0.3235294117647059
0.17391304347826086
0.21052631578947367
0.2
0.16666666666666666
0.3
0.0
0.2857142857142857
0.2
0.24444444444444444
0.27906976744186046
0.3023255813953488
0.16666666666666666
0.24
0.21052631578947367
0.06666666666666667
0.2857142857142857
0.3
0.2857142857142857
0.2
0.18604651162790697
0.23404255319148937
0.1956521739130435
0.2702702702702703
0.2222222222222222
0.2857142857142857
0.13333333333333333
0.3076923076923077
0.2222222222222222
0.42857142857142855
0.2608695652173913
0.22727272727272727
0.1956521739130435
0.10810810810810811
0.21212121212121213
0.11538461538461539
0.2608695652173913
0.47058823529411764
0.1111111111111111
0.0
0.25
0.3333333333333333
0.20454545454545456
0.20454545454545456
0.22916666666666666
0.24324324324324326
0.32142857142857145
0.10526315789473684
0.29411764705882354
0.4166666666666667
0.2857142857142857
0.4
0.2727272727272727
0.26666666666666666
0.18181818181818182
0.1388888888888889
0.12903225806451613
0.2962962962962963
0.2631578947368421
0.2857142857142857
0.1
0.1111111111111111
0.375
0.0
0.2
0.2558139534883721
0.2727272727272727
0.2978723404255319
0.18181818181818182
0.3333333333333333
0.2777777777777778
0.07692307692307693
0.25
0.1111111111111111
0.125
0.42857142857142855
0.2765957446808511
0.3404255319148936
0.3023255813953488
0.16666666666666666
0.24
0.3684210526315789
0.25
0.1111111111111111
0.125
0.2857142857142857
0.2
0.2727272727272727
0.2608695652173913
0.21739130434782608
0.25
0.25925925925925924
0.2
0.3125
0.2727272727272727
0.25
0.0
0.16666666666666666
0.2
0.2391304347826087
0.2553191489361702
0.17777777777777778
0.1891891891891892
0.3
0.23809523809523808
0.1875
0.38461538461538464
0.125
0.14285714285714285
0.16666666666666666
0.0
0.4
0.2558139534883721
0.2727272727272727
0.25
0.24242424242424243
0.24
0.15789473684210525
0.1875
0.07692307692307693
0.25
0.4444444444444444
0.0
0.6
0.23255813953488372
0.32608695652173914
0.32558139534883723
0.27586206896551724
0.14285714285714285
0.2222222222222222
0.35714285714285715
0.3333333333333333
0.0
0.5
0.26666666666666666
0.11627906976744186
0.24489795918367346
0.24324324324324326
0.39285714285714285
0.17647058823529413
0.21428571428571427
0.18181818181818182
0.2222222222222222
0.2857142857142857
0.2
0.2619047619047619
0.2608695652173913
0.23255813953488372
0.21212121212121213
0.3076923076923077
0.16666666666666666
0.13333333333333333
0.3076923076923077
0.2222222222222222
0.14285714285714285
0.3333333333333333
0.23255813953488372
0.23404255319148937
0.2727272727272727
0.21875
0.2
0.2
0.3125
0.09090909090909091
0.3
0.2857142857142857
0.4
0.17391304347826086
0.2653061224489796
0.17777777777777778
0.32432432432432434
0.2
0.2
0.125
0.35714285714285715
0.3333333333333333
0.16666666666666666
0.4
0.2391304347826087
0.3111111111111111
0.24444444444444444
0.3235294117647059
0.21739130434782608
0.16666666666666666
0.4
0.2222222222222222
0.14285714285714285
0.3333333333333333
0.2
0.2916666666666667
0.22727272727272727
0.2647058823529412
0.28
0.2777777777777778
0.3076923076923077
0.0
0.3333333333333333
0.3333333333333333
0.25
0.22727272727272727
0.23404255319148937
0.19444444444444445
0.27586206896551724
0.2857142857142857
0.2
0.16666666666666666
0.1
0.2222222222222222
0.14285714285714285
0.16666666666666666
0.2
0.3333333333333333
0.21951219512195122
0.22916666666666666
0.21621621621621623
0.3448275862068966
0.15789473684210525
0.1875
0.3076923076923077
0.2222222222222222
0.0
0.14285714285714285
0.5
0.2653061224489796
0.2
0.2222222222222222
0.2857142857142857
0.24
0.15789473684210525
0.1875
0.23076923076923078
0.0
0.1
0.4444444444444444
0.0
0.0
0.4
0.26666666666666666
0.26666666666666666
0.28888888888888886
0.21875
0.32
0.23529411764705882
0.23076923076923078
0.0
0.3
0.14285714285714285
0.16666666666666666
0.2
0.2127659574468085
0.2553191489361702
0.3181818181818182
0.3
0.38095238095238093
0.3076923076923077
0.3333333333333333
0.5
0.2553191489361702
0.26666666666666666
0.23255813953488372
0.2727272727272727
0.25
0.3888888888888889
0.36363636363636365
0.42857142857142855
0.23255813953488372
0.28888888888888886
0.32558139534883723
0.27586206896551724
0.2857142857142857
0.13333333333333333
0.07692307692307693
0.08333333333333333
0.36363636363636365
0.0
0.2857142857142857
0.2
0.2391304347826087
0.1956521739130435
0.2553191489361702
0.34285714285714286
0.17391304347826086
0.3157894736842105
0.07692307692307693
0.3333333333333333
0.25
0.0
0.3333333333333333
0.2727272727272727
0.25
0.21739130434782608
0.2777777777777778
0.19230769230769232
0.38095238095238093
0.3076923076923077
0.3333333333333333
0.3333333333333333
0.2608695652173913
0.24444444444444444
0.25
0.15151515151515152
0.21428571428571427
0.09090909090909091
0.3
0.2857142857142857
0.2
0.25
0.3333333333333333
0.29545454545454547
0.2826086956521739
0.21428571428571427
0.21212121212121213
0.23076923076923078
0.3
0.2857142857142857
0.5
0.4
0.3111111111111111
0.21428571428571427
0.2916666666666667
0.23529411764705882
0.19230769230769232
0.38095238095238093
0.3076923076923077
0.2222222222222222
0.14285714285714285
0.3333333333333333
0.24444444444444444
0.17391304347826086
0.2857142857142857
0.22857142857142856
0.25925925925925924
0.35
0.3076923076923077
0.1111111111111111
0.5
0.30952380952380953
0.23809523809523808
0.32608695652173914
0.22580645161290322
0.125
0.3333333333333333
0.2857142857142857
0.1
0.1111111111111111
0.125
0.14285714285714285
0.16666666666666666
0.0
0.6
0.2
0.21739130434782608
0.21739130434782608
0.16666666666666666
0.26666666666666666
0.18181818181818182
0.2777777777777778
0.23076923076923078
0.2
0.25
0.16666666666666666
0.2
0.2222222222222222
0.17777777777777778
0.21739130434782608
0.3611111111111111
0.2608695652173913
0.29411764705882354
0.4166666666666667
0.2857142857142857
0.2
0.21739130434782608
0.2608695652173913
0.26666666666666666
0.36363636363636365
0.2857142857142857
0.3333333333333333
0.1
0.2222222222222222
0.2857142857142857
0.0
0.4
0.29545454545454547
0.21428571428571427
0.30434782608695654
0.1875
0.2692307692307692
0.21052631578947367
0.3333333333333333
0.2
0.375
0.6
0.2727272727272727
0.2558139534883721
0.28888888888888886
0.28125
0.21739130434782608
0.2222222222222222
0.21428571428571427
0.36363636363636365
0.14285714285714285
0.3333333333333333
0.32608695652173914
0.30952380952380953
0.23255813953488372
0.21212121212121213
0.3076923076923077
0.2222222222222222
0.21428571428571427
0.09090909090909091
0.2
0.125
0.2857142857142857
0.4
0.30434782608695654
0.27906976744186046
0.3181818181818182
0.26666666666666666
0.2727272727272727
0.1875
0.07692307692307693
0.3333333333333333
0.5
0.3023255813953488
0.24444444444444444
0.2608695652173913
0.14705882352941177
0.1724137931034483
0.3333333333333333
0.1875
0.23076923076923078
0.1
0.3333333333333333
0.3333333333333333
0.1956521739130435
0.3333333333333333
0.20930232558139536
0.23529411764705882
0.38461538461538464
0.125
0.35714285714285715
0.1111111111111111
0.0
0.375
0.4
0.3333333333333333
0.21428571428571427
0.2653061224489796
0.3333333333333333
0.2916666666666667
0.23529411764705882
0.3076923076923077
0.3333333333333333
0.16666666666666666
0.2
0.26666666666666666
0.28888888888888886
0.27906976744186046
0.2903225806451613
0.13636363636363635
0.15789473684210525
0.25
0.3333333333333333
0.0
0.25
0.3333333333333333
0.26666666666666666
0.20930232558139536
0.1956521739130435
0.2972972972972973
0.23076923076923078
0.25
0.26666666666666666
0.18181818181818182
0.1111111111111111
0.375
0.0
0.2
0.27906976744186046
0.3181818181818182
0.21428571428571427
0.2727272727272727
0.375
0.4
0.3333333333333333
0.3333333333333333
0.20454545454545456
0.2222222222222222
0.21739130434782608
0.2222222222222222
0.25
0.09523809523809523
0.21052631578947367
0.13333333333333333
0.3076923076923077
0.1111111111111111
0.125
0.14285714285714285
0.0
0.16666666666666666
0.2
0.18181818181818182
0.32653061224489793
0.29545454545454547
0.2903225806451613
0.3181818181818182
0.2
0.16666666666666666
0.3
0.14285714285714285
0.16666666666666666
0.0
0.4
0.2619047619047619
0.26666666666666666
0.2619047619047619
0.22580645161290322
0.25
0.2222222222222222
0.2857142857142857
0.2
0.25
0.3333333333333333
0.21739130434782608
0.23404255319148937
0.17777777777777778
0.24324324324324326
0.2857142857142857
0.2
0.1875
0.5384615384615384
0.16666666666666666
0.0
0.2
0.2727272727272727
0.3111111111111111
0.2222222222222222
0.22857142857142856
0.18518518518518517
0.2727272727272727
0.125
0.21428571428571427
0.09090909090909091
0.5
0.0
0.4
0.21739130434782608
0.17391304347826086
0.2826086956521739
0.2727272727272727
0.3333333333333333
0.25
0.25
0.4444444444444444
0.4
0.2727272727272727
0.24444444444444444
0.21739130434782608
0.25
0.2222222222222222
0.3333333333333333
0.2857142857142857
0.2
0.125
0.2857142857142857
0.6
0.26666666666666666
0.2
0.2765957446808511
0.3235294117647059
0.30434782608695654
0.3125
0.18181818181818182
0.3333333333333333
0.16666666666666666
0.6
0.2916666666666667
0.26666666666666666
0.30434782608695654
0.3125
0.2727272727272727
0.125
0.35714285714285715
0.2222222222222222
0.14285714285714285
0.0
0.0
0.3333333333333333
0.26666666666666666
0.2608695652173913
0.26666666666666666
0.3333333333333333
0.18181818181818182
0.2222222222222222
0.21428571428571427
0.45454545454545453
0.3333333333333333
0.24390243902439024
0.2
0.17391304347826086
0.18421052631578946
0.22580645161290322
0.25
0.2222222222222222
0.21428571428571427
0.45454545454545453
0.16666666666666666
0.4
0.23809523809523808
0.3409090909090909
0.23809523809523808
0.28125
0.34782608695652173
0.2
0.16666666666666666
0.1
0.1111111111111111
0.5
0.17777777777777778
0.2127659574468085
0.2608695652173913
0.20588235294117646
0.25925925925925924
0.25
0.13333333333333333
0.23076923076923078
0.3
0.0
0.14285714285714285
0.16666666666666666
0.2
0.2558139534883721
0.22727272727272727
0.2608695652173913
0.20588235294117646
0.25925925925925924
0.25
0.4666666666666667
0.25
0.0
0.16666666666666666
0.4
0.18181818181818182
0.19148936170212766
0.2553191489361702
0.2571428571428571
0.19230769230769232
0.2857142857142857
0.2
0.25
0.1111111111111111
0.125
0.0
0.2857142857142857
0.4
0.17777777777777778
0.28888888888888886
0.26666666666666666
0.21212121212121213
0.23076923076923078
0.25
0.06666666666666667
0.2857142857142857
0.3
0.2857142857142857
0.0
0.4
0.2
0.3111111111111111
0.2558139534883721
0.3125
0.2727272727272727
0.25
0.16666666666666666
0.2
0.25
0.16666666666666666
0.4
0.32558139534883723
0.2558139534883721
0.25
0.21212121212121213
0.23076923076923078
0.35
0.15384615384615385
0.36363636363636365
0.42857142857142855
0.27906976744186046
0.2727272727272727
0.3333333333333333
0.25
0.3333333333333333
0.21428571428571427
0.2727272727272727
0.5
0.24444444444444444
0.2
0.2765957446808511
0.3235294117647059
0.2608695652173913
0.35294117647058826
0.2727272727272727
0.125
0.0
0.2857142857142857
0.0
0.4
0.3111111111111111
0.20930232558139536
0.1956521739130435
0.2702702702702703
0.25925925925925924
0.2
0.25
0.16666666666666666
0.2
0.25
0.5
0.16666666666666666
0.23404255319148937
0.23404255319148937
0.25
0.2962962962962963
0.3157894736842105
0.23076923076923078
0.4
0.3333333333333333
0.16279069767441862
0.3333333333333333
0.3488372093023256
0.25
0.19047619047619047
0.11764705882352941
0.26666666666666666
0.18181818181818182
0.3333333333333333
0.5
0.23809523809523808
0.17777777777777778
0.23404255319148937
0.25
0.2962962962962963
0.21052631578947367
0.4
0.3333333333333333
0.3333333333333333
0.27906976744186046
0.23255813953488372
0.24444444444444444
0.38235294117647056
0.3333333333333333
0.2857142857142857
0.4
0.0
0.16666666666666666
0.4
0.21951219512195122
0.2765957446808511
0.20930232558139536
0.17647058823529413
0.21428571428571427
0.3181818181818182
0.4666666666666667
0.125
0.2857142857142857
0.0
0.2
0.27906976744186046
0.25
0.24444444444444444
0.23529411764705882
0.38461538461538464
0.25
0.25
0.1111111111111111
0.625
0.27906976744186046
0.28888888888888886
0.3023255813953488
0.43333333333333335
0.23529411764705882
0.15384615384615385
0.2727272727272727
0.375
0.2
0.2857142857142857
0.29545454545454547
0.2727272727272727
0.21875
0.32
0.11764705882352941
0.06666666666666667
0.42857142857142855
0.25
0.16666666666666666
0.4
0.2558139534883721
0.17391304347826086
0.2826086956521739
0.2727272727272727
0.25
0.5555555555555556
0.0
0.25
0.16666666666666666
0.2
0.24444444444444444
0.2222222222222222
0.17391304347826086
0.2631578947368421
0.32142857142857145
0.15789473684210525
0.25
0.5
0.5
0.175
0.22916666666666666
0.22727272727272727
0.2647058823529412
0.24
0.21052631578947367
0.3333333333333333
0.3
0.0
0.14285714285714285
0.3333333333333333
0.21739130434782608
0.21739130434782608
0.3333333333333333
0.34375
0.19047619047619047
0.29411764705882354
0.08333333333333333
0.18181818181818182
0.1111111111111111
0.5
0.25
0.2619047619047619
0.26666666666666666
0.30303030303030304
0.30434782608695654
0.125
0.2857142857142857
0.3
0.14285714285714285
0.3333333333333333
0.22727272727272727
0.2765957446808511
0.27906976744186046
0.22580645161290322
0.25
0.3333333333333333
0.4166666666666667
0.0
0.14285714285714285
0.16666666666666666
0.2
0.16279069767441862
0.14893617021276595
0.22916666666666666
0.21621621621621623
0.20689655172413793
0.30434782608695654
0.1875
0.07692307692307693
0.3333333333333333
0.25
0.3333333333333333
0.2826086956521739
0.17777777777777778
0.22727272727272727
0.17647058823529413
0.35714285714285715
0.2777777777777778
0.3076923076923077
0.1111111111111111
0.25
0.5
0.29545454545454547
0.20930232558139536
0.30434782608695654
0.21875
0.2
0.25
0.26666666666666666
0.2727272727272727
0.25
0.0
0.16666666666666666
0.6
0.26666666666666666
0.29545454545454547
0.26666666666666666
0.24242424242424243
0.28
0.4444444444444444
0.2
0.25
0.5
0.2727272727272727
0.30434782608695654
0.22727272727272727
0.2647058823529412
0.32
0.11764705882352941
0.26666666666666666
0.2727272727272727
0.5
0.2619047619047619
0.2391304347826087
0.2222222222222222
0.2571428571428571
0.23076923076923078
0.2
0.3125
0.09090909090909091
0.4
0.0
0.3333333333333333
0.2391304347826087
0.2727272727272727
0.20454545454545456
0.2571428571428571
0.19230769230769232
0.23809523809523808
0.25
0.08333333333333333
0.18181818181818182
0.1111111111111111
0.25
0.16666666666666666
0.2
0.22727272727272727
0.3191489361702128
0.2857142857142857
0.2
0.25
0.3333333333333333
0.25
0.2222222222222222
0.2857142857142857
0.6
0.2619047619047619
0.17777777777777778
0.2222222222222222
0.2857142857142857
0.2
0.25
0.3333333333333333
0.5
0.2
0.2727272727272727
0.2608695652173913
0.2608695652173913
0.23529411764705882
0.11538461538461539
0.34782608695652173
0.26666666666666666
0.18181818181818182
0.4444444444444444
0.6
0.26666666666666666
0.25
0.25
0.2727272727272727
0.20833333333333334
0.15789473684210525
0.3125
0.36363636363636365
0.2857142857142857
0.0
0.2
0.24444444444444444
0.2708333333333333
0.17073170731707318
0.2647058823529412
0.32
0.11764705882352941
0.2
0.5
0.16666666666666666
0.4
0.24444444444444444
0.1590909090909091
0.2222222222222222
0.34285714285714286
0.21739130434782608
0.1111111111111111
0.25
0.25
0.2222222222222222
0.14285714285714285
0.6666666666666666
0.2608695652173913
0.23809523809523808
0.22727272727272727
0.14705882352941177
0.20689655172413793
0.34782608695652173
0.4666666666666667
0.125
0.0
0.5714285714285714
0.25
0.18181818181818182
0.3191489361702128
0.1875
0.19230769230769232
0.19047619047619047
0.17647058823529413
0.5
0.2857142857142857
0.4
0.22727272727272727
0.2826086956521739
0.2619047619047619
0.22580645161290322
0.20833333333333334
0.3157894736842105
0.15384615384615385
0.0
0.18181818181818182
0.2222222222222222
0.14285714285714285
0.5
0.2727272727272727
0.22727272727272727
0.18604651162790697
0.2857142857142857
0.24
0.3157894736842105
0.3076923076923077
0.1111111111111111
0.25
0.0
0.16666666666666666
0.0
0.2
0.2222222222222222
0.2978723404255319
0.2727272727272727
0.25
0.2916666666666667
0.29411764705882354
0.16666666666666666
0.3
0.14285714285714285
0.3333333333333333
0.3409090909090909
0.20454545454545456
0.24444444444444444
0.20588235294117646
0.25925925925925924
0.2
0.1875
0.23076923076923078
0.2
0.5
0.21739130434782608
0.26666666666666666
0.20454545454545456
0.14285714285714285
0.3333333333333333
0.15
0.17647058823529413
0.2857142857142857
0.3
0.2857142857142857
0.2
0.22727272727272727
0.2708333333333333
0.3181818181818182
0.23333333333333334
0.30434782608695654
0.3125
0.18181818181818182
0.1111111111111111
0.5
0.26666666666666666
0.21739130434782608
0.3191489361702128
0.21875
0.32
0.35294117647058826
0.2727272727272727
0.25
0.0
0.5
0.2727272727272727
0.26666666666666666
0.30952380952380953
0.20689655172413793
0.2608695652173913
0.17647058823529413
0.21428571428571427
0.2727272727272727
0.375
0.0
0.2
0.20454545454545456
0.2826086956521739
0.28888888888888886
0.1875
0.3076923076923077
0.4444444444444444
0.2
0.25
0.5
0.22727272727272727
0.2916666666666667
0.2727272727272727
0.1875
0.19230769230769232
0.19047619047619047
0.23529411764705882
0.3076923076923077
0.2222222222222222
0.14285714285714285
0.6666666666666666
0.2765957446808511
0.23255813953488372
0.36363636363636365
0.25
0.23809523809523808
0.4375
0.3333333333333333
0.16666666666666666
0.4
0.2608695652173913
0.26666666666666666
0.2127659574468085
0.2702702702702703
0.37037037037037035
0.23529411764705882
0.07692307692307693
0.16666666666666666
0.3
0.14285714285714285
0.3333333333333333
0.2826086956521739
0.2727272727272727
0.23255813953488372
0.21212121212121213
0.3076923076923077
0.2777777777777778
0.3076923076923077
0.2222222222222222
0.14285714285714285
0.5
0.2826086956521739
0.22727272727272727
0.3333333333333333
0.2
0.25
0.16666666666666666
0.2
0.25
0.2222222222222222
0.2857142857142857
0.6
0.15217391304347827
0.17391304347826086
0.28888888888888886
0.40625
0.15789473684210525
0.125
0.21428571428571427
0.36363636363636365
0.14285714285714285
0.5
0.27906976744186046
0.2222222222222222
0.2553191489361702
0.22857142857142856
0.25925925925925924
0.2
0.3125
0.2727272727272727
0.125
0.42857142857142855
0.1956521739130435
0.2553191489361702
0.2
0.1388888888888889
0.25806451612903225
0.30434782608695654
0.3125
0.18181818181818182
0.1111111111111111
0.25
0.5
0.1956521739130435
0.2553191489361702
0.2727272727272727
0.25
0.20833333333333334
0.21052631578947367
0.26666666666666666
0.09090909090909091
0.2
0.0
0.25
0.6666666666666666
0.2558139534883721
0.26666666666666666
0.1590909090909091
0.2702702702702703
0.18518518518518517
0.3181818181818182
0.26666666666666666
0.2727272727272727
0.125
0.14285714285714285
0.0
0.3333333333333333
0.225
0.26666666666666666
0.20454545454545456
0.2571428571428571
0.2692307692307692
0.10526315789473684
0.29411764705882354
0.16666666666666666
0.3
0.42857142857142855
0.2553191489361702
0.23404255319148937
0.3125
0.2727272727272727
0.16666666666666666
0.2
0.375
0.3
0.14285714285714285
0.3333333333333333
0.1956521739130435
0.1875
0.20408163265306123
0.20512820512820512
0.22580645161290322
0.25
0.2222222222222222
0.35714285714285715
0.3333333333333333
0.16666666666666666
0.4
0.2727272727272727
0.2558139534883721
0.1956521739130435
0.2702702702702703
0.2222222222222222
0.19047619047619047
0.17647058823529413
0.2857142857142857
0.4
0.3333333333333333
0.2558139534883721
0.21739130434782608
0.15217391304347827
0.23076923076923078
0.3333333333333333
0.3
0.14285714285714285
0.08333333333333333
0.18181818181818182
0.1111111111111111
0.125
0.42857142857142855
0.2391304347826087
0.18181818181818182
0.30434782608695654
0.15625
0.18518518518518517
0.18181818181818182
0.2222222222222222
0.42857142857142855
0.25
0.5
0.32558139534883723
0.2826086956521739
0.20454545454545456
0.2
0.25
0.5238095238095238
0.3
0.2857142857142857
0.2
0.27906976744186046
0.3333333333333333
0.23255813953488372
0.24242424242424243
0.32
0.35294117647058826
0.2727272727272727
0.25
0.3333333333333333
0.14893617021276595
0.20408163265306123
0.28888888888888886
0.21875
0.24
0.2631578947368421
0.21428571428571427
0.09090909090909091
0.3
0.14285714285714285
0.3333333333333333
0.24444444444444444
0.3409090909090909
0.23255813953488372
0.2727272727272727
0.2916666666666667
0.17647058823529413
0.21428571428571427
0.36363636363636365
0.42857142857142855
0.2826086956521739
0.2727272727272727
0.24444444444444444
0.35294117647058826
0.22727272727272727
0.17647058823529413
0.21428571428571427
0.45454545454545453
0.16666666666666666
0.4
0.17391304347826086
0.2916666666666667
0.2558139534883721
0.28125
0.21739130434782608
0.2777777777777778
0.3076923076923077
0.3333333333333333
0.16666666666666666
0.2
0.28888888888888886
0.20454545454545456
0.14893617021276595
0.225
0.3548387096774194
0.2
0.1875
0.23076923076923078
0.2
0.25
0.3333333333333333
0.2708333333333333
0.24444444444444444
0.29545454545454547
0.3225806451612903
0.38095238095238093
0.15384615384615385
0.18181818181818182
0.2222222222222222
0.42857142857142855
0.21739130434782608
0.3404255319148936
0.1951219512195122
0.21212121212121213
0.2692307692307692
0.2631578947368421
0.21428571428571427
0.2727272727272727
0.625
0.26666666666666666
0.2727272727272727
0.21739130434782608
0.19444444444444445
0.3793103448275862
0.2222222222222222
0.2857142857142857
0.2
0.25
0.3333333333333333
0.3191489361702128
0.3333333333333333
0.18604651162790697
0.2
0.32142857142857145
0.3157894736842105
0.15384615384615385
0.5454545454545454
0.0
0.2
0.27906976744186046
0.1956521739130435
0.2553191489361702
0.2571428571428571
0.23076923076923078
0.25
0.4
0.2222222222222222
0.14285714285714285
0.16666666666666666
0.6
0.29545454545454547
0.3023255813953488
0.18604651162790697
0.4
0.3333333333333333
0.14285714285714285
0.16666666666666666
0.2
0.25
0.16666666666666666
0.4
0.2553191489361702
0.2826086956521739
0.2765957446808511
0.3235294117647059
0.2608695652173913
0.23529411764705882
0.23076923076923078
0.2
0.25
0.3333333333333333
0.2391304347826087
0.18604651162790697
0.26666666666666666
0.21212121212121213
0.15384615384615385
0.18181818181818182
0.16666666666666666
0.2
0.25
0.2222222222222222
0.2857142857142857
0.0
0.4
0.29545454545454547
0.3409090909090909
0.32558139534883723
0.27586206896551724
0.14285714285714285
0.16666666666666666
0.26666666666666666
0.45454545454545453
0.3333333333333333
0.26666666666666666
0.26666666666666666
0.2222222222222222
0.17142857142857143
0.2413793103448276
0.22727272727272727
0.23529411764705882
0.23076923076923078
0.2
0.25
0.16666666666666666
0.4
0.29545454545454547
0.25
0.23255813953488372
0.24242424242424243
0.12
0.22727272727272727
0.17647058823529413
0.2857142857142857
0.2
0.125
0.0
0.14285714285714285
0.3333333333333333
0.2558139534883721
0.3695652173913043
0.23809523809523808
0.1875
0.34615384615384615
0.35294117647058826
0.18181818181818182
0.2222222222222222
0.42857142857142855
0.2391304347826087
0.2916666666666667
0.2857142857142857
0.23333333333333334
0.17391304347826086
0.3157894736842105
0.23076923076923078
0.2
0.0
0.125
0.42857142857142855
0.25
0.27906976744186046
0.28888888888888886
0.25
0.25
0.2222222222222222
0.35714285714285715
0.3333333333333333
0.5
0.2727272727272727
0.2391304347826087
0.20454545454545456
0.2571428571428571
0.19230769230769232
0.14285714285714285
0.2222222222222222
0.35714285714285715
0.0
0.3333333333333333
0.16666666666666666
0.2
0.3409090909090909
0.23255813953488372
0.2916666666666667
0.35294117647058826
0.3181818181818182
0.26666666666666666
0.18181818181818182
0.2222222222222222
0.2857142857142857
0.0
0.2
0.25
0.2608695652173913
0.20454545454545456
0.22857142857142856
0.2222222222222222
0.3333333333333333
0.42857142857142855
0.125
0.14285714285714285
0.16666666666666666
0.4
0.2708333333333333
0.28888888888888886
0.2619047619047619
0.25806451612903225
0.30434782608695654
0.25
0.25
0.1111111111111111
0.25
0.3333333333333333
0.24444444444444444
0.17391304347826086
0.2127659574468085
0.2702702702702703
0.18518518518518517
0.2727272727272727
0.1875
0.23076923076923078
0.2
0.125
0.2857142857142857
0.6
0.3111111111111111
0.20454545454545456
0.2553191489361702
0.2857142857142857
0.32
0.17647058823529413
0.14285714285714285
0.25
0.3333333333333333
0.16666666666666666
0.2
0.20454545454545456
0.23404255319148937
0.2553191489361702
0.2571428571428571
0.2692307692307692
0.3684210526315789
0.08333333333333333
0.5454545454545454
0.2
0.22916666666666666
0.2391304347826087
0.17777777777777778
0.21621621621621623
0.3793103448275862
0.4444444444444444
0.3
0.42857142857142855
0.27906976744186046
0.28888888888888886
0.23809523809523808
0.21875
0.24
0.3684210526315789
0.4166666666666667
0.42857142857142855
0.2391304347826087
0.22727272727272727
0.2608695652173913
0.2647058823529412
0.2
0.2
0.125
0.14285714285714285
0.25
0.2222222222222222
0.2857142857142857
0.4
0.3111111111111111
0.19047619047619047
0.2608695652173913
0.2647058823529412
0.32
0.23529411764705882
0.38461538461538464
0.25
0.3333333333333333
0.23255813953488372
0.2127659574468085
0.24444444444444444
0.2647058823529412
0.32
0.29411764705882354
0.3333333333333333
0.125
0.14285714285714285
0.16666666666666666
0.2
0.16279069767441862
0.2608695652173913
0.24444444444444444
0.29411764705882354
0.4166666666666667
0.2857142857142857
0.3
0.2857142857142857
0.6
0.2222222222222222
0.2222222222222222
0.24444444444444444
0.23529411764705882
0.3076923076923077
0.2777777777777778
0.38461538461538464
0.375
0.4
0.3023255813953488
0.23809523809523808
0.2391304347826087
0.22857142857142856
0.2222222222222222
0.42857142857142855
0.25
0.3333333333333333
0.0
0.5
0.3191489361702128
0.18604651162790697
0.2553191489361702
0.17142857142857143
0.13793103448275862
0.32
0.11764705882352941
0.4
0.3333333333333333
0.0
0.3333333333333333
0.26
0.2391304347826087
0.2608695652173913
0.23529411764705882
0.23076923076923078
0.4
0.25
0.5555555555555556
0.24390243902439024
0.2826086956521739
0.2608695652173913
0.20588235294117646
0.2222222222222222
0.19047619047619047
0.29411764705882354
0.3333333333333333
0.375
0.4
0.2826086956521739
0.27906976744186046
0.24444444444444444
0.38235294117647056
0.2857142857142857
0.26666666666666666
0.18181818181818182
0.3333333333333333
0.16666666666666666
0.2
0.2391304347826087
0.2
0.2708333333333333
0.2
0.2857142857142857
0.15
0.29411764705882354
0.0
0.25
0.0
0.2222222222222222
0.14285714285714285
0.16666666666666666
0.8
0.2391304347826087
0.2826086956521739
0.26666666666666666
0.42424242424242425
0.2631578947368421
0.2857142857142857
0.1
0.3333333333333333
0.16666666666666666
0.4
0.27906976744186046
0.26666666666666666
0.3409090909090909
0.27586206896551724
0.09523809523809523
0.3157894736842105
0.23076923076923078
0.3
0.5714285714285714
0.2857142857142857
0.20930232558139536
0.3333333333333333
0.23333333333333334
0.34782608695652173
0.26666666666666666
0.45454545454545453
0.16666666666666666
0.6
0.17777777777777778
0.2653061224489796
0.26666666666666666
0.24242424242424243
0.32
0.11764705882352941
0.13333333333333333
0.07692307692307693
0.25
0.4444444444444444
0.0
0.4
0.2826086956521739
0.26666666666666666
0.2826086956521739
0.30303030303030304
0.21739130434782608
0.2777777777777778
0.07692307692307693
0.3333333333333333
0.5
0.2391304347826087
0.1956521739130435
0.2553191489361702
0.2
0.25
0.19047619047619047
0.17647058823529413
0.35714285714285715
0.1111111111111111
0.25
0.16666666666666666
0.0
0.2
0.2727272727272727
0.20930232558139536
0.2608695652173913
0.17647058823529413
0.25
0.14285714285714285
0.1111111111111111
0.25
0.25
0.2222222222222222
0.0
0.2857142857142857
0.4
0.3333333333333333
0.2558139534883721
0.2222222222222222
0.2857142857142857
0.2
0.25
0.2
0.25
0.3333333333333333
0.3333333333333333
0.2826086956521739
0.18604651162790697
0.2
0.1388888888888889
0.25806451612903225
0.17391304347826086
0.3684210526315789
0.16666666666666666
0.1
0.2222222222222222
0.2857142857142857
0.2
0.2391304347826087
0.2978723404255319
0.26666666666666666
0.21212121212121213
0.15384615384615385
0.22727272727272727
0.29411764705882354
0.3333333333333333
0.125
0.14285714285714285
0.5
0.2558139534883721
0.24444444444444444
0.14285714285714285
0.19444444444444445
0.2413793103448276
0.2727272727272727
0.1875
0.38461538461538464
0.375
0.2
0.2608695652173913
0.28888888888888886
0.3111111111111111
0.25806451612903225
0.21739130434782608
0.1111111111111111
0.1875
0.23076923076923078
0.2
0.125
0.14285714285714285
0.5
0.25
0.2
0.2127659574468085
0.24324324324324326
0.25
0.19047619047619047
0.17647058823529413
0.35714285714285715
0.2222222222222222
0.14285714285714285
0.16666666666666666
0.4
0.2765957446808511
0.25
0.30434782608695654
0.25
0.25
0.2222222222222222
0.2857142857142857
0.0
0.2
0.25
0.3333333333333333
0.25
0.13636363636363635
0.2857142857142857
0.22857142857142856
0.4074074074074074
0.375
0.2
0.25
0.3333333333333333
0.21739130434782608
0.2765957446808511
0.3111111111111111
0.25806451612903225
0.2608695652173913
0.11764705882352941
0.26666666666666666
0.18181818181818182
0.2222222222222222
0.5714285714285714
0.25
0.2391304347826087
0.2608695652173913
0.3235294117647059
0.17391304347826086
0.3684210526315789
0.16666666666666666
0.2
0.0
0.25
0.16666666666666666
0.4
0.2608695652173913
0.2608695652173913
0.28888888888888886
0.28125
0.43478260869565216
0.15384615384615385
0.36363636363636365
0.2857142857142857
0.4
0.1590909090909091
0.22916666666666666
0.14893617021276595
0.275
0.3103448275862069
0.2
0.25
0.25
0.3333333333333333
0.16666666666666666
0.2
0.2978723404255319
0.2
0.28888888888888886
0.28125
0.21739130434782608
0.16666666666666666
0.3333333333333333
0.2
0.0
0.375
0.0
0.2
0.2222222222222222
0.2553191489361702
0.24444444444444444
0.35294117647058826
0.45454545454545453
0.4166666666666667
0.2857142857142857
0.2
0.2608695652173913
0.26666666666666666
0.2826086956521739
0.24242424242424243
0.2
0.3
0.2857142857142857
0.7
0.27906976744186046
0.21428571428571427
0.24444444444444444
0.14705882352941177
0.3103448275862069
0.25
0.13333333333333333
0.38461538461538464
0.25
0.0
0.16666666666666666
0.4
0.24444444444444444
0.2608695652173913
0.22727272727272727
0.2647058823529412
0.36
0.25
0.16666666666666666
0.3
0.2857142857142857
0.2
0.2727272727272727
0.2391304347826087
0.2558139534883721
0.25
0.125
0.19047619047619047
0.23529411764705882
0.3076923076923077
0.3333333333333333
0.16666666666666666
0.0
0.0
0.2
0.18604651162790697
0.2978723404255319
0.2222222222222222
0.2571428571428571
0.3076923076923077
0.16666666666666666
0.13333333333333333
0.38461538461538464
0.375
0.0
0.6
0.2127659574468085
0.30434782608695654
0.27906976744186046
0.1935483870967742
0.24
0.21052631578947367
0.3333333333333333
0.6
0.2222222222222222
0.2608695652173913
0.2222222222222222
0.2571428571428571
0.2692307692307692
0.42105263157894735
0.5454545454545454
0.2
0.27906976744186046
0.2222222222222222
0.3617021276595745
0.2
0.25
0.2777777777777778
0.23076923076923078
0.2
0.0
0.5
0.1951219512195122
0.17777777777777778
0.2826086956521739
0.21212121212121213
0.2692307692307692
0.3157894736842105
0.07692307692307693
0.08333333333333333
0.18181818181818182
0.3333333333333333
0.3333333333333333
0.2
0.21739130434782608
0.17391304347826086
0.2894736842105263
0.2962962962962963
0.3157894736842105
0.38461538461538464
0.0
0.375
0.2
0.2608695652173913
0.2558139534883721
0.22727272727272727
0.20588235294117646
0.25925925925925924
0.3
0.2857142857142857
0.1
0.5555555555555556
0.21739130434782608
0.24444444444444444
0.25
0.24242424242424243
0.32
0.35294117647058826
0.2727272727272727
0.125
0.14285714285714285
0.0
0.0
0.3333333333333333
0.2826086956521739
0.2222222222222222
0.2916666666666667
0.23529411764705882
0.3076923076923077
0.2222222222222222
0.2857142857142857
0.2
0.5
0.2558139534883721
0.22727272727272727
0.2391304347826087
0.2571428571428571
0.11538461538461539
0.391304347826087
0.2857142857142857
0.4
0.0
0.16666666666666666
0.4
0.20454545454545456
0.28888888888888886
0.2727272727272727
0.25
0.3333333333333333
0.3125
0.09090909090909091
0.1
0.3333333333333333
0.3333333333333333
0.26666666666666666
0.18181818181818182
0.2391304347826087
0.2
0.17857142857142858
0.17391304347826086
0.10526315789473684
0.23529411764705882
0.15384615384615385
0.09090909090909091
0.4
0.0
0.3333333333333333
0.22727272727272727
0.3181818181818182
0.3111111111111111
0.2903225806451613
0.4090909090909091
0.3076923076923077
0.1111111111111111
0.125
0.5714285714285714
0.2765957446808511
0.2608695652173913
0.17777777777777778
0.2702702702702703
0.2962962962962963
0.21052631578947367
0.2
0.25
0.3333333333333333
0.16666666666666666
0.2
0.27906976744186046
0.24444444444444444
0.2727272727272727
0.09375
0.41379310344827586
0.23529411764705882
0.23076923076923078
0.4
0.3333333333333333
0.25
0.2608695652173913
0.21739130434782608
0.25
0.25925925925925924
0.45
0.18181818181818182
0.2222222222222222
0.42857142857142855
0.29545454545454547
0.3181818181818182
0.2682926829268293
0.2
0.25
0.05555555555555555
0.29411764705882354
0.25
0.3333333333333333
0.0
0.16666666666666666
0.2
0.21739130434782608
0.3409090909090909
0.2857142857142857
0.2
0.25
0.16666666666666666
0.06666666666666667
0.14285714285714285
0.25
0.3333333333333333
0.16666666666666666
0.2
0.2765957446808511
0.2727272727272727
0.2608695652173913
0.11764705882352941
0.23333333333333334
0.34782608695652173
0.2
0.3333333333333333
0.375
0.2
0.3953488372093023
0.23809523809523808
0.20833333333333334
0.3157894736842105
0.2692307692307692
0.3157894736842105
0.3076923076923077
0.4444444444444444
0.4
0.3191489361702128
0.22727272727272727
0.24444444444444444
0.29411764705882354
0.3333333333333333
0.3125
0.2727272727272727
0.125
0.0
0.14285714285714285
0.16666666666666666
0.2
0.2222222222222222
0.2608695652173913
0.17777777777777778
0.24324324324324326
0.2857142857142857
0.25
0.4
0.1111111111111111
0.125
0.14285714285714285
0.16666666666666666
0.0
0.2
0.22727272727272727
0.2391304347826087
0.28888888888888886
0.3125
0.22727272727272727
0.11764705882352941
0.06666666666666667
0.21428571428571427
0.2727272727272727
0.5
0.15555555555555556
0.22916666666666666
0.16666666666666666
0.22857142857142856
0.2222222222222222
0.3333333333333333
0.42857142857142855
0.375
0.2
