Overall Mean: 40.576116666666664
35.55
45.85
39.0
39.5
44.0
38.4
38.05
29.05
34.9
39.6
46.15
38.8
43.85
43.8
44.1
38.25
43.9
40.55
35.15
42.25
36.95
37.65
36.55
44.05
42.45
49.55
29.1
38.25
39.9
34.35
44.9
40.15
30.9
46.75
45.75
34.1
39.55
39.65
39.4
40.8
47.9
40.15
42.2
39.8
39.95
41.8
46.15
42.15
44.85
31.15
41.05
30.8
44.05
37.3
35.5
40.0
42.2
42.7
41.55
31.85
38.15
40.8
40.75
42.3
40.25
40.4
50.0
49.3
44.6
40.25
41.35
41.75
49.15
42.15
47.9
37.4
42.25
41.0
39.4
42.35
39.85
38.55
45.75
43.15
40.85
44.2
46.65
44.55
50.7
39.4
44.55
35.0
43.1
45.75
35.85
42.35
44.2
35.35
46.55
40.0
29.15
41.9
38.45
45.15
47.6
44.7
40.85
48.2
40.15
40.85
37.85
44.85
44.8
34.65
31.2
45.5
38.45
39.75
37.9
46.1
35.45
45.9
33.7
43.0
38.3
46.8
37.65
45.3
45.6
36.8
38.5
43.25
41.5
35.35
47.2
40.8
41.65
40.45
41.6
37.9
39.2
44.9
46.05
36.85
45.95
43.0
45.2
38.5
35.05
42.35
41.35
44.2
36.2
42.6
49.5
32.5
38.5
39.9
37.95
38.35
37.05
37.45
36.35
42.05
43.7
41.2
45.25
34.75
43.0
43.1
49.35
36.6
43.75
40.45
48.35
44.15
40.05
37.95
41.2
43.05
43.7
40.05
41.65
45.4
42.5
42.75
44.0
40.3
47.85
32.9
37.75
47.25
40.5
40.35
43.95
28.95
38.05
46.9
39.6
40.35
38.5
45.55
38.15
49.1
40.4
35.3
38.1
46.4
42.1
43.2
47.0
39.2
45.9
45.0
34.65
50.55
35.95
40.75
35.2
38.6
42.25
42.95
35.75
41.35
51.55
33.3
42.75
48.05
36.15
48.4
42.95
41.35
38.05
38.2
45.9
37.35
42.7
37.15
50.65
49.2
34.15
40.1
42.15
44.6
40.45
37.1
36.45
39.5
40.35
43.9
30.75
37.75
38.5
43.6
42.05
39.85
44.55
43.7
42.75
40.95
37.25
40.55
37.95
32.3
39.9
44.65
44.2
36.65
33.2
40.1
35.65
42.05
50.5
31.95
41.6
38.3
39.2
42.35
45.8
46.25
42.95
36.25
41.4
40.2
42.35
42.95
41.4
36.15
37.3
34.2
38.05
41.0
45.2
42.95
46.05
46.65
38.0
39.9
46.0
40.2
37.65
34.5
32.45
36.85
35.2
30.2
52.4
41.35
47.45
43.35
40.75
36.8
44.95
37.75
43.2
39.9
39.95
37.45
40.6
37.75
32.9
46.05
40.7
31.5
36.65
48.0
47.05
46.45
46.2
38.85
48.35
41.8
41.8
41.5
30.35
40.45
39.4
39.9
45.4
39.05
42.65
38.3
47.35
40.35
43.55
34.4
47.1
37.65
38.25
37.65
35.8
37.25
32.3
40.9
34.55
37.45
35.75
36.2
47.55
45.0
38.0
36.65
36.1
41.05
45.3
41.95
33.75
39.85
31.3
44.95
38.7
34.95
37.15
41.0
44.85
47.0
51.0
35.3
36.55
44.0
48.85
38.4
37.15
41.6
43.2
39.65
33.65
40.8
42.75
44.65
44.85
35.9
29.65
41.6
36.75
45.35
44.7
40.7
48.1
42.05
41.55
42.1
36.4
34.95
39.2
36.6
35.35
45.55
42.3
34.9
41.5
41.8
40.3
47.45
37.7
38.15
48.45
36.3
44.8
45.0
40.2
38.0
35.5
49.0
45.8
40.95
38.75
38.25
39.6
45.7
46.15
38.15
40.35
36.8
37.3
44.3
37.2
43.35
42.0
36.55
37.7
43.15
44.05
34.8
46.4
34.4
43.65
29.0
42.35
36.0
42.15
45.9
40.85
40.45
43.6
34.2
39.0
34.5
51.3
39.9
40.8
39.1
35.8
40.05
44.6
44.65
31.85
40.7
37.35
37.3
44.6
34.6
48.15
46.85
31.4
41.15
41.75
34.4
44.3
43.8
45.0
41.75
37.0
44.8
35.55
32.4
44.4
40.95
38.2
44.85
50.65
33.1
41.85
37.1
32.65
37.55
40.5
35.7
46.85
44.1
37.95
45.2
35.7
42.05
45.35
41.2
42.6
30.95
39.55
35.85
43.6
37.8
42.0
42.5
45.7
38.65
35.5
43.6
43.0
42.75
51.5
37.9
41.0
39.55
37.3
37.1
34.7
46.65
44.1
41.05
40.75
32.7
34.25
47.05
41.45
40.8
37.1
36.3
41.4
41.7
45.25
47.0
41.2
37.7
39.15
38.3
35.6
32.7
45.7
41.4
43.9
41.75
45.65
38.3
32.25
40.2
43.9
45.25
29.75
43.15
43.7
36.95
46.9
41.55
30.75
30.75
45.1
46.65
39.4
37.25
41.85
34.6
39.1
40.7
35.75
43.0
35.2
41.75
44.85
41.3
37.7
46.15
35.7
34.35
41.4
34.1
42.8
37.8
37.25
41.95
30.5
39.1
33.0
44.1
44.15
33.1
34.95
42.1
37.05
44.65
43.9
43.9
38.65
36.6
39.95
38.7
45.45
33.5
43.7
40.6
49.35
36.6
37.3
38.1
35.35
48.4
36.3
46.05
32.8
41.8
35.35
36.45
37.4
42.65
43.75
38.8
39.4
37.65
42.65
46.9
42.15
40.15
44.35
41.25
41.8
39.0
40.05
47.0
45.95
36.95
37.15
41.35
35.85
41.55
44.55
38.8
37.65
37.85
33.6
37.9
37.5
35.95
38.55
52.75
38.65
46.55
37.45
36.65
38.1
47.55
26.45
36.05
41.25
38.1
45.0
38.05
51.1
38.75
35.4
41.8
36.75
36.75
38.75
41.7
38.8
43.2
45.05
36.9
41.6
40.2
42.75
36.75
38.45
35.3
42.65
37.2
38.05
37.2
45.05
35.55
43.25
36.15
38.2
41.2
27.9
44.9
35.2
45.35
43.55
36.25
36.8
40.65
34.6
44.4
40.6
36.15
40.65
40.55
41.85
39.45
35.45
30.6
38.65
40.65
43.7
38.0
46.3
44.85
49.0
39.7
30.9
41.6
43.3
33.15
49.7
45.75
38.6
38.8
30.05
38.2
39.5
47.2
43.9
34.1
45.4
48.25
39.45
47.0
41.5
39.85
34.1
39.9
41.75
39.75
28.95
44.05
51.3
38.6
41.95
41.15
50.35
40.55
39.9
38.7
48.6
36.7
41.4
48.15
38.0
49.4
44.0
46.9
43.4
39.1
38.35
40.1
34.8
48.85
41.5
37.1
40.15
45.15
42.55
43.55
36.7
30.6
34.1
45.1
28.25
33.35
38.55
40.7
41.6
34.75
39.8
40.0
37.6
47.35
40.7
43.4
37.05
32.85
40.45
39.0
32.9
31.05
39.95
39.05
34.6
48.45
40.9
42.95
35.45
37.25
39.4
36.85
41.85
43.8
45.55
39.05
33.95
43.2
44.8
34.75
36.55
46.05
35.85
44.0
40.1
35.05
30.55
44.75
41.75
36.75
44.8
34.15
41.95
40.15
39.95
48.75
36.3
43.45
42.35
45.2
41.25
44.5
43.55
40.05
50.35
44.1
38.2
46.05
39.3
34.95
42.65
40.95
31.55
39.65
41.75
41.7
33.6
33.1
40.05
39.35
36.7
47.75
40.1
38.7
34.3
46.65
34.6
39.95
42.5
39.35
42.45
39.45
37.1
43.7
44.5
42.9
38.0
49.95
38.4
44.5
42.6
47.5
45.75
37.8
49.7
38.9
34.5
39.6
43.4
39.45
41.85
46.8
40.1
40.3
42.9
34.95
39.7
41.35
40.4
40.5
45.55
40.8
39.05
43.05
32.5
40.55
35.4
39.15
39.2
38.75
41.75
34.75
48.2
34.55
40.0
46.25
43.2
31.95
32.1
38.05
45.3
42.7
38.15
43.6
45.05
44.5
43.5
33.1
38.65
41.5
36.4
48.0
41.15
37.75
46.5
38.3
40.9
46.15
42.15
44.15
35.2
37.45
37.8
45.2
41.3
32.0
40.8
45.1
43.8
40.55
34.7
37.65
33.85
41.6
39.5
29.8
34.1
34.95
47.2
39.3
38.0
42.55
42.3
36.3
38.55
46.05
51.05
39.1
39.35
42.3
42.25
40.25
31.0
41.75
39.1
44.05
35.95
48.15
41.0
44.8
34.0
40.85
39.05
33.1
35.5
44.4
41.65
40.9
41.3
42.25
34.05
41.75
47.55
45.4
37.05
45.7
34.15
42.35
44.2
38.55
39.75
38.7
35.25
49.05
37.8
31.1
35.15
38.15
31.65
41.05
41.4
40.3
47.95
41.95
37.95
37.5
43.35
36.9
40.9
40.75
31.7
43.35
38.15
35.2
37.65
46.75
42.8
33.65
37.2
37.75
39.75
35.05
34.2
44.0
43.15
43.2
38.9
41.05
39.05
37.35
41.95
36.2
47.1
39.3
36.8
37.6
42.45
45.2
45.45
35.7
28.6
38.15
42.65
43.6
32.75
42.05
38.75
38.15
38.6
47.0
34.0
46.65
43.85
44.3
32.3
40.55
36.9
31.05
47.85
51.05
43.5
47.0
35.2
40.1
43.7
43.95
41.65
48.35
41.5
47.55
42.25
40.7
41.65
34.2
40.75
41.65
44.6
38.4
47.5
38.75
38.95
42.35
36.0
38.4
41.85
48.35
47.25
42.2
47.05
36.05
43.95
44.1
44.85
39.2
38.15
50.2
40.3
42.3
43.9
38.05
38.75
35.85
46.0
40.0
40.1
42.05
42.2
35.1
33.15
39.35
39.45
45.15
39.95
44.0
32.45
40.9
44.15
32.45
31.95
37.05
43.7
46.95
36.1
47.45
39.0
36.2
30.2
45.15
41.3
42.05
42.35
40.7
36.75
37.05
39.95
43.15
38.9
28.8
40.15
39.5
39.9
40.25
50.45
38.45
45.15
41.55
34.3
33.95
45.55
41.45
30.7
38.05
30.3
45.65
42.05
43.05
46.95
36.1
35.8
33.8
35.1
43.4
31.25
36.95
43.6
47.65
42.05
42.45
44.05
45.85
33.15
36.25
37.6
37.6
36.5
38.1
45.15
42.0
47.9
41.1
40.3
39.85
41.35
36.0
42.5
38.9
45.25
40.9
38.35
43.65
32.4
38.35
43.25
37.9
37.05
41.5
28.85
40.6
39.1
35.9
45.1
43.2
39.15
40.85
41.35
39.2
50.8
48.3
42.0
36.05
36.1
43.0
39.5
47.95
45.35
39.8
42.45
34.3
42.85
38.6
41.9
37.2
31.6
36.85
38.0
44.4
40.45
39.15
43.0
41.75
30.7
38.4
43.45
46.55
44.1
37.55
38.3
36.3
34.4
37.25
42.75
31.9
40.3
45.4
44.4
43.3
39.5
44.9
45.95
48.15
41.85
38.35
40.9
38.75
33.55
43.0
43.2
34.6
40.45
39.35
48.2
43.75
43.25
44.65
48.2
41.85
37.15
45.35
34.1
42.7
45.05
37.5
39.95
35.05
42.95
40.55
42.55
45.75
44.7
43.45
36.75
43.95
46.5
35.15
47.45
39.05
34.15
40.05
35.35
40.9
35.2
39.4
47.0
43.65
42.95
35.8
43.85
52.55
40.5
36.0
34.6
41.0
41.35
40.3
37.65
45.85
41.25
38.75
34.45
40.5
50.6
41.3
39.8
37.35
41.1
39.95
42.85
40.15
34.9
42.4
40.6
36.5
42.25
35.5
35.95
48.8
36.75
40.45
38.0
39.7
43.65
43.85
40.65
41.35
47.7
43.95
35.5
37.4
41.25
36.7
42.95
36.45
34.7
40.35
43.25
43.75
38.55
35.95
43.9
34.2
38.6
47.55
37.9
37.1
42.55
34.4
39.55
40.15
41.8
37.05
33.7
33.2
42.0
48.8
47.45
39.2
45.4
36.05
48.4
38.7
36.6
37.25
30.2
32.0
33.35
38.2
31.75
47.75
49.8
48.3
31.95
44.4
43.8
46.25
40.25
36.8
40.0
37.15
42.3
34.45
50.0
36.35
38.8
50.55
41.45
40.95
45.2
32.85
47.7
41.75
42.4
39.75
51.5
36.75
46.9
42.7
38.05
40.1
40.5
42.0
45.7
38.2
44.8
37.1
37.95
38.35
37.3
36.0
46.5
47.0
29.7
42.25
42.7
32.75
39.7
35.15
34.8
40.4
39.3
39.25
37.25
41.8
37.5
48.45
41.95
39.3
39.7
34.4
34.7
39.05
39.6
46.15
39.45
31.65
44.6
44.8
39.05
38.35
41.45
35.6
41.4
47.35
39.55
41.4
37.1
43.45
41.3
39.4
40.55
34.15
48.25
46.25
42.25
35.45
34.65
39.15
45.45
36.9
40.8
44.85
35.05
39.3
35.2
39.85
37.1
45.05
38.45
41.45
41.7
42.0
49.55
31.8
41.9
42.55
37.7
39.3
39.9
38.65
40.9
37.25
43.8
41.65
45.25
37.15
36.85
43.0
44.75
32.55
44.25
40.05
36.25
39.85
44.85
37.05
40.3
45.7
43.45
39.75
50.15
35.25
45.4
43.65
46.65
41.5
40.1
42.55
38.85
35.7
44.9
46.2
35.35
45.3
40.35
38.75
45.5
46.2
41.05
35.5
43.15
35.5
30.8
46.95
36.95
29.65
41.6
43.3
46.9
30.95
37.2
50.45
29.7
41.25
36.4
41.1
36.1
34.1
44.3
38.0
44.35
45.85
39.35
39.95
39.8
37.9
46.3
45.35
39.75
36.05
37.3
35.55
44.4
44.05
38.25
42.85
46.4
39.85
41.25
44.95
40.35
35.7
41.7
42.0
40.05
41.4
42.75
41.9
43.85
47.65
46.8
37.75
39.8
41.1
45.75
40.85
40.6
47.4
36.5
43.8
33.2
42.3
44.35
45.95
35.1
31.5
43.35
41.6
41.0
36.5
46.6
43.9
37.75
37.95
31.6
33.45
38.65
37.95
37.2
36.95
38.3
44.4
40.1
37.6
37.8
41.65
40.95
57.35
43.75
46.75
32.8
37.4
41.95
33.65
37.95
39.7
41.75
35.7
49.55
39.05
41.45
38.65
34.6
46.05
36.5
46.25
46.5
44.55
39.9
45.5
33.05
42.8
41.95
39.4
47.35
36.45
47.55
38.05
47.05
39.25
36.2
43.5
36.6
40.55
41.25
40.1
46.85
43.9
32.65
37.8
40.6
49.85
43.2
40.65
41.4
29.75
38.95
39.6
33.95
44.45
47.0
34.7
33.45
38.25
40.1
44.25
37.15
39.35
47.3
35.15
37.4
39.25
40.9
36.95
43.55
37.55
44.35
44.45
40.05
33.35
38.95
29.45
38.25
38.25
42.15
40.0
41.8
48.45
54.6
45.05
29.45
44.1
38.5
43.75
35.05
36.15
33.75
36.1
46.25
42.25
32.0
40.5
40.3
42.7
43.15
45.15
38.05
44.3
49.35
41.75
41.5
43.8
37.65
47.2
36.2
39.45
36.2
41.35
44.25
33.6
37.1
38.15
37.2
39.6
43.95
31.0
44.55
52.9
39.2
38.65
38.05
44.8
38.6
38.25
45.6
44.6
33.1
42.4
45.4
37.7
32.4
43.1
36.3
41.4
44.75
41.45
43.05
42.2
44.7
34.85
44.55
41.5
44.0
38.4
36.6
41.4
33.25
43.2
33.5
40.7
36.15
43.25
40.7
32.55
31.4
48.15
38.7
42.6
42.05
29.0
38.3
43.45
32.8
38.15
41.75
41.95
40.9
33.35
43.0
40.0
37.0
39.8
37.95
35.8
37.6
40.55
39.8
44.6
42.15
39.9
41.65
46.3
46.8
46.6
41.8
41.7
37.2
42.5
51.6
42.7
40.65
44.7
31.7
40.95
39.2
42.5
39.3
41.65
43.6
43.7
44.95
35.9
45.85
43.7
41.25
38.4
51.85
45.5
45.3
33.75
34.3
38.3
39.3
42.4
38.2
50.35
41.8
36.05
34.6
43.25
43.9
46.75
35.75
43.15
43.0
41.9
41.15
34.75
38.25
48.05
43.65
42.15
36.95
29.85
44.75
39.8
41.2
40.95
42.0
38.45
44.8
41.7
37.25
39.05
41.85
48.85
48.35
30.65
43.1
39.6
40.75
33.0
31.35
42.0
35.8
32.65
43.5
48.65
35.1
37.45
39.75
40.95
38.75
45.25
45.25
46.65
40.95
38.0
42.65
35.85
31.4
48.5
41.55
32.75
33.2
43.6
32.5
41.4
35.45
31.85
40.0
47.5
30.95
44.95
43.75
42.35
35.9
41.05
28.9
34.95
43.9
48.15
33.2
41.05
40.5
35.55
40.8
37.85
41.5
44.9
44.45
36.45
34.65
42.35
41.6
42.55
40.0
42.55
35.0
30.65
42.75
46.4
49.0
41.95
48.7
41.95
40.35
40.15
48.7
32.15
38.05
41.65
44.95
44.35
43.65
43.55
42.2
42.9
44.7
47.95
48.8
44.35
37.4
41.85
39.35
37.0
37.95
44.8
37.6
35.4
43.9
41.05
35.95
33.9
35.05
43.1
36.95
34.55
33.9
35.5
48.55
44.2
44.8
46.7
38.9
46.45
45.9
40.75
42.2
42.5
38.9
52.85
42.6
32.3
34.7
35.75
43.85
41.85
45.05
37.65
40.05
36.1
40.4
39.05
39.55
38.1
34.75
40.8
43.8
42.8
37.6
44.85
37.75
44.15
36.05
48.6
35.35
44.7
41.75
41.4
34.35
40.45
34.65
36.85
40.9
36.55
43.0
41.75
46.4
40.75
36.6
39.65
45.7
45.65
34.05
36.4
45.35
36.0
42.5
40.05
45.25
49.45
36.6
41.8
46.05
38.35
46.7
47.1
37.45
39.2
40.65
39.6
34.15
38.0
32.95
39.0
46.65
36.85
47.3
40.4
41.6
34.15
29.95
43.65
35.65
43.85
45.4
40.5
40.6
48.9
37.8
44.55
47.85
42.15
47.45
39.1
42.55
45.95
37.35
37.5
47.35
41.3
38.95
38.85
36.45
38.35
30.55
40.4
46.95
44.3
38.9
40.4
50.1
44.95
41.3
36.55
43.4
36.5
34.8
32.75
44.0
41.25
39.65
43.65
41.95
49.8
35.35
39.55
49.9
40.3
36.45
41.35
46.6
35.6
44.9
41.2
42.25
44.1
48.5
36.05
50.3
40.5
40.65
47.15
36.55
45.5
47.0
42.6
42.2
47.0
41.7
46.25
40.4
44.0
41.2
40.45
41.65
43.0
42.95
38.45
39.8
38.2
33.45
46.65
44.2
37.95
45.05
37.1
45.55
46.1
36.55
37.2
41.8
38.55
39.65
44.75
38.5
31.55
47.25
42.85
46.2
40.45
42.65
46.35
35.7
44.05
44.1
41.15
47.15
41.4
33.45
40.6
34.2
44.05
33.4
41.1
40.2
47.1
40.6
37.55
41.9
40.6
43.35
36.9
43.9
33.65
40.8
41.45
36.6
46.4
46.5
44.7
41.6
43.1
47.4
44.15
37.25
49.15
34.2
44.75
43.6
33.85
40.4
45.3
44.15
40.05
42.6
41.0
33.05
31.75
40.15
35.35
46.65
43.4
39.55
42.05
38.95
41.85
50.85
37.4
41.55
45.2
40.65
33.25
38.9
35.4
35.1
40.35
50.65
39.3
37.95
39.3
48.8
40.55
43.9
38.9
33.65
43.8
38.25
39.9
36.6
39.85
44.5
36.85
42.05
43.3
39.4
42.05
41.5
43.85
34.3
42.2
42.05
38.35
38.7
41.9
48.0
48.75
40.25
36.05
45.85
41.55
48.35
49.45
37.5
45.7
43.45
35.7
38.25
36.1
48.25
32.35
44.25
35.1
37.95
40.6
51.15
37.2
39.35
42.5
39.35
41.55
50.75
38.35
41.2
43.5
39.25
48.2
40.7
48.2
37.7
40.5
42.1
39.9
36.15
41.55
41.7
37.05
39.0
39.5
42.95
40.35
41.55
35.5
50.8
44.4
40.35
43.5
40.55
33.0
40.8
38.5
38.9
44.2
45.05
46.05
48.0
33.55
39.3
38.45
41.85
41.8
41.55
29.9
37.0
42.9
40.25
49.4
37.05
45.05
37.85
34.7
42.5
40.7
46.35
42.4
44.55
45.0
39.1
41.5
39.9
39.7
39.1
42.45
43.8
34.8
36.85
41.2
50.5
37.0
42.2
36.45
40.45
43.95
43.2
38.65
48.95
46.5
43.55
39.85
38.5
34.95
41.9
36.35
43.15
40.7
37.95
33.6
36.05
40.5
43.1
44.8
44.65
45.6
44.55
40.4
36.45
33.85
42.05
40.25
41.9
39.0
44.25
34.45
39.15
41.1
45.25
44.85
41.35
41.9
33.8
41.95
47.45
26.6
38.05
46.5
34.45
39.8
39.45
47.65
37.45
40.85
38.9
38.9
36.85
44.4
39.4
43.8
43.45
38.05
39.4
40.5
45.55
39.85
31.65
35.15
37.45
46.05
38.05
35.9
40.55
36.3
38.5
41.05
38.3
43.7
46.45
43.75
46.7
42.5
38.4
35.8
34.05
46.55
40.35
41.15
45.75
41.35
40.75
43.45
46.55
40.15
47.0
37.3
43.45
40.95
38.1
48.7
43.95
41.55
35.7
37.85
45.65
41.1
41.05
35.85
33.85
43.45
39.55
40.8
41.7
40.8
41.75
38.95
44.1
40.6
41.25
41.95
37.25
29.25
42.2
43.8
45.3
42.8
44.15
35.15
41.2
36.55
39.6
49.95
46.55
41.25
47.6
44.4
28.0
36.1
48.5
45.25
40.6
36.8
41.45
36.1
40.5
39.15
46.75
39.75
41.3
43.55
36.0
37.85
42.5
39.15
38.85
46.4
38.1
43.65
38.55
35.5
44.05
47.6
41.4
40.95
42.35
36.25
45.0
37.3
46.35
43.4
49.0
41.6
41.8
41.9
51.15
43.3
37.1
38.6
41.35
40.65
42.3
42.0
43.9
42.45
38.75
44.5
47.3
40.25
47.5
47.45
41.7
43.6
36.5
37.2
39.75
44.0
42.75
41.6
41.85
38.05
45.65
36.0
32.5
37.35
43.05
43.15
41.7
45.85
39.95
37.9
47.05
37.45
38.35
40.45
42.4
45.0
42.0
41.9
40.5
35.5
46.95
34.25
45.05
37.35
45.55
43.85
46.1
43.65
40.1
45.2
39.35
43.05
44.85
44.65
44.2
43.1
38.45
38.5
42.6
38.2
38.6
44.4
39.05
44.55
36.5
40.95
35.45
42.2
42.3
37.1
43.25
29.2
40.9
40.95
41.6
36.3
38.75
41.5
35.85
43.15
45.45
46.7
42.1
41.7
38.75
37.45
38.3
46.55
36.0
35.15
39.9
37.95
42.9
40.0
31.55
33.7
35.7
37.7
46.85
39.0
41.2
41.15
37.2
43.7
38.0
42.55
35.3
33.35
43.4
35.05
42.6
41.1
38.85
45.5
30.4
39.0
45.5
42.3
44.2
36.7
39.95
38.0
40.3
34.05
43.85
36.35
48.9
37.75
40.2
34.75
42.45
39.55
43.55
42.9
43.1
46.75
42.05
38.8
39.05
48.9
49.15
38.3
40.9
40.4
39.1
41.4
37.75
37.25
40.4
42.6
43.4
43.15
32.9
39.5
42.25
46.8
37.95
29.0
36.95
42.85
37.1
41.35
37.05
41.45
43.5
39.6
35.05
38.6
43.0
33.25
37.2
42.4
40.85
34.35
42.25
42.8
44.2
31.45
36.6
44.2
46.8
35.45
43.15
37.8
42.85
41.8
42.65
51.7
40.3
39.95
41.6
39.15
44.25
34.1
37.9
42.4
44.65
41.65
38.8
44.85
43.7
41.95
46.0
41.95
45.1
41.75
44.95
34.4
40.55
40.65
33.3
37.8
43.85
39.0
46.25
43.6
35.5
37.05
40.1
29.35
36.5
34.2
36.25
36.4
40.0
46.35
32.7
42.15
40.5
44.55
35.35
37.1
39.15
40.65
40.2
49.2
41.5
42.1
44.05
36.2
30.15
47.7
39.2
40.4
40.4
31.35
33.9
42.45
33.95
39.05
44.4
40.95
38.3
35.85
41.95
45.35
42.65
42.9
40.8
41.55
37.85
39.8
37.9
42.2
40.15
40.55
40.65
44.2
39.35
40.3
40.7
44.45
36.3
35.6
37.1
46.0
40.25
50.55
35.2
40.75
36.2
40.0
36.8
38.35
40.4
42.2
42.45
53.95
41.65
43.85
48.25
42.55
39.7
35.75
33.3
40.95
37.75
47.2
35.95
36.7
41.05
38.65
49.75
50.5
48.8
34.4
35.75
33.15
42.9
35.35
42.45
42.55
50.4
38.35
35.75
36.1
48.3
34.6
45.55
46.0
36.3
44.15
36.95
46.7
39.15
47.5
43.75
39.95
36.75
42.05
35.7
37.85
47.35
36.65
41.5
42.3
33.55
37.35
43.7
39.15
34.95
42.15
38.3
36.35
46.05
38.8
40.55
48.4
41.0
40.3
42.7
44.55
38.4
37.35
43.8
34.05
35.05
42.2
39.6
37.75
39.1
46.15
44.5
43.8
41.95
41.0
46.85
42.3
35.0
39.4
43.45
37.15
38.45
42.6
40.35
45.25
43.65
40.45
43.75
39.85
42.95
45.85
36.9
39.7
39.1
38.65
43.8
46.35
38.75
35.95
45.15
33.65
48.15
39.05
39.4
41.2
39.7
34.85
39.5
45.9
40.25
51.65
35.5
30.85
32.9
33.6
41.4
44.85
43.25
37.75
46.4
45.4
41.65
37.35
32.4
38.65
33.7
44.2
33.15
36.8
34.2
44.65
39.7
39.5
36.3
42.3
36.15
43.2
42.45
32.2
46.25
43.45
34.8
33.6
41.9
46.55
40.55
36.3
36.8
42.05
45.7
42.85
52.2
41.3
46.7
40.75
52.6
38.9
39.6
48.7
44.05
35.35
42.35
49.0
39.15
40.65
35.25
34.9
50.3
40.05
44.2
48.3
40.4
35.6
42.1
43.15
45.9
37.35
33.45
43.45
45.1
45.3
35.2
41.4
40.4
47.05
37.55
40.75
41.4
39.75
