Overall Mean: 0.25446972195529666
0.25
0.26666666666666666
0.2727272727272727
0.25
0.25
0.1111111111111111
0.125
0.14285714285714285
0.16666666666666666
0.4
0.0
0.3333333333333333
0.25
0.25
0.28888888888888886
0.25
0.25
0.3333333333333333
0.16666666666666666
0.1
0.3333333333333333
0.3333333333333333
0.25
0.3
0.23809523809523808
0.25
0.2916666666666667
0.23529411764705882
0.3076923076923077
0.1111111111111111
0.0
0.25
0.3333333333333333
0.25
0.3
0.19047619047619047
0.20588235294117646
0.18518518518518517
0.13636363636363635
0.2631578947368421
0.07142857142857142
0.23076923076923078
0.3
0.14285714285714285
0.16666666666666666
0.25
0.26666666666666666
0.18181818181818182
0.3333333333333333
0.20833333333333334
0.15789473684210525
0.375
0.1
0.4444444444444444
0.25
0.3
0.21428571428571427
0.24242424242424243
0.36
0.125
0.21428571428571427
0.09090909090909091
0.2
0.5
0.25
0.26666666666666666
0.25
0.2727272727272727
0.20833333333333334
0.2631578947368421
0.2857142857142857
0.4
0.16666666666666666
0.25
0.2833333333333333
0.3023255813953488
0.23333333333333334
0.2608695652173913
0.23529411764705882
0.3076923076923077
0.2222222222222222
0.42857142857142855
0.25
0.26666666666666666
0.22727272727272727
0.29411764705882354
0.25
0.16666666666666666
0.26666666666666666
0.18181818181818182
0.2222222222222222
0.42857142857142855
0.25
0.25
0.24444444444444444
0.23529411764705882
0.07692307692307693
0.375
0.4666666666666667
0.25
0.3333333333333333
0.25
0.26666666666666666
0.22727272727272727
0.20588235294117646
0.2962962962962963
0.3157894736842105
0.15384615384615385
0.2727272727272727
0.25
0.3333333333333333
0.25
0.2833333333333333
0.23255813953488372
0.21212121212121213
0.2692307692307692
0.21052631578947367
0.4
0.5555555555555556
0.25
0.26666666666666666
0.22727272727272727
0.2647058823529412
0.32
0.29411764705882354
0.08333333333333333
0.2727272727272727
0.25
0.3333333333333333
0.25
0.2833333333333333
0.2558139534883721
0.28125
0.391304347826087
0.42857142857142855
0.25
0.0
0.3333333333333333
0.25
0.2833333333333333
0.23255813953488372
0.2727272727272727
0.375
0.4666666666666667
0.375
0.25
0.26666666666666666
0.20454545454545456
0.22857142857142856
0.2222222222222222
0.14285714285714285
0.2222222222222222
0.35714285714285715
0.2222222222222222
0.0
0.0
0.42857142857142855
0.25
0.23333333333333334
0.30434782608695654
0.15625
0.3333333333333333
0.16666666666666666
0.3333333333333333
0.0
0.2
0.25
0.16666666666666666
0.25
0.2
0.2916666666666667
0.2647058823529412
0.24
0.2631578947368421
0.21428571428571427
0.36363636363636365
0.14285714285714285
0.16666666666666666
0.25
0.26666666666666666
0.29545454545454547
0.25806451612903225
0.30434782608695654
0.25
0.4166666666666667
0.2857142857142857
0.25
0.18333333333333332
0.20408163265306123
0.3076923076923077
0.25925925925925924
0.4
0.25
0.1111111111111111
0.125
0.2857142857142857
0.25
0.23333333333333334
0.21739130434782608
0.25
0.1111111111111111
0.20833333333333334
0.42105263157894735
0.36363636363636365
0.2857142857142857
0.25
0.26666666666666666
0.25
0.2727272727272727
0.3333333333333333
0.4375
0.3333333333333333
0.3333333333333333
0.25
0.2
0.22916666666666666
0.1891891891891892
0.3
0.23809523809523808
0.375
0.1
0.4444444444444444
0.25
0.2833333333333333
0.18604651162790697
0.22857142857142856
0.25925925925925924
0.3
0.42857142857142855
0.25
0.5
0.25
0.26666666666666666
0.3409090909090909
0.1724137931034483
0.2916666666666667
0.29411764705882354
0.25
0.1111111111111111
0.5
0.25
0.25
0.26666666666666666
0.24242424242424243
0.12
0.13636363636363635
0.15789473684210525
0.25
0.3333333333333333
0.375
0.25
0.2833333333333333
0.20930232558139536
0.20588235294117646
0.2962962962962963
0.15789473684210525
0.1875
0.23076923076923078
0.0
0.4
0.16666666666666666
0.25
0.3
0.2857142857142857
0.3
0.23809523809523808
0.25
0.5833333333333334
0.25
0.25
0.26666666666666666
0.2727272727272727
0.25
0.16666666666666666
0.06666666666666667
0.21428571428571427
0.2727272727272727
0.375
0.25
0.23333333333333334
0.2391304347826087
0.14285714285714285
0.3
0.23809523809523808
0.1875
0.15384615384615385
0.45454545454545453
0.16666666666666666
0.25
0.21666666666666667
0.2127659574468085
0.21621621621621623
0.2413793103448276
0.3181818181818182
0.2
0.16666666666666666
0.2
0.25
0.5
0.25
0.25
0.2
0.3055555555555556
0.24
0.3157894736842105
0.15384615384615385
0.18181818181818182
0.2222222222222222
0.5714285714285714
0.25
0.25
0.28888888888888886
0.28125
0.21739130434782608
0.1111111111111111
0.25
0.4166666666666667
0.42857142857142855
0.25
0.25
0.2
0.25
0.2962962962962963
0.3684210526315789
0.3333333333333333
0.0
0.125
0.14285714285714285
0.3333333333333333
0.25
0.2833333333333333
0.3023255813953488
0.26666666666666666
0.36363636363636365
0.2857142857142857
0.3
0.5714285714285714
0.25
0.23333333333333334
0.2826086956521739
0.21212121212121213
0.3076923076923077
0.3333333333333333
0.4166666666666667
0.7142857142857143
0.25
0.25
0.3111111111111111
0.3225806451612903
0.19047619047619047
0.17647058823529413
0.14285714285714285
0.16666666666666666
0.1
0.4444444444444444
0.25
0.3
0.2619047619047619
0.22580645161290322
0.20833333333333334
0.47368421052631576
0.2
0.25
0.16666666666666666
0.25
0.25
0.2
0.2777777777777778
0.23076923076923078
0.1
0.1111111111111111
0.1875
0.38461538461538464
0.25
0.0
0.5
0.25
0.25
0.17777777777777778
0.1891891891891892
0.3
0.23809523809523808
0.3125
0.2727272727272727
0.375
0.25
0.2833333333333333
0.23255813953488372
0.24242424242424243
0.16
0.2857142857142857
0.26666666666666666
0.45454545454545453
0.3333333333333333
0.25
0.26666666666666666
0.29545454545454547
0.2903225806451613
0.18181818181818182
0.2777777777777778
0.3076923076923077
0.4444444444444444
0.25
0.26666666666666666
0.29545454545454547
0.25806451612903225
0.30434782608695654
0.4375
0.3333333333333333
0.5
0.25
0.26666666666666666
0.2727272727272727
0.15625
0.25925925925925924
0.15
0.23529411764705882
0.15384615384615385
0.2727272727272727
0.375
0.25
0.2833333333333333
0.20930232558139536
0.2647058823529412
0.24
0.3157894736842105
0.0
0.3076923076923077
0.1111111111111111
0.125
0.5714285714285714
0.25
0.26666666666666666
0.22727272727272727
0.2647058823529412
0.24
0.47368421052631576
0.2
0.125
0.14285714285714285
0.3333333333333333
0.25
0.25
0.24444444444444444
0.29411764705882354
0.2916666666666667
0.35294117647058826
0.18181818181818182
0.2222222222222222
0.42857142857142855
0.25
0.2
0.2708333333333333
0.2
0.2857142857142857
0.2
0.25
0.08333333333333333
0.2727272727272727
0.125
0.14285714285714285
0.0
0.3333333333333333
0.25
0.23333333333333334
0.2608695652173913
0.20588235294117646
0.2962962962962963
0.21052631578947367
0.13333333333333333
0.15384615384615385
0.2727272727272727
0.375
0.25
0.26666666666666666
0.22727272727272727
0.3235294117647059
0.21739130434782608
0.1111111111111111
0.25
0.16666666666666666
0.1
0.1111111111111111
0.375
0.25
0.25
0.2
0.3055555555555556
0.24
0.3157894736842105
0.23076923076923078
0.5
0.25
0.31666666666666665
0.24390243902439024
0.3225806451612903
0.14285714285714285
0.3888888888888889
0.36363636363636365
0.14285714285714285
0.5
0.25
0.26666666666666666
0.29545454545454547
0.22580645161290322
0.20833333333333334
0.2631578947368421
0.14285714285714285
0.25
0.3333333333333333
0.16666666666666666
0.25
0.25
0.28888888888888886
0.21875
0.24
0.21052631578947367
0.26666666666666666
0.45454545454545453
0.0
0.16666666666666666
0.25
0.26666666666666666
0.25
0.21212121212121213
0.15384615384615385
0.3181818181818182
0.4
0.3333333333333333
0.16666666666666666
0.25
0.26666666666666666
0.1590909090909091
0.35135135135135137
0.25
0.2222222222222222
0.21428571428571427
0.2727272727272727
0.25
0.16666666666666666
0.25
0.31666666666666665
0.24390243902439024
0.2903225806451613
0.22727272727272727
0.11764705882352941
0.26666666666666666
0.2727272727272727
0.25
0.16666666666666666
0.25
0.21666666666666667
0.3191489361702128
0.28125
0.21739130434782608
0.3333333333333333
0.0
0.3333333333333333
0.25
0.16666666666666666
0.25
0.26666666666666666
0.18181818181818182
0.16666666666666666
0.23333333333333334
0.2608695652173913
0.29411764705882354
0.3333333333333333
0.375
0.25
0.25
0.26666666666666666
0.24242424242424243
0.4
0.2
0.08333333333333333
0.2727272727272727
0.125
0.2857142857142857
0.25
0.26666666666666666
0.25
0.2727272727272727
0.16666666666666666
0.2
0.1875
0.07692307692307693
0.25
0.1111111111111111
