Overall Mean: 0.25107908224863906
0.15384615384615385
0.375
0.2777777777777778
0.2
0.25
0.1111111111111111
0.09523809523809523
0.2727272727272727
0.15789473684210525
0.3125
0.0625
0.42857142857142855
0.26666666666666666
0.29411764705882354
0.21052631578947367
0.2777777777777778
0.2777777777777778
0.3333333333333333
0.2222222222222222
0.05263157894736842
0.3333333333333333
0.35
0.29411764705882354
0.3333333333333333
0.2777777777777778
0.25
0.25
0.23529411764705882
0.29411764705882354
0.1875
0.13636363636363635
0.2916666666666667
0.23809523809523808
0.3181818181818182
0.2222222222222222
0.2777777777777778
0.23529411764705882
0.15789473684210525
0.13636363636363635
0.2727272727272727
0.05555555555555555
0.28
0.2857142857142857
0.1111111111111111
0.18181818181818182
0.23809523809523808
0.2
0.05263157894736842
0.30434782608695654
0.16666666666666666
0.15789473684210525
0.2608695652173913
0.25
0.25
0.1111111111111111
0.3
0.25
0.17647058823529413
0.3888888888888889
0.125
0.1875
0.13636363636363635
0.25925925925925924
0.3333333333333333
0.19047619047619047
0.19047619047619047
0.3
0.2631578947368421
0.21052631578947367
0.2631578947368421
0.2777777777777778
0.42105263157894735
0.1875
0.25
0.29411764705882354
0.29411764705882354
0.21052631578947367
0.2631578947368421
0.23529411764705882
0.2857142857142857
0.3333333333333333
0.375
0.26666666666666666
0.2631578947368421
0.1111111111111111
0.15
0.25
0.16666666666666666
0.2777777777777778
0.1875
0.2777777777777778
0.3333333333333333
0.375
0.25
0.25
0.4117647058823529
0.058823529411764705
0.375
0.42857142857142855
0.1875
0.3125
0.17647058823529413
0.2727272727272727
0.16666666666666666
0.22727272727272727
0.2727272727272727
0.3157894736842105
0.15789473684210525
0.3
0.16666666666666666
0.35
0.2777777777777778
0.125
0.2
0.05
0.20833333333333334
0.21052631578947367
0.3181818181818182
0.2631578947368421
0.4117647058823529
0.375
0.14285714285714285
0.3125
0.42105263157894735
0.29411764705882354
0.15
0.2631578947368421
0.23529411764705882
0.2222222222222222
0.3157894736842105
0.2777777777777778
0.25
0.23529411764705882
0.3333333333333333
0.42857142857142855
0.2857142857142857
0.1111111111111111
0.3684210526315789
0.23529411764705882
0.25
0.2631578947368421
0.2777777777777778
0.5625
0.4666666666666667
0.3333333333333333
0.06666666666666667
0.3684210526315789
0.25
0.16666666666666666
0.21739130434782608
0.14285714285714285
0.30434782608695654
0.3684210526315789
0.2
0.0
0.3684210526315789
0.21052631578947367
0.43478260869565216
0.18181818181818182
0.3333333333333333
0.11764705882352941
0.30434782608695654
0.16666666666666666
0.3157894736842105
0.05263157894736842
0.25
0.2727272727272727
0.2
0.1
0.09090909090909091
0.24
0.21739130434782608
0.2727272727272727
0.2631578947368421
0.17647058823529413
0.22727272727272727
0.1
0.25
0.08695652173913043
0.21739130434782608
0.4
0.3333333333333333
0.3125
0.25
0.4
0.35294117647058826
0.14285714285714285
0.16666666666666666
0.047619047619047616
0.43478260869565216
0.21052631578947367
0.4
0.2
0.1875
0.23529411764705882
0.35
0.1111111111111111
0.4
0.1875
0.23529411764705882
0.10526315789473684
0.20833333333333334
0.375
0.25
0.21052631578947367
0.35294117647058826
0.26666666666666666
0.2857142857142857
0.16666666666666666
0.2777777777777778
0.4375
0.3333333333333333
0.14285714285714285
0.25
0.15
0.20833333333333334
0.21739130434782608
0.30434782608695654
0.23809523809523808
0.38095238095238093
0.16666666666666666
0.3684210526315789
0.23529411764705882
0.2631578947368421
0.2222222222222222
0.058823529411764705
0.19047619047619047
0.3
0.4666666666666667
0.35714285714285715
0.42857142857142855
0.16666666666666666
0.125
0.3157894736842105
0.21052631578947367
0.3333333333333333
0.29411764705882354
0.16666666666666666
0.22727272727272727
0.3
0.14285714285714285
0.2857142857142857
0.47368421052631576
0.125
0.1
0.13636363636363635
0.18518518518518517
0.28
0.2857142857142857
0.21052631578947367
0.25
0.2727272727272727
0.2777777777777778
0.1875
0.3888888888888889
0.15789473684210525
0.2631578947368421
0.3157894736842105
0.25
0.2777777777777778
0.3333333333333333
0.35
0.2777777777777778
0.47368421052631576
0.23529411764705882
0.17647058823529413
0.25
0.4117647058823529
0.3125
0.25
0.3684210526315789
0.3888888888888889
0.17647058823529413
0.16666666666666666
0.15789473684210525
0.2916666666666667
0.2
0.35294117647058826
0.2777777777777778
0.21052631578947367
0.2
0.14285714285714285
0.30434782608695654
0.23809523809523808
0.2
0.2
0.4444444444444444
0.26666666666666666
0.2
0.16666666666666666
0.25
0.2631578947368421
0.25
0.3181818181818182
0.2222222222222222
0.09523809523809523
0.25
0.22727272727272727
0.3
0.3157894736842105
0.3333333333333333
0.16666666666666666
0.3333333333333333
0.29411764705882354
0.3157894736842105
0.15789473684210525
0.1111111111111111
0.2
0.45
0.1875
0.11764705882352941
0.3
0.3333333333333333
0.25
0.1111111111111111
0.2857142857142857
0.3
0.2777777777777778
0.21052631578947367
0.2222222222222222
0.3157894736842105
0.23809523809523808
0.3181818181818182
0.3684210526315789
0.3125
0.2
0.1111111111111111
0.25
0.3
0.15
0.2631578947368421
0.2
0.15
0.2631578947368421
0.2857142857142857
0.16666666666666666
0.3
0.16666666666666666
0.15789473684210525
0.3
0.15789473684210525
0.35
0.3333333333333333
0.375
0.46153846153846156
0.15384615384615385
0.11764705882352941
0.4444444444444444
0.2857142857142857
0.16666666666666666
0.17647058823529413
0.21052631578947367
0.23809523809523808
0.23529411764705882
0.3333333333333333
0.4
0.23076923076923078
0.2
0.1875
0.23529411764705882
0.47368421052631576
0.125
0.3
0.16666666666666666
0.2
0.22727272727272727
0.05
0.32
0.25
0.1
0.13636363636363635
0.21739130434782608
0.22727272727272727
0.36363636363636365
0.10526315789473684
0.2222222222222222
0.25
0.3333333333333333
0.11764705882352941
0.2608695652173913
0.3333333333333333
0.23809523809523808
0.3
0.23529411764705882
0.25
0.25
0.3333333333333333
0.23529411764705882
0.29411764705882354
0.15789473684210525
0.2857142857142857
0.2222222222222222
0.375
0.2727272727272727
0.18181818181818182
0.08695652173913043
0.2692307692307692
0.2608695652173913
0.21052631578947367
0.2777777777777778
0.3333333333333333
0.35294117647058826
0.4666666666666667
0.16666666666666666
0.3333333333333333
0.23076923076923078
0.35294117647058826
0.4375
0.26666666666666666
0.42105263157894735
0.2631578947368421
0.5
0.25
0.15384615384615385
0.3125
0.15
0.2857142857142857
0.15789473684210525
0.3157894736842105
0.19047619047619047
0.15789473684210525
0.2777777777777778
0.2777777777777778
0.2
0.2857142857142857
0.3157894736842105
0.0
0.25
0.19047619047619047
0.21052631578947367
0.3333333333333333
0.0625
0.30434782608695654
0.2222222222222222
0.3333333333333333
0.17647058823529413
0.47368421052631576
0.15384615384615385
0.25
0.2727272727272727
0.19047619047619047
0.25
0.3157894736842105
0.10526315789473684
0.2
0.2
0.35294117647058826
0.25
0.2222222222222222
0.3125
0.29411764705882354
0.21739130434782608
0.3333333333333333
0.17647058823529413
0.3684210526315789
0.2
0.23809523809523808
0.17391304347826086
0.30434782608695654
0.15
0.2631578947368421
0.2222222222222222
0.3684210526315789
0.25
0.25
0.35
0.2777777777777778
0.2727272727272727
0.21052631578947367
0.21052631578947367
0.15
0.23809523809523808
0.3333333333333333
0.2727272727272727
0.3157894736842105
0.23529411764705882
0.21052631578947367
0.21052631578947367
0.1111111111111111
0.2
0.16666666666666666
0.20833333333333334
0.2222222222222222
0.30434782608695654
0.2
0.17647058823529413
0.2777777777777778
0.3888888888888889
0.2631578947368421
0.3157894736842105
0.25
0.3157894736842105
0.25
0.4
0.2
0.35294117647058826
0.21428571428571427
0.3888888888888889
0.375
0.25
0.3157894736842105
0.2777777777777778
0.3888888888888889
0.2
0.125
0.21052631578947367
0.2631578947368421
0.1
0.28
0.2
0.2
0.22727272727272727
0.21052631578947367
0.3157894736842105
0.2777777777777778
0.2777777777777778
0.21052631578947367
0.3181818181818182
0.4444444444444444
0.17647058823529413
0.17647058823529413
0.15789473684210525
0.2631578947368421
0.42105263157894735
0.14285714285714285
0.21052631578947367
0.3181818181818182
0.4
0.29411764705882354
0.25
0.2
0.20833333333333334
0.17391304347826086
0.4583333333333333
0.29411764705882354
0.2222222222222222
0.1875
0.4
0.125
0.23529411764705882
0.13636363636363635
0.391304347826087
0.35294117647058826
0.11764705882352941
0.2631578947368421
0.11764705882352941
0.3333333333333333
0.23809523809523808
0.1
0.3181818181818182
0.3333333333333333
0.15
0.3333333333333333
0.2857142857142857
0.23809523809523808
0.3333333333333333
0.0
0.3333333333333333
0.3157894736842105
0.16666666666666666
0.3157894736842105
0.35294117647058826
0.1875
0.26666666666666666
0.2
0.2608695652173913
0.30434782608695654
0.3333333333333333
0.1875
0.47368421052631576
0.35714285714285715
0.058823529411764705
0.2
0.4
0.2
0.10526315789473684
0.3
0.2777777777777778
0.3125
0.29411764705882354
0.17647058823529413
0.23529411764705882
0.2777777777777778
0.16666666666666666
0.2
0.22727272727272727
0.15789473684210525
0.2608695652173913
0.09090909090909091
