Overall Mean: 0.2509948153375259
0.15789473684210525
0.28
0.3181818181818182
0.2
0.25
0.19230769230769232
0.15384615384615385
0.32142857142857145
0.30434782608695654
0.38461538461538464
0.08695652173913043
0.4230769230769231
0.2608695652173913
0.24
0.25
0.25
0.25
0.28
0.24
0.04
0.2857142857142857
0.2916666666666667
0.28
0.28
0.30434782608695654
0.2727272727272727
0.2916666666666667
0.2916666666666667
0.23809523809523808
0.18518518518518517
0.14285714285714285
0.27586206896551724
0.21428571428571427
0.28
0.21739130434782608
0.2916666666666667
0.20833333333333334
0.18518518518518517
0.18518518518518517
0.35714285714285715
0.038461538461538464
0.27586206896551724
0.25
0.18518518518518517
0.19230769230769232
0.25925925925925924
0.2692307692307692
0.041666666666666664
0.3333333333333333
0.20833333333333334
0.14814814814814814
0.2857142857142857
0.2857142857142857
0.25
0.16666666666666666
0.3333333333333333
0.2608695652173913
0.21739130434782608
0.36
0.2
0.18518518518518517
0.12903225806451613
0.25
0.27586206896551724
0.19230769230769232
0.2
0.32142857142857145
0.2962962962962963
0.20833333333333334
0.28
0.24
0.4074074074074074
0.23809523809523808
0.22727272727272727
0.2608695652173913
0.2692307692307692
0.24
0.2608695652173913
0.19230769230769232
0.3076923076923077
0.38461538461538464
0.3181818181818182
0.24
0.3076923076923077
0.16666666666666666
0.23076923076923078
0.25
0.18181818181818182
0.23809523809523808
0.21739130434782608
0.25
0.3333333333333333
0.3333333333333333
0.2727272727272727
0.2916666666666667
0.32
0.07692307692307693
0.3
0.38461538461538464
0.2
0.2916666666666667
0.12
0.22580645161290322
0.21428571428571427
0.2413793103448276
0.2962962962962963
0.2962962962962963
0.16666666666666666
0.3076923076923077
0.2
0.35714285714285715
0.2727272727272727
0.23076923076923078
0.16666666666666666
0.07692307692307693
0.2692307692307692
0.15384615384615385
0.2692307692307692
0.32
0.3333333333333333
0.36363636363636365
0.23809523809523808
0.2692307692307692
0.32
0.2
0.20833333333333334
0.32
0.18181818181818182
0.20833333333333334
0.3076923076923077
0.36
0.2608695652173913
0.25
0.391304347826087
0.36363636363636365
0.18181818181818182
0.17391304347826086
0.34615384615384615
0.2
0.2962962962962963
0.28
0.3333333333333333
0.375
0.4782608695652174
0.25
0.17391304347826086
0.25925925925925924
0.25
0.14814814814814814
0.2222222222222222
0.17857142857142858
0.2962962962962963
0.4
0.15789473684210525
0.20833333333333334
0.2692307692307692
0.20689655172413793
0.3125
0.16
0.2916666666666667
0.08
0.3333333333333333
0.20833333333333334
0.24
0.07692307692307693
0.26666666666666666
0.2857142857142857
0.16666666666666666
0.18518518518518517
0.13793103448275862
0.23333333333333334
0.18518518518518517
0.24
0.2608695652173913
0.21428571428571427
0.23076923076923078
0.1111111111111111
0.20689655172413793
0.17857142857142858
0.2857142857142857
0.4
0.2727272727272727
0.30434782608695654
0.25
0.2608695652173913
0.3333333333333333
0.18181818181818182
0.16
0.11538461538461539
0.36666666666666664
0.25925925925925924
0.4
0.2
0.32
0.2
0.35714285714285715
0.2
0.36
0.2916666666666667
0.20833333333333334
0.1111111111111111
0.2
0.3103448275862069
0.2692307692307692
0.19047619047619047
0.2857142857142857
0.3
0.3333333333333333
0.18181818181818182
0.3333333333333333
0.4
0.3
0.13043478260869565
0.23076923076923078
0.14285714285714285
0.17857142857142858
0.20689655172413793
0.3
0.2222222222222222
0.35714285714285715
0.20833333333333334
0.32
0.20833333333333334
0.28
0.22727272727272727
0.125
0.25925925925925924
0.34782608695652173
0.3333333333333333
0.391304347826087
0.42857142857142855
0.15789473684210525
0.13636363636363635
0.2962962962962963
0.16
0.2916666666666667
0.21739130434782608
0.15384615384615385
0.23076923076923078
0.2222222222222222
0.16
0.2962962962962963
0.36
0.09090909090909091
0.12
0.1
0.16666666666666666
0.34375
0.2692307692307692
0.23076923076923078
0.21428571428571427
0.35714285714285715
0.23809523809523808
0.18181818181818182
0.2962962962962963
0.24
0.20833333333333334
0.3103448275862069
0.25
0.3076923076923077
0.25925925925925924
0.3076923076923077
0.24
0.34615384615384615
0.22727272727272727
0.23809523809523808
0.32
0.36
0.2727272727272727
0.20833333333333334
0.3333333333333333
0.32
0.25
0.17391304347826086
0.14285714285714285
0.3333333333333333
0.22727272727272727
0.25
0.24
0.16666666666666666
0.19230769230769232
0.14814814814814814
0.3
0.23076923076923078
0.23076923076923078
0.25
0.34782608695652173
0.25
0.21739130434782608
0.23076923076923078
0.20833333333333334
0.23076923076923078
0.2413793103448276
0.3076923076923077
0.19230769230769232
0.07692307692307693
0.2413793103448276
0.25925925925925924
0.2962962962962963
0.28
0.28
0.16
0.34615384615384615
0.24
0.2692307692307692
0.25
0.09090909090909091
0.2
0.38461538461538464
0.19047619047619047
0.16666666666666666
0.3333333333333333
0.30434782608695654
0.21739130434782608
0.16
0.2857142857142857
0.25
0.32142857142857145
0.25
0.17391304347826086
0.25
0.26666666666666666
0.2962962962962963
0.3333333333333333
0.2857142857142857
0.18181818181818182
0.2
0.2857142857142857
0.25925925925925924
0.20833333333333334
0.34782608695652173
0.23076923076923078
0.17391304347826086
0.36363636363636365
0.25
0.23076923076923078
0.28
0.20833333333333334
0.23076923076923078
0.24
0.23076923076923078
0.3076923076923077
0.3333333333333333
0.4090909090909091
0.35
0.15
0.21739130434782608
0.391304347826087
0.42857142857142855
0.19047619047619047
0.2692307692307692
0.27586206896551724
0.32
0.21052631578947367
0.375
0.38095238095238093
0.21052631578947367
0.2
0.22727272727272727
0.20833333333333334
0.38461538461538464
0.16666666666666666
0.28
0.16666666666666666
0.15384615384615385
0.2
0.07407407407407407
0.3103448275862069
0.23076923076923078
0.18518518518518517
0.11538461538461539
0.21428571428571427
0.2413793103448276
0.32142857142857145
0.21739130434782608
0.30434782608695654
0.25
0.2916666666666667
0.08
0.2
0.3
0.2
0.2916666666666667
0.30434782608695654
0.23809523809523808
0.21739130434782608
0.34615384615384615
0.22727272727272727
0.24
0.16
0.28
0.23809523809523808
0.2413793103448276
0.2413793103448276
0.17857142857142858
0.13333333333333333
0.25806451612903225
0.2692307692307692
0.18181818181818182
0.28
0.2608695652173913
0.34782608695652173
0.45454545454545453
0.21052631578947367
0.3157894736842105
0.2608695652173913
0.30434782608695654
0.34782608695652173
0.17391304347826086
0.32142857142857145
0.3333333333333333
0.45454545454545453
0.2777777777777778
0.23809523809523808
0.25925925925925924
0.19230769230769232
0.2692307692307692
0.13636363636363635
0.25
0.24
0.14285714285714285
0.28
0.23076923076923078
0.2222222222222222
0.24
0.34782608695652173
0.0
0.2222222222222222
0.32142857142857145
0.25
0.30434782608695654
0.11538461538461539
0.35714285714285715
0.25
0.2916666666666667
0.24
0.4583333333333333
0.13043478260869565
0.2413793103448276
0.27586206896551724
0.1724137931034483
0.2962962962962963
0.24
0.23076923076923078
0.2
0.2916666666666667
0.36
0.28
0.2727272727272727
0.2608695652173913
0.17857142857142858
0.19230769230769232
0.32
0.17391304347826086
0.2857142857142857
0.16
0.20689655172413793
0.14814814814814814
0.3333333333333333
0.24
0.28
0.2962962962962963
0.2857142857142857
0.2857142857142857
0.2
0.3076923076923077
0.2413793103448276
0.2962962962962963
0.20833333333333334
0.23076923076923078
0.16
0.27586206896551724
0.2413793103448276
0.2962962962962963
0.32
0.20833333333333334
0.2692307692307692
0.21739130434782608
0.25925925925925924
0.21739130434782608
0.1724137931034483
0.15625
0.28125
0.2857142857142857
0.2916666666666667
0.25
0.28
0.2962962962962963
0.24
0.30434782608695654
0.2692307692307692
0.30434782608695654
0.34782608695652173
0.375
0.22727272727272727
0.3333333333333333
0.14285714285714285
0.38461538461538464
0.30434782608695654
0.20833333333333334
0.3333333333333333
0.28
0.375
0.23809523809523808
0.24
0.20833333333333334
0.23076923076923078
0.10714285714285714
0.24242424242424243
0.24242424242424243
0.21428571428571427
0.24
0.24
0.25
0.28
0.24
0.18518518518518517
0.3333333333333333
0.34615384615384615
0.19047619047619047
0.24
0.20833333333333334
0.2962962962962963
0.391304347826087
0.13636363636363635
0.15384615384615385
0.3103448275862069
0.37037037037037035
0.23809523809523808
0.34782608695652173
0.1111111111111111
0.20689655172413793
0.14285714285714285
0.41379310344827586
0.25
0.3333333333333333
0.25
0.3333333333333333
0.2608695652173913
0.21428571428571427
0.11538461538461539
0.39285714285714285
0.2608695652173913
0.24
0.22727272727272727
0.16
0.25
0.2857142857142857
0.18518518518518517
0.3076923076923077
0.25925925925925924
0.125
0.3
0.27586206896551724
0.21739130434782608
0.2727272727272727
0.14285714285714285
0.2962962962962963
0.28
0.17391304347826086
0.2916666666666667
0.38461538461538464
0.25
0.16666666666666666
0.23333333333333334
0.25806451612903225
0.3076923076923077
0.3333333333333333
0.17391304347826086
0.391304347826087
0.2608695652173913
0.13043478260869565
0.2
0.4
0.17391304347826086
0.25925925925925924
0.3333333333333333
0.2727272727272727
0.2916666666666667
0.32
0.22727272727272727
0.25
0.3076923076923077
0.16666666666666666
0.21428571428571427
0.32142857142857145
0.14814814814814814
0.2413793103448276
0.12
