Overall Mean: 0.2648939431322851
1.0
0.0
0.5
0.3333333333333333
0.0
0.5
0.0
0.0
0.14285714285714285
0.5
0.0
0.5
0.2
0.3333333333333333
0.25
0.0
0.25
0.25
0.0
0.16666666666666666
0.3333333333333333
0.2
0.5
0.0
0.6666666666666666
0.5
0.6666666666666666
0.0
0.0
0.25
0.0
0.16666666666666666
0.3333333333333333
0.4
0.2
0.5
0.3333333333333333
0.0
0.14285714285714285
0.2857142857142857
0.0
0.14285714285714285
0.2222222222222222
0.14285714285714285
0.125
0.2857142857142857
0.0
0.0
0.4
0.2857142857142857
0.5
0.5
0.0
0.2
0.0
0.2
0.14285714285714285
0.16666666666666666
0.2857142857142857
0.0
0.14285714285714285
0.16666666666666666
0.14285714285714285
0.5714285714285714
0.25
0.0
0.25
0.375
0.0
0.3333333333333333
0.4
0.6666666666666666
0.0
0.75
1.0
1.0
1.0
0.0
0.5
0.6666666666666666
0.0
0.25
0.0
0.25
0.0
0.2
0.25
0.25
0.16666666666666666
0.42857142857142855
0.25
0.3333333333333333
0.0
0.3333333333333333
0.0
0.2
0.4
0.3333333333333333
0.3333333333333333
0.3333333333333333
0.3333333333333333
0.0
0.0
0.6666666666666666
0.6666666666666666
0.3333333333333333
0.5
0.0
0.4
0.25
0.2
0.2
0.0
0.0
0.3333333333333333
0.2857142857142857
0.6666666666666666
0.25
0.6666666666666666
0.0
0.3333333333333333
0.3333333333333333
0.3333333333333333
0.3333333333333333
0.6666666666666666
0.0
0.3333333333333333
0.5
0.3333333333333333
0.0
0.25
0.75
0.0
0.0
0.0
0.3333333333333333
0.25
0.6666666666666666
1.0
0.25
0.0
0.5
0.3333333333333333
0.5
1.0
0.3333333333333333
0.0
0.2
0.2
0.25
0.0
0.0
0.375
0.4
0.0
0.25
0.25
0.25
0.3333333333333333
0.0
0.0
0.0
0.25
0.16666666666666666
0.2
0.0
0.1
0.3333333333333333
0.25
0.3333333333333333
0.16666666666666666
0.2857142857142857
0.2
0.25
0.0
0.0
0.45454545454545453
0.2857142857142857
0.3333333333333333
0.0
0.6
0.0
0.3333333333333333
0.0
0.5
1.0
0.3333333333333333
0.3333333333333333
0.25
0.0
0.0
0.2857142857142857
0.0
0.3333333333333333
0.4
0.0
0.0
0.2
0.25
0.75
0.3333333333333333
0.0
0.0
0.25
0.0
0.25
0.6666666666666666
0.5
0.0
1.0
0.0
0.3333333333333333
0.3333333333333333
0.6666666666666666
0.2
0.5
0.0
0.25
0.3333333333333333
0.0
0.2
0.4
0.25
0.0
0.4
0.3333333333333333
0.5
0.0
0.0
0.2
0.6
0.3333333333333333
0.0
0.5
0.0
0.5
0.6666666666666666
0.25
0.0
0.2
0.0
0.0
0.5
0.2857142857142857
0.2
0.0
0.2857142857142857
0.3333333333333333
0.2
0.2
0.2
0.25
0.0
0.5
0.16666666666666666
0.2
0.5
0.6
0.0
0.5
0.0
0.6666666666666666
0.0
0.75
0.0
1.0
0.0
0.0
0.5
0.0
0.16666666666666666
0.42857142857142855
0.0
0.2857142857142857
0.5
0.25
0.0
0.25
0.2
0.2
0.4
0.25
0.2
0.0
0.5
0.6666666666666666
0.0
0.75
0.5
0.0
0.5
0.3333333333333333
0.5
0.5
0.2
0.2
0.2
0.4
0.0
0.2
0.2
0.0
0.6666666666666666
0.0
0.0
0.0
0.2857142857142857
0.4
0.0
0.2
0.5
0.3333333333333333
0.0
0.25
0.5
0.0
0.16666666666666666
0.5
0.3333333333333333
0.0
0.25
0.16666666666666666
0.3333333333333333
0.0
0.2
0.16666666666666666
0.16666666666666666
0.5
0.5
0.0
0.3333333333333333
0.3333333333333333
0.5
0.0
0.0
0.2857142857142857
0.4
0.6666666666666666
1.0
0.5
1.0
0.0
0.0
0.25
0.0
0.0
0.4
0.0
0.3333333333333333
0.0
0.25
0.0
0.25
0.25
0.0
0.4
0.0
0.14285714285714285
0.25
0.42857142857142855
0.0
0.1111111111111111
0.0
0.3333333333333333
0.16666666666666666
0.0
0.5
0.25
0.0
0.0
0.3333333333333333
0.5
0.5
0.5
0.3333333333333333
0.5
0.25
0.3333333333333333
0.25
0.0
0.0
0.25
0.0
0.0
0.25
0.25
0.3333333333333333
0.0
0.25
0.14285714285714285
0.16666666666666666
0.4
0.4
0.2
0.25
0.3333333333333333
0.0
0.0
0.0
0.3333333333333333
0.0
0.0
0.3333333333333333
0.5
0.5
1.0
0.0
0.3333333333333333
0.0
0.6666666666666666
0.25
0.0
0.2857142857142857
0.5714285714285714
0.0
0.16666666666666666
0.2
0.0
0.4
0.2
0.16666666666666666
0.5714285714285714
0.25
0.2
0.3333333333333333
0.0
0.4
0.3333333333333333
0.3333333333333333
0.0
0.0
0.0
0.25
0.4
0.25
0.0
0.125
0.5
0.5
0.25
0.4
0.5
1.0
1.0
0.0
0.5
0.3333333333333333
0.3333333333333333
0.0
0.4
0.0
0.14285714285714285
0.0
0.25
0.16666666666666666
0.16666666666666666
0.2
0.2
0.4
0.6666666666666666
0.0
0.0
0.16666666666666666
0.42857142857142855
0.4
0.5
0.5
0.0
0.2
0.0
0.3333333333333333
0.16666666666666666
0.16666666666666666
0.14285714285714285
0.375
0.16666666666666666
0.16666666666666666
0.375
0.5
0.5
0.6666666666666666
0.0
1.0
0.0
0.5
0.5
0.3333333333333333
0.6666666666666666
0.0
0.0
0.0
0.3333333333333333
1.0
0.0
0.5
0.0
0.5
0.0
0.5
0.25
0.25
0.2
0.5
0.16666666666666666
0.16666666666666666
0.3333333333333333
0.4
0.25
0.6666666666666666
0.0
0.0
0.0
0.0
0.375
0.0
0.5
0.3333333333333333
0.5
0.3333333333333333
0.5
0.0
0.0
0.0
0.6666666666666666
0.3333333333333333
0.3333333333333333
0.5
0.3333333333333333
0.25
0.25
0.2
0.75
0.0
0.3333333333333333
0.0
0.2
0.6
0.0
0.3333333333333333
0.25
0.4
0.0
0.3333333333333333
0.25
0.5
0.5
0.0
0.3333333333333333
0.3333333333333333
0.2
0.2
0.5
0.5
0.0
0.4
0.3333333333333333
0.3333333333333333
0.5
1.0
0.25
0.25
0.0
0.0
0.6
0.25
0.0
0.14285714285714285
0.16666666666666666
0.4
0.4
0.0
0.0
0.16666666666666666
0.4
0.0
0.2
0.0
0.14285714285714285
0.125
