Overall Mean: 40.24191666666667
43.55
35.15
34.1
42.9
36.9
33.5
52.5
42.3
39.35
40.15
40.15
42.6
44.85
44.35
45.0
39.15
37.2
45.35
43.65
36.75
38.6
38.6
34.45
42.05
34.45
44.75
44.25
37.6
39.65
31.4
41.35
47.85
38.25
43.5
40.25
24.95
40.05
41.55
44.05
42.1
43.15
45.55
39.15
37.35
38.35
38.8
34.85
38.35
38.0
40.1
36.0
46.2
40.2
37.65
31.55
37.15
43.4
51.0
42.05
34.25
43.55
39.8
36.65
39.95
38.75
41.8
37.45
39.1
38.05
46.6
42.75
44.1
36.4
50.35
41.1
46.45
40.05
42.35
42.65
44.3
38.9
48.1
43.65
43.65
35.35
41.1
45.5
34.95
40.05
40.85
36.65
41.0
35.25
37.9
43.75
36.95
36.95
34.25
43.65
41.5
42.0
43.05
31.65
40.7
45.9
45.45
40.1
37.75
45.35
33.05
39.25
47.45
40.25
50.1
39.6
42.0
46.6
37.45
35.05
48.0
33.1
39.95
39.9
35.4
36.05
34.4
49.3
28.45
40.8
40.15
49.45
40.85
45.9
36.25
45.55
37.7
32.0
45.65
42.7
46.55
30.9
40.6
36.55
40.2
41.1
42.85
40.8
43.45
42.65
38.4
44.7
40.35
45.8
37.5
49.4
37.05
47.05
34.05
42.35
48.05
39.15
39.1
40.55
36.3
36.2
38.65
38.9
33.1
38.05
45.7
41.5
40.6
30.6
46.85
41.55
40.85
37.25
40.9
46.25
36.4
34.95
42.55
41.4
37.1
37.75
44.7
31.85
43.5
41.1
41.3
43.15
40.9
43.0
41.0
34.35
36.05
37.7
38.85
44.9
39.55
42.35
46.25
39.1
42.4
42.75
50.45
35.3
40.5
39.45
46.4
37.25
40.9
43.45
42.5
39.05
38.9
40.9
44.85
34.3
39.45
40.9
40.35
40.75
33.8
46.8
41.25
30.85
36.4
42.55
42.0
41.55
44.25
30.7
35.65
40.0
40.8
32.5
36.2
46.05
43.3
38.55
41.4
46.6
38.8
29.15
38.35
46.5
41.75
35.65
41.1
41.4
41.45
31.45
43.05
38.0
42.75
37.0
37.45
40.7
42.45
45.95
40.35
41.1
45.3
42.7
49.3
39.3
45.15
40.2
39.75
43.1
41.2
36.6
44.85
41.7
38.4
41.1
42.35
37.55
35.0
33.4
43.65
37.65
43.2
41.7
42.15
41.5
34.1
43.05
43.05
50.2
32.0
41.15
41.75
40.6
41.2
31.4
38.25
50.75
39.85
38.2
35.2
35.3
46.75
33.4
37.2
43.55
43.35
41.75
44.3
44.55
36.75
39.0
49.75
37.95
43.05
35.6
33.75
41.7
41.35
40.25
35.4
38.0
41.2
36.35
39.65
38.7
41.8
40.4
43.7
39.45
35.1
40.4
38.4
42.2
37.4
36.2
36.65
40.2
43.2
35.3
37.55
48.85
43.0
34.75
35.3
43.2
44.5
43.4
39.4
44.8
41.2
35.2
35.25
45.45
41.1
42.3
39.2
38.45
40.45
33.75
39.8
40.45
40.9
45.7
43.5
33.65
41.75
35.65
38.75
35.25
43.6
37.4
39.65
44.25
42.7
43.7
35.9
43.1
43.2
36.65
41.0
44.55
43.2
35.7
42.25
49.7
48.6
41.7
38.05
49.2
40.75
38.95
35.4
47.25
36.0
43.4
32.4
45.65
36.05
31.1
41.15
44.75
37.8
42.0
41.6
35.55
40.7
37.1
38.6
41.5
39.45
37.55
47.85
34.35
40.7
32.6
36.55
37.85
34.1
34.7
38.8
36.1
36.65
46.65
42.45
33.35
39.15
36.85
35.45
33.45
50.3
39.25
45.8
31.15
40.3
40.75
35.7
47.4
45.65
48.0
50.6
39.85
44.05
36.1
44.7
35.65
35.35
40.55
39.45
35.1
41.7
39.05
40.15
40.85
49.45
32.95
39.2
34.95
41.0
44.45
34.05
39.85
34.2
42.85
40.7
44.25
42.25
41.55
38.25
44.5
44.6
37.2
37.65
33.95
41.0
40.3
44.7
46.3
43.5
50.35
39.9
38.05
36.65
34.8
39.0
38.85
37.65
44.95
38.95
45.05
41.65
44.35
48.05
44.8
38.1
34.55
46.2
32.35
39.4
36.85
39.85
45.05
32.6
43.1
34.7
44.15
43.8
40.0
36.6
39.55
39.4
38.55
36.8
44.75
35.35
35.4
33.3
36.9
40.35
43.6
45.6
42.3
47.85
40.1
36.75
42.3
39.35
42.85
44.4
41.25
42.75
42.5
42.15
34.1
43.8
33.95
33.75
35.35
47.7
41.55
44.05
41.05
44.55
45.6
42.4
47.6
37.45
42.2
43.1
40.1
41.4
35.9
40.45
43.7
34.55
39.55
37.5
40.7
38.9
43.85
40.8
44.65
32.4
43.0
36.95
42.0
38.55
34.85
43.15
43.35
48.4
34.05
33.65
40.75
41.75
48.8
36.1
42.7
35.1
44.15
35.5
42.45
38.3
31.7
36.85
36.4
36.4
39.3
33.15
41.75
42.75
48.15
32.35
40.1
46.8
33.35
37.9
36.6
37.15
