Overall Mean: 0.2507074897180476
0.2972972972972973
0.1935483870967742
0.2857142857142857
0.22580645161290322
0.1935483870967742
0.2727272727272727
0.2571428571428571
0.37142857142857144
0.2
0.2571428571428571
0.1875
0.1794871794871795
0.21052631578947367
0.2222222222222222
0.30303030303030304
0.25
0.24242424242424243
0.23076923076923078
0.2222222222222222
0.15151515151515152
0.225
0.2894736842105263
0.3235294117647059
0.2903225806451613
0.30303030303030304
0.25
0.20588235294117646
0.34285714285714286
0.2903225806451613
0.40625
0.25
0.30303030303030304
0.2647058823529412
0.28125
0.3448275862068966
0.34375
0.2903225806451613
0.4
0.3448275862068966
0.16666666666666666
0.2972972972972973
0.2857142857142857
0.20689655172413793
0.17647058823529413
0.3055555555555556
0.1875
0.17142857142857143
0.2777777777777778
0.2903225806451613
0.2727272727272727
0.30303030303030304
0.28125
0.3548387096774194
0.20689655172413793
0.16129032258064516
0.1891891891891892
0.20588235294117646
0.34285714285714286
0.22580645161290322
0.34375
0.30303030303030304
0.16129032258064516
0.2972972972972973
0.3333333333333333
0.2903225806451613
0.2727272727272727
0.30303030303030304
0.25806451612903225
0.15625
0.3142857142857143
0.14705882352941177
0.23529411764705882
0.2777777777777778
0.22857142857142856
0.16666666666666666
0.14285714285714285
0.2564102564102564
0.2571428571428571
0.21875
0.22857142857142856
0.3333333333333333
0.28125
0.14285714285714285
0.23529411764705882
0.2727272727272727
0.2903225806451613
0.2
0.25
0.2857142857142857
0.25
0.3125
0.18181818181818182
0.3235294117647059
0.3333333333333333
0.3
0.26666666666666666
0.29411764705882354
0.2727272727272727
0.26666666666666666
0.2571428571428571
0.34285714285714286
0.1935483870967742
0.3235294117647059
0.2727272727272727
0.28125
0.23529411764705882
0.3142857142857143
0.3548387096774194
0.13333333333333333
0.32432432432432434
0.21212121212121213
0.3333333333333333
0.1935483870967742
0.2647058823529412
0.2857142857142857
0.24242424242424243
0.2
0.29411764705882354
0.28125
0.3333333333333333
0.25
0.16129032258064516
0.2647058823529412
0.18181818181818182
0.2
0.25
0.35294117647058826
0.2903225806451613
0.16129032258064516
0.3142857142857143
0.12121212121212122
0.1794871794871795
0.2619047619047619
0.3611111111111111
0.25
0.17142857142857143
0.25
0.14705882352941177
0.2564102564102564
0.2564102564102564
0.17647058823529413
0.36363636363636365
0.2
0.3055555555555556
0.24324324324324326
0.30303030303030304
0.28125
0.24242424242424243
0.22580645161290322
0.3611111111111111
0.22580645161290322
0.22580645161290322
0.2777777777777778
0.18181818181818182
0.34285714285714286
0.21875
0.125
0.23684210526315788
0.2631578947368421
0.3333333333333333
0.21212121212121213
0.19444444444444445
0.29411764705882354
0.2857142857142857
0.25
0.2727272727272727
0.2727272727272727
0.23529411764705882
0.2222222222222222
0.3142857142857143
0.30303030303030304
0.2727272727272727
0.29411764705882354
0.25806451612903225
0.16129032258064516
0.2571428571428571
0.11428571428571428
0.23684210526315788
0.3235294117647059
0.1875
0.3142857142857143
0.3125
0.2903225806451613
0.25
0.3235294117647059
0.22580645161290322
0.30303030303030304
0.21212121212121213
0.34285714285714286
0.21875
0.1935483870967742
0.15789473684210525
0.2631578947368421
0.18181818181818182
0.22857142857142856
0.32432432432432434
0.13793103448275862
0.16216216216216217
0.21052631578947367
0.22857142857142856
0.22857142857142856
0.2727272727272727
0.23333333333333334
0.2647058823529412
0.3235294117647059
0.2571428571428571
0.2727272727272727
0.2647058823529412
0.2857142857142857
0.25
0.19444444444444445
0.3076923076923077
0.2647058823529412
0.2413793103448276
0.21875
0.1875
0.2727272727272727
0.23529411764705882
0.2571428571428571
0.2727272727272727
0.21212121212121213
0.30303030303030304
0.21212121212121213
0.2647058823529412
0.14705882352941177
0.1891891891891892
0.23076923076923078
0.17142857142857143
0.2777777777777778
0.3783783783783784
0.27586206896551724
0.3225806451612903
0.22857142857142856
0.3235294117647059
0.12903225806451613
0.20588235294117646
0.2777777777777778
0.3142857142857143
0.27586206896551724
0.3225806451612903
0.21875
0.16666666666666666
0.21621621621621623
0.2571428571428571
0.25
0.23529411764705882
0.2727272727272727
0.3125
0.25
0.11428571428571428
0.3333333333333333
0.2972972972972973
0.3
0.2727272727272727
0.28125
0.21875
0.18181818181818182
0.21621621621621623
0.23529411764705882
0.17647058823529413
0.2647058823529412
0.25806451612903225
0.3333333333333333
0.1935483870967742
0.34285714285714286
0.21875
0.28125
0.3125
0.2727272727272727
0.21875
0.2
0.2
0.19444444444444445
0.2972972972972973
0.30303030303030304
0.1875
0.29411764705882354
0.16666666666666666
0.16216216216216217
0.3333333333333333
0.3125
0.3548387096774194
0.16129032258064516
0.14705882352941177
0.2972972972972973
0.17647058823529413
0.11764705882352941
0.25
0.2571428571428571
0.22580645161290322
0.3125
0.21212121212121213
0.30303030303030304
0.15625
0.25
0.29411764705882354
0.24242424242424243
0.15625
0.3611111111111111
0.25806451612903225
0.21212121212121213
0.3055555555555556
0.21875
0.2571428571428571
0.23529411764705882
0.22857142857142856
0.29411764705882354
0.2571428571428571
0.15625
0.3157894736842105
0.3142857142857143
0.25806451612903225
0.1935483870967742
0.2571428571428571
0.1891891891891892
0.2777777777777778
0.2857142857142857
0.21212121212121213
0.21621621621621623
0.14285714285714285
0.25
0.22857142857142856
0.2857142857142857
0.2727272727272727
0.125
0.19444444444444445
0.2894736842105263
0.17142857142857143
0.24324324324324326
0.2222222222222222
0.21052631578947367
0.2972972972972973
0.25
0.1935483870967742
0.23529411764705882
0.2727272727272727
0.2571428571428571
0.24242424242424243
0.16129032258064516
0.18181818181818182
0.34210526315789475
0.15625
0.16666666666666666
0.21621621621621623
0.21621621621621623
0.3055555555555556
0.29411764705882354
0.2
0.21875
0.1935483870967742
0.23684210526315788
0.17142857142857143
0.2631578947368421
0.2
0.20588235294117646
0.18181818181818182
0.2647058823529412
0.2571428571428571
0.25
0.20588235294117646
0.23529411764705882
0.3333333333333333
0.25
0.25806451612903225
0.22580645161290322
0.3125
0.22580645161290322
0.23529411764705882
0.20588235294117646
0.22857142857142856
0.14705882352941177
0.19444444444444445
0.3333333333333333
0.2903225806451613
0.3125
0.1935483870967742
0.2571428571428571
0.17647058823529413
0.29411764705882354
0.3235294117647059
0.25806451612903225
0.22857142857142856
0.3157894736842105
0.24242424242424243
0.20588235294117646
0.2972972972972973
0.2727272727272727
0.28125
0.2857142857142857
0.2857142857142857
0.3225806451612903
0.2571428571428571
0.2777777777777778
0.2727272727272727
0.2
0.2777777777777778
0.1388888888888889
0.28205128205128205
0.23529411764705882
0.2727272727272727
0.1875
0.23684210526315788
0.2
0.2777777777777778
0.37142857142857144
0.21428571428571427
0.22857142857142856
0.2702702702702703
0.29411764705882354
0.23333333333333334
0.1875
0.24242424242424243
0.24242424242424243
0.25
0.25806451612903225
0.2727272727272727
0.24242424242424243
0.23529411764705882
0.29411764705882354
0.2647058823529412
0.29411764705882354
0.29411764705882354
0.2727272727272727
0.26666666666666666
0.3
0.2413793103448276
0.1935483870967742
0.2571428571428571
0.17647058823529413
0.23529411764705882
0.2777777777777778
0.14705882352941177
0.2777777777777778
0.3142857142857143
0.26666666666666666
0.34375
0.3333333333333333
0.22580645161290322
0.24242424242424243
0.3333333333333333
0.20588235294117646
0.23529411764705882
0.2702702702702703
0.20588235294117646
0.34210526315789475
0.16129032258064516
0.3142857142857143
0.14705882352941177
0.17647058823529413
0.22857142857142856
0.2777777777777778
0.21212121212121213
0.20588235294117646
0.24242424242424243
0.2727272727272727
0.21212121212121213
0.20588235294117646
0.21212121212121213
0.17647058823529413
0.2972972972972973
0.30303030303030304
0.3125
0.2
0.3157894736842105
0.17647058823529413
0.2
0.24242424242424243
0.30303030303030304
0.24242424242424243
0.34285714285714286
0.3125
0.10714285714285714
0.2571428571428571
0.30303030303030304
0.15151515151515152
0.21052631578947367
0.20512820512820512
0.23684210526315788
0.2222222222222222
0.30303030303030304
0.29411764705882354
0.29411764705882354
0.25806451612903225
0.28125
0.2
0.2972972972972973
0.2
0.2571428571428571
0.2571428571428571
0.30303030303030304
0.2571428571428571
0.2857142857142857
0.18181818181818182
0.2857142857142857
0.3125
0.3448275862068966
0.16666666666666666
0.24324324324324326
0.2777777777777778
0.24242424242424243
0.22857142857142856
0.23529411764705882
0.2727272727272727
0.30303030303030304
0.25
0.2
0.2777777777777778
0.23529411764705882
0.21212121212121213
0.20588235294117646
0.2571428571428571
0.29411764705882354
0.28125
0.21212121212121213
0.35294117647058826
0.25806451612903225
0.34375
0.2903225806451613
0.27586206896551724
0.25
0.2571428571428571
0.25
0.29411764705882354
0.24242424242424243
0.24242424242424243
0.2857142857142857
0.2571428571428571
0.29411764705882354
0.25
0.25
0.22857142857142856
0.16666666666666666
0.29411764705882354
0.24242424242424243
0.2727272727272727
0.2857142857142857
0.18181818181818182
0.20588235294117646
0.2222222222222222
0.3333333333333333
0.3548387096774194
0.16129032258064516
0.21212121212121213
0.21212121212121213
0.2222222222222222
0.15789473684210525
0.15
0.21052631578947367
0.21621621621621623
0.3055555555555556
0.25
0.1875
0.20588235294117646
0.29411764705882354
0.2
0.10526315789473684
0.18421052631578946
0.23684210526315788
0.23684210526315788
0.24324324324324326
0.2777777777777778
0.24242424242424243
0.2647058823529412
0.34375
0.3103448275862069
0.4
0.2857142857142857
0.26666666666666666
0.2
0.16666666666666666
0.2702702702702703
0.23684210526315788
0.3055555555555556
0.25
0.34375
0.26666666666666666
0.375
0.375
0.2222222222222222
0.1935483870967742
0.3235294117647059
0.2903225806451613
0.25
0.17647058823529413
0.2777777777777778
0.17647058823529413
0.23684210526315788
0.25
0.2727272727272727
