Overall Mean: 0.2505286980227458
0.3333333333333333
0.15789473684210525
0.2857142857142857
0.125
0.23809523809523808
0.21052631578947367
0.15789473684210525
0.38095238095238093
0.25
0.23529411764705882
0.15789473684210525
0.22727272727272727
0.23809523809523808
0.23076923076923078
0.30434782608695654
0.3333333333333333
0.23529411764705882
0.23809523809523808
0.2222222222222222
0.08695652173913043
0.16666666666666666
0.30434782608695654
0.3181818181818182
0.2631578947368421
0.29411764705882354
0.125
0.17647058823529413
0.4
0.35294117647058826
0.4666666666666667
0.21428571428571427
0.16666666666666666
0.2777777777777778
0.29411764705882354
0.3888888888888889
0.375
0.08333333333333333
0.2777777777777778
0.4375
0.2727272727272727
0.3333333333333333
0.3333333333333333
0.21052631578947367
0.05263157894736842
0.3
0.21052631578947367
0.2631578947368421
0.19047619047619047
0.3
0.2222222222222222
0.375
0.3125
0.3888888888888889
0.07142857142857142
0.11764705882352941
0.2
0.3
0.30434782608695654
0.1111111111111111
0.35
0.25
0.2857142857142857
0.16666666666666666
0.2
0.3157894736842105
0.3333333333333333
0.2
0.3333333333333333
0.11764705882352941
0.35
0.17647058823529413
0.2
0.2727272727272727
0.3333333333333333
0.16666666666666666
0.16666666666666666
0.32
0.19047619047619047
0.23809523809523808
0.2631578947368421
0.3888888888888889
0.17647058823529413
0.10526315789473684
0.2
0.21052631578947367
0.3333333333333333
0.125
0.3157894736842105
0.2
0.3157894736842105
0.23529411764705882
0.2222222222222222
0.2777777777777778
0.4
0.2857142857142857
0.23076923076923078
0.13333333333333333
0.25
0.3157894736842105
0.17647058823529413
0.3333333333333333
0.23529411764705882
0.3888888888888889
0.5
0.4666666666666667
0.3125
0.23529411764705882
0.35
0.06666666666666667
0.15789473684210525
0.2631578947368421
0.2631578947368421
0.15789473684210525
0.15789473684210525
0.2222222222222222
0.10526315789473684
0.15
0.3333333333333333
0.25
0.3125
0.2
0.125
0.25
0.15789473684210525
0.22727272727272727
0.2727272727272727
0.36363636363636365
0.2777777777777778
0.13333333333333333
0.3888888888888889
0.1111111111111111
0.14285714285714285
0.28
0.3333333333333333
0.25
0.2777777777777778
0.3333333333333333
0.09523809523809523
0.30434782608695654
0.3
0.13636363636363635
0.3333333333333333
0.16666666666666666
0.35294117647058826
0.2
0.4
0.2
0.3157894736842105
0.25
0.2631578947368421
0.11764705882352941
0.21052631578947367
0.3
0.1875
0.36363636363636365
0.23529411764705882
0.125
0.19047619047619047
0.34782608695652173
0.38095238095238093
0.29411764705882354
0.125
0.22727272727272727
0.23809523809523808
0.2777777777777778
0.3684210526315789
0.125
0.21052631578947367
0.2
0.35
0.2222222222222222
0.058823529411764705
0.2222222222222222
0.3157894736842105
0.16666666666666666
0.3157894736842105
0.1
0.21739130434782608
0.2608695652173913
0.23809523809523808
0.2777777777777778
0.1875
0.21052631578947367
0.2222222222222222
0.47058823529411764
0.21428571428571427
0.35294117647058826
0.23529411764705882
0.35294117647058826
0.29411764705882354
0.23529411764705882
0.2
0.23809523809523808
0.17391304347826086
0.2727272727272727
0.19047619047619047
0.15
0.047619047619047616
0.17391304347826086
0.25
0.2608695652173913
0.3333333333333333
0.25
0.2631578947368421
0.29411764705882354
0.2777777777777778
0.29411764705882354
0.21052631578947367
0.23529411764705882
0.1875
0.21052631578947367
0.3333333333333333
0.2631578947368421
0.21052631578947367
0.2
0.2222222222222222
0.3333333333333333
0.23529411764705882
0.2222222222222222
0.15
0.2631578947368421
0.3333333333333333
0.23529411764705882
0.23529411764705882
0.10526315789473684
0.18181818181818182
0.2608695652173913
0.21739130434782608
0.2916666666666667
0.47619047619047616
0.3125
0.2777777777777778
0.1875
0.4444444444444444
0.16666666666666666
0.2
0.18181818181818182
0.35
0.16666666666666666
0.2631578947368421
0.25
0.2
0.2
0.3333333333333333
0.35
0.2631578947368421
0.25
0.2631578947368421
0.35294117647058826
0.1875
0.3333333333333333
0.3
0.16666666666666666
0.35
0.14285714285714285
0.35
0.1875
0.15
0.3333333333333333
0.22727272727272727
0.23809523809523808
0.25
0.47058823529411764
0.08333333333333333
0.3888888888888889
0.2222222222222222
0.4117647058823529
0.23529411764705882
0.4444444444444444
0.14285714285714285
0.21052631578947367
0.2
0.21739130434782608
0.30434782608695654
0.42105263157894735
0.23529411764705882
0.3888888888888889
0.17647058823529413
0.10526315789473684
0.38095238095238093
0.3
0.5
0.18181818181818182
0.17647058823529413
0.22727272727272727
0.14285714285714285
0.13636363636363635
0.24
0.2727272727272727
0.2777777777777778
0.38095238095238093
0.13333333333333333
0.3157894736842105
0.2
0.15789473684210525
0.3333333333333333
0.2222222222222222
0.16666666666666666
0.47619047619047616
0.375
0.23529411764705882
0.29411764705882354
0.29411764705882354
0.3157894736842105
0.10526315789473684
0.2727272727272727
0.25
0.23809523809523808
0.15789473684210525
0.36363636363636365
0.3888888888888889
0.4375
0.3125
0.2222222222222222
0.21052631578947367
0.2857142857142857
0.23809523809523808
0.23809523809523808
0.15
0.14285714285714285
0.20833333333333334
0.30434782608695654
0.2608695652173913
0.15789473684210525
0.15
0.19047619047619047
0.21739130434782608
0.18181818181818182
0.2857142857142857
0.2727272727272727
0.2857142857142857
0.2857142857142857
0.2727272727272727
0.1
0.19047619047619047
0.3157894736842105
0.2631578947368421
0.2777777777777778
0.05
0.21739130434782608
0.4
0.11764705882352941
0.09523809523809523
0.20833333333333334
0.2608695652173913
0.2857142857142857
0.2
0.15789473684210525
0.2857142857142857
0.1111111111111111
0.15
0.2
0.17391304347826086
0.18181818181818182
0.18181818181818182
0.18181818181818182
0.2727272727272727
0.14285714285714285
0.2727272727272727
0.2222222222222222
0.2727272727272727
0.4
0.2
0.2777777777777778
0.2222222222222222
0.23529411764705882
0.23529411764705882
0.23529411764705882
0.2
0.4
0.15789473684210525
0.21739130434782608
0.34782608695652173
0.21052631578947367
0.3333333333333333
0.26666666666666666
0.23529411764705882
0.2222222222222222
0.2857142857142857
0.38095238095238093
0.26666666666666666
0.21052631578947367
0.2777777777777778
0.25
0.25
0.2
0.3
0.3684210526315789
0.3125
0.25
0.42105263157894735
0.23529411764705882
0.26666666666666666
0.35294117647058826
0.11764705882352941
0.23809523809523808
0.18181818181818182
0.3181818181818182
0.22727272727272727
0.2727272727272727
0.15
0.25
0.25
0.2727272727272727
0.3
0.16666666666666666
0.17647058823529413
0.17647058823529413
0.3
0.15
0.15789473684210525
0.21052631578947367
0.21052631578947367
0.2631578947368421
0.42105263157894735
0.3125
0.3333333333333333
0.2222222222222222
0.42105263157894735
0.2222222222222222
0.3333333333333333
0.3333333333333333
0.3125
0.23529411764705882
0.3333333333333333
0.25
0.23529411764705882
0.29411764705882354
0.1
0.18181818181818182
0.21739130434782608
0.21052631578947367
0.2857142857142857
0.19047619047619047
0.3333333333333333
0.29411764705882354
0.4666666666666667
0.21428571428571427
0.16666666666666666
0.45
0.25
0.23529411764705882
0.23809523809523808
0.2222222222222222
0.42857142857142855
0.11764705882352941
0.38095238095238093
0.05555555555555555
0.19047619047619047
0.17391304347826086
0.36363636363636365
0.2222222222222222
0.19047619047619047
0.2
0.2857142857142857
0.29411764705882354
0.1111111111111111
0.2727272727272727
0.15
0.22727272727272727
0.25
0.35294117647058826
0.2
0.29411764705882354
0.23529411764705882
0.23809523809523808
0.2608695652173913
0.38095238095238093
0.35294117647058826
0.3125
0.4375
0.06666666666666667
0.2631578947368421
0.35294117647058826
0.16666666666666666
0.3333333333333333
0.09090909090909091
0.30434782608695654
0.16666666666666666
0.2916666666666667
0.15789473684210525
0.1111111111111111
0.3888888888888889
0.3125
0.11764705882352941
0.23809523809523808
0.14285714285714285
0.3181818181818182
0.3
0.2631578947368421
0.05555555555555555
0.2222222222222222
0.25
0.3
0.3
0.4444444444444444
0.2857142857142857
0.13333333333333333
0.2631578947368421
0.23809523809523808
0.15
0.3157894736842105
0.35
0.42105263157894735
0.25
0.2777777777777778
0.2222222222222222
0.2
0.2631578947368421
0.19047619047619047
0.2727272727272727
0.2857142857142857
0.23529411764705882
0.16666666666666666
0.2631578947368421
0.17647058823529413
0.23529411764705882
0.3125
0.2
0.2
0.29411764705882354
0.2777777777777778
0.42105263157894735
0.1111111111111111
0.2
0.3684210526315789
0.25
0.3684210526315789
0.2222222222222222
0.2777777777777778
0.2222222222222222
0.058823529411764705
0.2608695652173913
0.15
0.3684210526315789
0.23529411764705882
0.21052631578947367
0.15789473684210525
0.25
0.25
0.5
0.3333333333333333
0.1875
0.22727272727272727
0.2
0.25
0.18181818181818182
0.23076923076923078
0.25
0.2608695652173913
0.23809523809523808
0.21052631578947367
0.15789473684210525
0.22727272727272727
0.14285714285714285
0.0
0.21428571428571427
0.2962962962962963
0.13043478260869565
0.13636363636363635
0.18181818181818182
0.30434782608695654
0.3684210526315789
0.35294117647058826
0.4
0.35714285714285715
0.38461538461538464
0.38461538461538464
0.26666666666666666
0.11764705882352941
0.3181818181818182
0.23809523809523808
0.3
0.2631578947368421
0.2777777777777778
0.2222222222222222
0.26666666666666666
0.4
0.18181818181818182
0.26666666666666666
0.26666666666666666
0.2777777777777778
0.23529411764705882
0.125
0.25
0.2
0.23809523809523808
0.30434782608695654
0.3333333333333333
