Overall Mean: 0.2379749643780256
0.2
0.16666666666666666
0.1111111111111111
0.0
0.1
0.2222222222222222
0.0
0.2222222222222222
0.375
0.0
0.0
0.2857142857142857
0.0
0.0
0.3
0.375
0.2
0.3333333333333333
0.2
0.2
0.5
0.4444444444444444
0.16666666666666666
0.2
0.125
0.2857142857142857
0.2857142857142857
0.6666666666666666
0.3333333333333333
0.0
0.0
0.0
0.2
0.2
0.8
1.0
0.25
0.4
0.5
0.5
1.0
0.5
1.0
0.0
0.16666666666666666
0.3333333333333333
0.25
0.3333333333333333
0.4
0.6
0.0
0.42857142857142855
0.2
0.25
0.0
0.375
0.3333333333333333
0.2
0.42857142857142855
0.0
0.2222222222222222
0.14285714285714285
0.16666666666666666
0.3333333333333333
0.2
0.0
0.3333333333333333
0.0
0.2
0.16666666666666666
0.14285714285714285
0.14285714285714285
0.2857142857142857
0.0
0.2857142857142857
0.14285714285714285
0.2857142857142857
0.5
0.16666666666666666
0.4
0.6
0.0
0.2
0.5
0.375
0.16666666666666666
0.16666666666666666
0.3333333333333333
0.2
0.16666666666666666
0.2
0.5
0.5
0.5
0.0
0.0
0.3333333333333333
0.2
0.25
0.5
0.0
0.6
0.6
0.3333333333333333
0.5
0.0
0.0
0.0
0.0
0.5
0.2857142857142857
0.0
0.125
0.1111111111111111
0.1111111111111111
0.2
0.2222222222222222
0.25
0.5
0.2
0.16666666666666666
0.16666666666666666
0.0
0.0
0.0
0.3333333333333333
0.125
0.14285714285714285
0.3333333333333333
0.0
0.16666666666666666
0.8
0.4
0.25
0.5
0.16666666666666666
0.0
0.125
0.2857142857142857
0.16666666666666666
0.125
0.2222222222222222
0.375
0.25
0.2857142857142857
0.2
0.2
0.25
0.25
0.0
0.14285714285714285
0.25
0.125
0.14285714285714285
0.125
0.2857142857142857
0.0
0.625
0.0
0.6666666666666666
0.0
0.4
0.6
0.5
0.4
0.3333333333333333
0.3333333333333333
0.0
0.16666666666666666
0.14285714285714285
0.0
0.2222222222222222
0.2222222222222222
0.14285714285714285
0.42857142857142855
0.25
0.0
0.42857142857142855
0.2
0.3333333333333333
0.2857142857142857
0.125
0.125
0.75
0.5
0.3333333333333333
0.0
0.5
0.0
0.25
0.0
0.16666666666666666
0.5
0.4
0.0
0.125
0.0
0.25
0.18181818181818182
0.5
0.42857142857142855
0.25
0.14285714285714285
0.2857142857142857
0.16666666666666666
0.2
0.0
0.16666666666666666
0.16666666666666666
0.14285714285714285
0.375
0.3333333333333333
0.25
0.2
0.3333333333333333
0.42857142857142855
0.3333333333333333
0.2
0.0
0.2857142857142857
0.2
0.25
0.25
0.0
0.2857142857142857
0.25
0.0
0.36363636363636365
0.5555555555555556
0.6
0.0
0.0
0.3333333333333333
0.0
0.16666666666666666
0.2
0.6
0.375
0.42857142857142855
0.2
0.0
0.16666666666666666
0.25
0.2857142857142857
0.2
0.7142857142857143
0.0
0.5
0.0
0.14285714285714285
0.3333333333333333
0.2
0.0
0.14285714285714285
0.375
0.16666666666666666
0.2857142857142857
0.2
0.25
0.25
0.42857142857142855
0.25
0.0
0.5
0.4
0.5
0.0
0.0
0.25
0.0
0.25
0.3333333333333333
0.3333333333333333
0.25
0.5
0.25
0.0
0.0
0.25
0.0
0.16666666666666666
0.16666666666666666
0.0
0.2
0.0
0.2
0.3333333333333333
0.1111111111111111
0.1111111111111111
0.2
0.0
0.0
0.1111111111111111
0.1111111111111111
0.25
0.2857142857142857
0.0
0.5
0.4
0.0
0.25
0.25
0.25
0.0
0.3333333333333333
0.2
0.2857142857142857
0.25
0.375
0.3333333333333333
0.2
0.4
0.25
0.0
0.6
0.0
0.3333333333333333
0.16666666666666666
0.0
0.0
0.2222222222222222
0.1111111111111111
0.0
0.0
0.2
0.18181818181818182
0.2222222222222222
0.0
0.4444444444444444
0.5
0.16666666666666666
0.2
0.125
0.0
0.4166666666666667
0.125
0.3333333333333333
0.0
0.2857142857142857
0.375
0.0
0.0
0.125
0.25
0.14285714285714285
0.14285714285714285
0.14285714285714285
0.3333333333333333
0.14285714285714285
0.3333333333333333
0.0
0.25
0.2222222222222222
0.1111111111111111
0.1111111111111111
0.36363636363636365
0.2222222222222222
0.3333333333333333
0.25
0.16666666666666666
0.42857142857142855
0.3333333333333333
0.0
0.16666666666666666
0.2
0.2
0.5
0.16666666666666666
0.4
0.2
0.16666666666666666
0.16666666666666666
0.14285714285714285
0.42857142857142855
0.3333333333333333
0.4
0.4
0.0
0.0
0.42857142857142855
0.0
0.5
0.0
0.42857142857142855
0.2
0.2
0.3333333333333333
0.16666666666666666
0.0
0.125
0.125
0.2857142857142857
0.16666666666666666
0.0
0.0
0.25
0.2857142857142857
0.25
0.16666666666666666
0.0
0.375
0.375
0.3333333333333333
0.16666666666666666
0.2857142857142857
0.16666666666666666
0.16666666666666666
0.42857142857142855
0.25
0.14285714285714285
0.0
0.2222222222222222
0.3
0.2857142857142857
0.6
0.0
0.0
0.75
0.0
0.6666666666666666
0.5
0.0
0.2
0.8
0.5
0.0
0.25
0.0
0.25
0.0
0.0
0.2727272727272727
0.0
0.3
0.2857142857142857
0.2
0.0
0.16666666666666666
0.5
0.3333333333333333
0.25
0.2857142857142857
0.4
0.75
0.25
0.3333333333333333
0.0
0.16666666666666666
0.3333333333333333
0.2857142857142857
0.2857142857142857
0.2857142857142857
0.14285714285714285
0.375
0.5
0.2
0.16666666666666666
0.14285714285714285
0.14285714285714285
0.4444444444444444
0.5714285714285714
0.2
0.3333333333333333
0.2
0.0
0.0
0.16666666666666666
0.5
0.5
0.3333333333333333
0.0
0.16666666666666666
0.2
0.25
0.25
0.0
0.3333333333333333
0.3333333333333333
0.2857142857142857
0.14285714285714285
0.2857142857142857
0.3333333333333333
0.7142857142857143
0.5
0.5
0.3333333333333333
0.6
0.4
0.4
0.25
0.0
0.3333333333333333
0.25
0.2857142857142857
0.5
0.0
0.0
0.5
0.0
0.25
0.3333333333333333
0.4
0.75
0.0
0.0
0.0
0.0
0.16666666666666666
0.125
0.25
0.25
0.14285714285714285
0.14285714285714285
0.0
0.2222222222222222
0.125
0.375
0.3333333333333333
0.4
0.5
0.4
0.75
0.0
0.3333333333333333
0.3333333333333333
0.0
0.375
0.4
0.0
0.2
0.2
0.16666666666666666
0.1111111111111111
0.3333333333333333
0.14285714285714285
0.25
0.14285714285714285
0.16666666666666666
0.2857142857142857
0.5
0.0
0.25
0.0
0.2
0.25
0.0
0.18181818181818182
0.3333333333333333
0.25
0.5
0.14285714285714285
0.1
0.2
0.0
0.0
0.18181818181818182
0.16666666666666666
0.0
0.16666666666666666
0.15384615384615385
0.36363636363636365
0.25
0.5714285714285714
0.2
0.2
0.25
0.3333333333333333
0.0
0.3333333333333333
0.25
0.75
0.25
0.0
0.2857142857142857
0.2857142857142857
0.0
0.2857142857142857
0.16666666666666666
0.4
0.0
0.75
0.0
0.5
0.0
0.3333333333333333
0.16666666666666666
0.3333333333333333
0.5
