Overall Mean: 0.24774694634127373
0.3333333333333333
0.16666666666666666
0.21428571428571427
0.08333333333333333
0.21428571428571427
0.18181818181818182
0.0
0.2857142857142857
0.3333333333333333
0.1111111111111111
0.1111111111111111
0.25
0.16666666666666666
0.14285714285714285
0.3333333333333333
0.23076923076923078
0.36363636363636365
0.25
0.2222222222222222
0.07692307692307693
0.23076923076923078
0.2777777777777778
0.2857142857142857
0.18181818181818182
0.18181818181818182
0.2
0.3
0.5454545454545454
0.42857142857142855
0.375
0.14285714285714285
0.14285714285714285
0.3333333333333333
0.2857142857142857
0.4444444444444444
0.14285714285714285
0.14285714285714285
0.3333333333333333
0.375
0.375
0.5
0.8
0.3333333333333333
0.125
0.21428571428571427
0.15384615384615385
0.3333333333333333
0.2727272727272727
0.36363636363636365
0.16666666666666666
0.36363636363636365
0.1111111111111111
0.375
0.16666666666666666
0.1
0.09090909090909091
0.4166666666666667
0.2
0.2
0.35714285714285715
0.0
0.36363636363636365
0.125
0.125
0.38461538461538464
0.2727272727272727
0.2222222222222222
0.375
0.125
0.2727272727272727
0.18181818181818182
0.2
0.18181818181818182
0.36363636363636365
0.1
0.18181818181818182
0.3076923076923077
0.2857142857142857
0.3076923076923077
0.3333333333333333
0.45454545454545453
0.375
0.0
0.14285714285714285
0.3076923076923077
0.4166666666666667
0.1111111111111111
0.3
0.2
0.3
0.18181818181818182
0.3
0.3333333333333333
0.4
0.375
0.125
0.125
0.3333333333333333
0.4
0.375
0.5
0.0
0.4
0.5555555555555556
0.3333333333333333
0.4
0.16666666666666666
0.2
0.0
0.15384615384615385
0.3333333333333333
0.3333333333333333
0.0
0.08333333333333333
0.21428571428571427
0.08333333333333333
0.15384615384615385
0.2857142857142857
0.18181818181818182
0.36363636363636365
0.125
0.1111111111111111
0.4
0.1
0.16666666666666666
0.08333333333333333
0.3076923076923077
0.3
0.1
0.45454545454545453
0.14285714285714285
0.1
0.3076923076923077
0.46153846153846156
0.18181818181818182
0.3333333333333333
0.2
0.0
0.2727272727272727
0.3076923076923077
0.08333333333333333
0.23076923076923078
0.2
0.3076923076923077
0.2
0.3333333333333333
0.2222222222222222
0.4
0.36363636363636365
0.2222222222222222
0.0
0.23076923076923078
0.2727272727272727
0.1
0.3333333333333333
0.125
0.18181818181818182
0.2727272727272727
0.7
0.2222222222222222
0.4444444444444444
0.1111111111111111
0.36363636363636365
0.3
0.25
0.2727272727272727
0.2222222222222222
0.4
0.2
0.16666666666666666
0.18181818181818182
0.0
0.15384615384615385
0.3076923076923077
0.2
0.45454545454545453
0.1111111111111111
0.16666666666666666
0.42857142857142855
0.16666666666666666
0.2857142857142857
0.18181818181818182
0.1
0.2
0.5833333333333334
0.3333333333333333
0.16666666666666666
0.16666666666666666
0.4444444444444444
0.25
0.14285714285714285
0.0
0.2727272727272727
0.2727272727272727
0.25
0.06666666666666667
0.14285714285714285
0.0
0.17647058823529413
0.23529411764705882
0.42857142857142855
0.3333333333333333
0.3076923076923077
0.2
0.4166666666666667
0.2222222222222222
0.3333333333333333
0.0
0.25
0.18181818181818182
0.18181818181818182
0.4
0.2222222222222222
0.2222222222222222
0.09090909090909091
0.23076923076923078
0.46153846153846156
0.25
0.2
0.2222222222222222
0.45454545454545453
0.4166666666666667
0.3333333333333333
0.2222222222222222
0.09090909090909091
0.16666666666666666
0.21428571428571427
0.06666666666666667
0.3333333333333333
0.5384615384615384
0.4444444444444444
0.14285714285714285
0.0
0.4
0.2222222222222222
0.25
0.08333333333333333
0.3333333333333333
0.25
0.4
0.3
0.09090909090909091
0.18181818181818182
0.3
0.3333333333333333
0.2
0.5555555555555556
0.0
0.3076923076923077
0.2222222222222222
0.125
0.3333333333333333
0.2
0.25
0.1
0.3333333333333333
0.125
0.2
0.45454545454545453
0.25
0.3
0.25
0.45454545454545453
0.0
0.3333333333333333
0.42857142857142855
0.5714285714285714
0.25
0.2857142857142857
0.14285714285714285
0.2222222222222222
0.1111111111111111
0.15384615384615385
0.3076923076923077
0.38461538461538464
0.4
0.2857142857142857
0.1
0.1
0.4166666666666667
0.18181818181818182
0.4
0.14285714285714285
0.25
0.2857142857142857
0.08333333333333333
0.13333333333333333
0.26666666666666666
0.21428571428571427
0.2
0.25
0.1
0.09090909090909091
0.1
0.09090909090909091
0.35714285714285715
0.2727272727272727
0.18181818181818182
0.5
0.2857142857142857
0.14285714285714285
0.25
0.2
0.3333333333333333
0.1111111111111111
0.3333333333333333
0.16666666666666666
0.23076923076923078
0.18181818181818182
0.35714285714285715
0.45454545454545453
0.3333333333333333
0.3333333333333333
0.16666666666666666
0.375
0.36363636363636365
0.2
0.2727272727272727
0.25
0.15384615384615385
0.26666666666666666
0.21428571428571427
0.16666666666666666
0.15384615384615385
0.07142857142857142
0.13333333333333333
0.2857142857142857
0.16666666666666666
0.2
0.2857142857142857
0.4
0.18181818181818182
0.09090909090909091
0.07142857142857142
0.07142857142857142
0.3125
0.25
0.3
0.0
0.16666666666666666
0.35714285714285715
0.2
0.1
0.21428571428571427
0.4
0.3076923076923077
0.15384615384615385
0.15384615384615385
0.2857142857142857
0.09090909090909091
0.23076923076923078
0.15384615384615385
0.21428571428571427
0.23076923076923078
0.1875
0.13333333333333333
0.26666666666666666
0.15384615384615385
0.38461538461538464
0.25
0.23076923076923078
0.45454545454545453
0.2222222222222222
0.3333333333333333
0.25
0.1
0.25
0.4
0.2222222222222222
0.36363636363636365
0.2
0.2
0.25
0.18181818181818182
0.2727272727272727
0.3
0.2222222222222222
0.3333333333333333
0.2
0.3
0.3333333333333333
0.1111111111111111
0.3
0.2727272727272727
0.3333333333333333
0.2727272727272727
0.3333333333333333
0.3333333333333333
0.1111111111111111
0.18181818181818182
0.1111111111111111
0.1111111111111111
0.2222222222222222
0.2
0.0
0.18181818181818182
0.16666666666666666
0.3076923076923077
0.23076923076923078
0.25
0.08333333333333333
0.2857142857142857
0.3333333333333333
0.2
0.2
0.25
0.2727272727272727
0.08333333333333333
0.25
0.2
0.18181818181818182
0.07142857142857142
0.23076923076923078
0.2727272727272727
0.45454545454545453
0.5714285714285714
0.2857142857142857
0.14285714285714285
0.5
0.2857142857142857
0.5714285714285714
0.375
0.14285714285714285
0.2222222222222222
0.5555555555555556
0.42857142857142855
0.1111111111111111
0.18181818181818182
0.1
0.2727272727272727
0.07142857142857142
0.25
0.2857142857142857
0.0
0.3333333333333333
0.25
0.3333333333333333
0.0
0.14285714285714285
0.4444444444444444
0.1111111111111111
0.125
0.3333333333333333
0.2
0.4166666666666667
0.125
0.4
0.1111111111111111
0.16666666666666666
0.21428571428571427
0.3076923076923077
0.25
0.18181818181818182
0.18181818181818182
0.3076923076923077
0.36363636363636365
0.1
0.2727272727272727
0.08333333333333333
0.21428571428571427
0.3076923076923077
0.38461538461538464
0.2222222222222222
0.375
0.2222222222222222
0.2222222222222222
0.2
0.36363636363636365
0.36363636363636365
0.5
0.14285714285714285
0.0
0.4444444444444444
0.4
0.2222222222222222
0.3333333333333333
0.0
0.25
0.2
0.38461538461538464
0.21428571428571427
0.14285714285714285
0.5
0.5555555555555556
0.3333333333333333
0.2222222222222222
0.25
0.38461538461538464
0.3333333333333333
0.4
0.1
0.15384615384615385
0.23076923076923078
0.2727272727272727
0.2727272727272727
0.6
0.14285714285714285
0.2857142857142857
0.375
0.2222222222222222
0.25
0.38461538461538464
0.3333333333333333
0.625
0.2857142857142857
0.14285714285714285
0.2222222222222222
0.18181818181818182
0.16666666666666666
0.16666666666666666
0.16666666666666666
0.3076923076923077
0.2727272727272727
0.18181818181818182
0.0
0.16666666666666666
0.25
0.36363636363636365
0.25
0.2222222222222222
0.4
0.2857142857142857
0.5
0.16666666666666666
0.2222222222222222
0.25
0.1
0.45454545454545453
0.2857142857142857
0.2222222222222222
0.2222222222222222
0.09090909090909091
0.15384615384615385
0.23076923076923078
0.21428571428571427
0.25
0.2222222222222222
0.18181818181818182
0.25
0.36363636363636365
0.5454545454545454
0.42857142857142855
0.16666666666666666
0.0
0.25
0.21428571428571427
0.0
0.21428571428571427
0.23076923076923078
0.3125
0.25
0.15384615384615385
0.15384615384615385
0.23076923076923078
0.08333333333333333
0.0
0.2222222222222222
0.1875
0.11764705882352941
0.125
0.17647058823529413
0.375
0.25
0.4
0.14285714285714285
0.42857142857142855
0.2
0.3333333333333333
0.16666666666666666
0.14285714285714285
0.3
0.375
0.2727272727272727
0.18181818181818182
0.36363636363636365
0.2
0.2727272727272727
0.4
0.16666666666666666
0.25
0.3333333333333333
0.625
0.3333333333333333
0.18181818181818182
0.2727272727272727
0.2727272727272727
0.25
0.3076923076923077
0.36363636363636365
