Overall Mean: 0.24934503624469825
0.4
0.125
0.25
0.06666666666666667
0.21428571428571427
0.25
0.06666666666666667
0.25
0.3076923076923077
0.25
0.07692307692307693
0.25
0.17647058823529413
0.25
0.35
0.3125
0.3333333333333333
0.3076923076923077
0.1875
0.07142857142857142
0.14285714285714285
0.3
0.3125
0.26666666666666666
0.2857142857142857
0.16666666666666666
0.21428571428571427
0.5
0.3333333333333333
0.36363636363636365
0.125
0.18181818181818182
0.3
0.3076923076923077
0.4166666666666667
0.36363636363636365
0.1
0.2727272727272727
0.38461538461538464
0.3333333333333333
0.375
0.4
0.3333333333333333
0.06666666666666667
0.2777777777777778
0.14285714285714285
0.26666666666666666
0.21428571428571427
0.29411764705882354
0.21428571428571427
0.35714285714285715
0.2
0.45454545454545453
0.09090909090909091
0.15384615384615385
0.2
0.375
0.2857142857142857
0.125
0.375
0.15384615384615385
0.3333333333333333
0.2
0.13333333333333333
0.3125
0.3076923076923077
0.2
0.3333333333333333
0.08333333333333333
0.26666666666666666
0.23076923076923078
0.21428571428571427
0.3125
0.375
0.08333333333333333
0.13333333333333333
0.3
0.23529411764705882
0.29411764705882354
0.3125
0.42857142857142855
0.2727272727272727
0.0
0.23529411764705882
0.25
0.4
0.16666666666666666
0.2857142857142857
0.23076923076923078
0.3125
0.23076923076923078
0.3076923076923077
0.2857142857142857
0.38461538461538464
0.3333333333333333
0.2
0.1
0.23076923076923078
0.3333333333333333
0.23076923076923078
0.42857142857142855
0.16666666666666666
0.3076923076923077
0.45454545454545453
0.375
0.25
0.09090909090909091
0.38461538461538464
0.0
0.14285714285714285
0.25
0.2857142857142857
0.14285714285714285
0.125
0.25
0.07142857142857142
0.17647058823529413
0.35294117647058826
0.21428571428571427
0.3333333333333333
0.18181818181818182
0.16666666666666666
0.2857142857142857
0.2
0.25
0.23529411764705882
0.375
0.2857142857142857
0.15384615384615385
0.46153846153846156
0.09090909090909091
0.1875
0.2777777777777778
0.3888888888888889
0.25
0.3333333333333333
0.38461538461538464
0.08333333333333333
0.3157894736842105
0.25
0.07142857142857142
0.21052631578947367
0.1875
0.3333333333333333
0.18181818181818182
0.25
0.16666666666666666
0.3125
0.3076923076923077
0.25
0.07142857142857142
0.26666666666666666
0.3333333333333333
0.14285714285714285
0.38461538461538464
0.21428571428571427
0.15384615384615385
0.2857142857142857
0.47058823529411764
0.4
0.3076923076923077
0.08333333333333333
0.2857142857142857
0.29411764705882354
0.3125
0.3076923076923077
0.16666666666666666
0.2857142857142857
0.2
0.3125
0.15384615384615385
0.07142857142857142
0.1875
0.2857142857142857
0.15384615384615385
0.4
0.07692307692307693
0.2222222222222222
0.3333333333333333
0.17647058823529413
0.3125
0.23076923076923078
0.23076923076923078
0.2
0.5714285714285714
0.3333333333333333
0.45454545454545453
0.18181818181818182
0.38461538461538464
0.36363636363636365
0.25
0.15384615384615385
0.3125
0.25
0.21052631578947367
0.125
0.17647058823529413
0.0
0.15
0.2631578947368421
0.3333333333333333
0.23529411764705882
0.2857142857142857
0.2
0.35714285714285715
0.25
0.3076923076923077
0.0
0.26666666666666666
0.15384615384615385
0.23076923076923078
0.4
0.25
0.21428571428571427
0.13333333333333333
0.1875
0.42857142857142855
0.2857142857142857
0.3076923076923077
0.21428571428571427
0.29411764705882354
0.35714285714285715
0.25
0.15384615384615385
0.07692307692307693
0.17647058823529413
0.16666666666666666
0.11764705882352941
0.2777777777777778
0.47058823529411764
0.36363636363636365
0.36363636363636365
0.23076923076923078
0.3076923076923077
0.2
0.2
0.0625
0.3333333333333333
0.23076923076923078
0.3333333333333333
0.21428571428571427
0.08333333333333333
0.16666666666666666
0.25
0.375
0.3076923076923077
0.35714285714285715
0.13333333333333333
0.35714285714285715
0.2727272727272727
0.3076923076923077
0.2857142857142857
0.14285714285714285
0.3333333333333333
0.07692307692307693
0.3333333333333333
0.23076923076923078
0.15384615384615385
0.29411764705882354
0.2857142857142857
0.29411764705882354
0.3125
0.4666666666666667
0.0
0.36363636363636365
0.36363636363636365
0.42857142857142855
0.3
0.46153846153846156
0.1
0.25
0.13333333333333333
0.1875
0.2777777777777778
0.375
0.36363636363636365
0.23076923076923078
0.09090909090909091
0.14285714285714285
0.35294117647058826
0.23076923076923078
0.5
0.1111111111111111
0.2222222222222222
0.14285714285714285
0.11764705882352941
0.16666666666666666
0.2631578947368421
0.21052631578947367
0.25
0.23076923076923078
0.15384615384615385
0.23076923076923078
0.15384615384615385
0.125
0.3125
0.21428571428571427
0.14285714285714285
0.5333333333333333
0.36363636363636365
0.2
0.23076923076923078
0.25
0.25
0.07692307692307693
0.29411764705882354
0.1875
0.26666666666666666
0.125
0.3125
0.35714285714285715
0.45454545454545453
0.3333333333333333
0.2727272727272727
0.21428571428571427
0.3333333333333333
0.26666666666666666
0.25
0.1875
0.11764705882352941
0.2222222222222222
0.3684210526315789
0.1875
0.17647058823529413
0.0625
0.17647058823529413
0.29411764705882354
0.16666666666666666
0.2222222222222222
0.3333333333333333
0.3125
0.26666666666666666
0.06666666666666667
0.125
0.1111111111111111
0.29411764705882354
0.23076923076923078
0.2857142857142857
0.07692307692307693
0.2631578947368421
0.4444444444444444
0.16666666666666666
0.06666666666666667
0.21052631578947367
0.3157894736842105
0.23529411764705882
0.13333333333333333
0.125
0.3125
0.13333333333333333
0.1875
0.17647058823529413
0.1875
0.15789473684210525
0.16666666666666666
0.16666666666666666
0.2777777777777778
0.1875
0.3333333333333333
0.1875
0.21428571428571427
0.4375
0.25
0.3333333333333333
0.23076923076923078
0.14285714285714285
0.23076923076923078
0.3076923076923077
0.15384615384615385
0.375
0.16666666666666666
0.25
0.3888888888888889
0.26666666666666666
0.3333333333333333
0.25
0.18181818181818182
0.23076923076923078
0.2857142857142857
0.4
0.3076923076923077
0.09090909090909091
0.26666666666666666
0.3076923076923077
0.26666666666666666
0.2
0.25
0.35714285714285715
0.08333333333333333
0.18181818181818182
0.25
0.18181818181818182
0.23076923076923078
0.2727272727272727
0.0
0.2
0.1875
0.2777777777777778
0.2
0.29411764705882354
0.125
0.29411764705882354
0.3333333333333333
0.3333333333333333
0.25
0.21428571428571427
0.2
0.14285714285714285
0.2857142857142857
0.21428571428571427
0.17647058823529413
0.1875
0.26666666666666666
0.26666666666666666
0.5
0.36363636363636365
0.36363636363636365
0.2
0.5
0.36363636363636365
0.42857142857142855
0.4166666666666667
0.1
0.18181818181818182
0.46153846153846156
0.25
0.08333333333333333
0.23076923076923078
0.08333333333333333
0.2222222222222222
0.1111111111111111
0.2222222222222222
0.3333333333333333
0.2
0.29411764705882354
0.25
0.4166666666666667
0.125
0.18181818181818182
0.4
0.2727272727272727
0.25
0.23076923076923078
0.25
0.42857142857142855
0.16666666666666666
0.4
0.07692307692307693
0.17647058823529413
0.23529411764705882
0.3684210526315789
0.21428571428571427
0.21428571428571427
0.23529411764705882
0.3125
0.3333333333333333
0.08333333333333333
0.25
0.125
0.23529411764705882
0.23529411764705882
0.4
0.2727272727272727
0.25
0.25
0.23076923076923078
0.3125
0.35294117647058826
0.38461538461538464
0.36363636363636365
0.2727272727272727
0.0
0.2857142857142857
0.35714285714285715
0.18181818181818182
0.4
0.0
0.25
0.1875
0.3
0.17647058823529413
0.125
0.4375
0.45454545454545453
0.18181818181818182
0.2
0.1875
0.3333333333333333
0.3333333333333333
0.2857142857142857
0.07142857142857142
0.23529411764705882
0.21428571428571427
0.26666666666666666
0.2857142857142857
0.5
0.3
0.2
0.3076923076923077
0.14285714285714285
0.1875
0.29411764705882354
0.38461538461538464
0.46153846153846156
0.36363636363636365
0.25
0.15384615384615385
0.14285714285714285
0.25
0.14285714285714285
0.23529411764705882
0.3125
0.26666666666666666
0.23076923076923078
0.2
0.14285714285714285
0.21428571428571427
0.38461538461538464
0.18181818181818182
0.16666666666666666
0.4166666666666667
0.3333333333333333
0.5384615384615384
0.18181818181818182
0.25
0.375
0.08333333333333333
0.4166666666666667
0.25
0.35714285714285715
0.15384615384615385
0.07142857142857142
0.1875
0.17647058823529413
0.29411764705882354
0.25
0.15384615384615385
0.2
0.3125
0.26666666666666666
0.5333333333333333
0.4
0.25
0.07692307692307693
0.17647058823529413
0.25
0.06666666666666667
0.2777777777777778
0.2
0.23809523809523808
0.23529411764705882
0.1875
0.13333333333333333
0.25
0.11764705882352941
0.0
0.2
0.22727272727272727
0.15789473684210525
0.15
0.15789473684210525
0.3333333333333333
0.375
0.4166666666666667
0.36363636363636365
0.4444444444444444
0.3333333333333333
0.25
0.125
0.09090909090909091
0.4666666666666667
0.26666666666666666
0.3125
0.21428571428571427
0.2857142857142857
0.15384615384615385
0.2857142857142857
0.45454545454545453
0.1111111111111111
0.3333333333333333
0.2727272727272727
0.45454545454545453
0.15384615384615385
0.15384615384615385
0.21428571428571427
0.2
0.1875
0.3125
0.3125
