Overall Mean: 40.47858333333333
39.85
38.1
45.4
39.15
39.55
48.1
37.3
38.45
46.1
43.05
45.6
40.25
41.75
37.85
37.85
39.7
37.6
37.95
38.6
42.55
32.45
47.0
42.45
28.8
40.4
39.55
40.95
37.75
40.45
38.1
35.35
31.4
38.25
37.75
47.55
38.9
40.6
42.05
37.5
38.75
41.6
40.4
39.4
38.95
45.85
37.9
42.1
40.1
46.0
36.6
54.35
30.15
37.1
40.75
35.1
37.0
43.95
39.55
44.0
48.0
37.9
37.4
41.05
37.4
35.7
33.1
38.85
48.25
29.85
39.8
35.1
34.75
41.0
41.8
34.2
41.5
42.5
43.1
38.4
48.45
38.5
36.0
46.25
37.5
39.2
45.9
43.5
43.15
41.5
37.65
39.55
44.3
34.85
43.45
41.7
40.45
37.2
37.05
36.6
38.5
39.95
40.95
33.1
43.35
37.4
44.75
44.55
34.75
41.45
43.0
45.5
38.05
35.8
46.75
40.45
51.5
39.15
36.0
39.95
37.3
38.35
44.05
43.45
45.0
39.9
41.7
41.05
39.65
36.35
39.3
40.15
33.25
39.35
45.95
37.95
45.15
39.8
41.25
45.8
44.2
42.0
40.35
34.2
37.0
44.25
37.5
40.9
49.2
47.55
38.15
39.25
44.75
37.4
36.5
39.45
43.95
42.15
45.0
44.85
49.1
49.45
38.65
45.6
39.5
41.75
49.9
42.15
49.45
41.1
33.8
38.35
37.45
44.0
38.5
40.9
44.25
34.95
43.45
33.85
37.65
39.8
48.15
41.85
42.8
40.15
51.35
47.15
46.7
49.4
43.5
37.75
43.8
44.05
37.85
32.85
38.95
35.5
42.05
41.7
41.55
32.6
40.4
42.1
35.25
38.75
44.75
43.15
39.15
37.2
37.4
40.5
38.4
39.9
40.7
50.85
41.6
37.5
46.2
38.6
38.45
43.45
44.85
44.4
34.1
36.8
40.1
36.05
45.9
42.45
37.7
42.6
43.4
43.75
44.0
49.0
47.8
39.75
41.95
37.5
41.25
40.05
42.05
44.8
40.65
35.75
32.9
41.1
35.7
36.85
41.7
42.4
36.55
46.65
44.65
41.9
42.95
51.75
37.0
37.3
34.0
38.0
46.95
36.7
40.0
38.4
36.3
44.3
36.45
38.85
43.25
47.95
38.05
38.95
38.65
41.45
41.0
32.0
29.75
36.05
39.55
41.4
46.15
49.75
36.7
36.25
37.9
44.7
34.45
37.8
39.1
39.75
36.2
39.5
35.65
35.2
49.8
48.35
40.8
34.5
36.25
41.25
46.3
39.25
37.0
39.3
37.9
38.1
38.95
39.85
43.6
36.95
39.45
51.65
43.6
45.1
31.6
37.55
42.15
35.1
43.7
37.65
46.3
39.9
45.9
39.85
43.95
49.8
42.55
42.5
36.25
41.45
38.4
42.35
38.3
28.4
39.5
37.5
48.15
30.15
35.35
42.05
38.75
33.35
42.0
45.65
39.6
47.5
39.25
32.25
40.7
37.9
42.25
30.1
31.75
42.6
33.4
41.8
30.25
42.6
40.5
38.5
46.9
35.6
38.75
38.45
32.0
37.65
29.65
42.45
40.2
43.15
41.0
35.5
43.5
41.8
38.15
42.1
29.65
32.9
47.15
38.6
35.1
38.95
41.45
40.95
41.9
35.45
39.05
34.75
38.8
41.3
46.1
38.2
40.25
46.1
42.75
44.5
38.5
38.2
42.95
43.2
40.0
33.85
36.15
43.7
46.55
43.85
38.6
34.45
39.0
46.6
33.5
48.35
32.75
43.05
41.75
45.8
45.7
48.7
33.5
45.2
42.85
39.75
31.85
40.55
43.0
48.0
41.4
39.75
40.35
48.35
50.1
36.75
46.2
34.3
35.6
42.25
40.5
37.0
39.5
38.25
44.95
31.15
40.15
36.75
45.15
42.75
42.1
44.45
44.95
37.7
36.8
37.05
47.9
41.55
34.7
46.5
39.55
37.85
39.25
38.5
32.25
49.2
41.35
40.65
37.05
34.55
36.25
36.55
38.2
45.45
34.55
40.85
46.0
44.7
44.35
41.4
40.0
37.7
52.85
35.0
39.4
38.4
45.55
42.5
39.3
39.95
41.35
33.0
45.95
38.05
43.1
41.4
39.9
40.75
41.15
35.65
40.4
39.1
39.6
38.0
42.0
36.75
45.2
47.85
38.35
47.2
42.55
37.35
34.9
46.5
40.2
40.35
46.2
40.55
41.3
45.05
40.35
41.55
45.7
38.2
32.1
39.9
39.85
43.35
35.75
44.0
40.2
39.75
48.0
36.5
45.95
49.55
36.15
43.1
38.0
41.8
38.9
37.25
44.05
41.5
26.55
36.45
37.9
37.5
42.55
39.0
35.75
35.75
44.1
37.05
46.0
36.45
41.5
45.2
41.65
44.05
45.5
45.5
42.55
46.6
41.45
40.65
37.7
42.8
35.9
41.45
39.05
39.65
38.3
42.5
41.0
46.7
45.95
44.4
37.4
47.6
42.65
42.2
44.8
44.6
39.65
38.6
44.7
46.45
41.25
45.55
41.9
37.15
44.25
42.4
37.1
24.8
45.25
29.25
37.0
43.25
42.05
35.45
42.9
