Overall Mean: 0.2493859476442391
0.14285714285714285
0.25
0.17391304347826086
0.18181818181818182
0.20833333333333334
0.09523809523809523
0.34782608695652173
0.2857142857142857
0.23529411764705882
0.2777777777777778
0.15789473684210525
0.35
0.47368421052631576
0.29411764705882354
0.3076923076923077
0.14285714285714285
0.25
0.42105263157894735
0.3125
0.29411764705882354
0.3125
0.23529411764705882
0.2631578947368421
0.3333333333333333
0.21052631578947367
0.2
0.16666666666666666
0.2727272727272727
0.2727272727272727
0.15
0.22727272727272727
0.2608695652173913
0.16666666666666666
0.15789473684210525
0.14285714285714285
0.34782608695652173
0.3333333333333333
0.29411764705882354
0.3125
0.17647058823529413
0.3333333333333333
0.2222222222222222
0.3333333333333333
0.3333333333333333
0.23529411764705882
0.17647058823529413
0.2631578947368421
0.10526315789473684
0.23809523809523808
0.1
0.17391304347826086
0.34615384615384615
0.22727272727272727
0.45
0.29411764705882354
0.17647058823529413
0.2631578947368421
0.23529411764705882
0.42105263157894735
0.42857142857142855
0.2727272727272727
0.26666666666666666
0.11764705882352941
0.09090909090909091
0.21739130434782608
0.18181818181818182
0.15
0.17391304347826086
0.23809523809523808
0.14285714285714285
0.391304347826087
0.17647058823529413
0.15789473684210525
0.047619047619047616
0.20833333333333334
0.2608695652173913
0.3181818181818182
0.21052631578947367
0.1
0.15
0.25
0.19047619047619047
0.13636363636363635
0.2857142857142857
0.2857142857142857
0.1875
0.13333333333333333
0.0625
0.35
0.1875
0.15789473684210525
0.18181818181818182
0.22727272727272727
0.16666666666666666
0.16666666666666666
0.17647058823529413
0.23529411764705882
0.42105263157894735
0.2
0.2857142857142857
0.3333333333333333
0.17647058823529413
0.22727272727272727
0.09523809523809523
0.21739130434782608
0.20833333333333334
0.38095238095238093
0.10526315789473684
0.45
0.11764705882352941
0.35
0.2631578947368421
0.21052631578947367
0.29411764705882354
0.35714285714285715
0.3333333333333333
0.21052631578947367
0.21052631578947367
0.3333333333333333
0.15789473684210525
0.14285714285714285
0.28
0.10526315789473684
0.21739130434782608
0.2608695652173913
0.21739130434782608
0.2727272727272727
0.38095238095238093
0.16666666666666666
0.35
0.2777777777777778
0.29411764705882354
0.2777777777777778
0.17647058823529413
0.14285714285714285
0.17391304347826086
0.36
0.23529411764705882
0.3
0.2631578947368421
0.2
0.05555555555555555
0.2
0.38095238095238093
0.2
0.25
0.19047619047619047
0.14285714285714285
0.3
0.25
0.19047619047619047
0.2777777777777778
0.3888888888888889
0.47619047619047616
0.38461538461538464
0.3
0.14285714285714285
0.375
0.1111111111111111
0.18181818181818182
0.3333333333333333
0.3684210526315789
0.16666666666666666
0.3333333333333333
0.23529411764705882
0.29411764705882354
0.1111111111111111
0.22727272727272727
0.18181818181818182
0.38095238095238093
0.4444444444444444
0.2
0.21428571428571427
0.26666666666666666
0.23809523809523808
0.16666666666666666
0.2916666666666667
0.1
0.23809523809523808
0.2727272727272727
0.21052631578947367
0.25
0.4
0.1111111111111111
0.2727272727272727
0.19047619047619047
0.2727272727272727
0.25
0.35
0.29411764705882354
0.23529411764705882
0.29411764705882354
0.1875
0.125
0.3
0.25
0.23529411764705882
0.14285714285714285
0.2857142857142857
0.2857142857142857
0.05
0.375
0.2777777777777778
0.11764705882352941
0.3157894736842105
0.15789473684210525
0.20833333333333334
0.28
0.18181818181818182
0.23809523809523808
0.42105263157894735
0.125
0.23529411764705882
0.17647058823529413
0.2
0.42857142857142855
0.3333333333333333
0.25
0.4
0.08333333333333333
0.3157894736842105
0.23529411764705882
0.16666666666666666
0.21052631578947367
0.2631578947368421
0.29411764705882354
0.35
0.14285714285714285
0.34782608695652173
0.3684210526315789
0.10526315789473684
0.25
0.05263157894736842
0.23076923076923078
0.36363636363636365
0.45
0.375
0.42857142857142855
0.3333333333333333
0.23076923076923078
0.25
0.09523809523809523
0.17391304347826086
0.5
0.4
0.3333333333333333
0.3333333333333333
0.1875
0.21052631578947367
0.36363636363636365
0.10526315789473684
0.3333333333333333
0.14285714285714285
0.29411764705882354
0.3
0.17647058823529413
0.16666666666666666
0.22727272727272727
0.17391304347826086
0.2857142857142857
0.35
0.375
0.2
0.2777777777777778
0.23529411764705882
0.3
0.17647058823529413
0.35
0.3157894736842105
0.375
0.35714285714285715
0.26666666666666666
0.11764705882352941
0.15789473684210525
0.22727272727272727
0.2631578947368421
0.3157894736842105
0.3157894736842105
0.4444444444444444
0.1875
0.23529411764705882
0.29411764705882354
0.058823529411764705
0.22727272727272727
0.3333333333333333
0.3157894736842105
0.2222222222222222
0.42105263157894735
0.29411764705882354
0.3
0.3684210526315789
0.17647058823529413
0.2
0.43478260869565216
0.11764705882352941
0.25
0.29411764705882354
0.25
