Overall Mean: 0.24696329653682075
0.07142857142857142
0.2222222222222222
0.13333333333333333
0.15789473684210525
0.16666666666666666
0.10526315789473684
0.3157894736842105
0.3333333333333333
0.2
0.23076923076923078
0.15384615384615385
0.375
0.38461538461538464
0.4
0.25
0.1111111111111111
0.25
0.4666666666666667
0.2727272727272727
0.2727272727272727
0.4166666666666667
0.2727272727272727
0.38461538461538464
0.2857142857142857
0.3333333333333333
0.2
0.125
0.3333333333333333
0.25
0.125
0.17647058823529413
0.23529411764705882
0.11764705882352941
0.2
0.125
0.2777777777777778
0.26666666666666666
0.3333333333333333
0.4166666666666667
0.2727272727272727
0.2857142857142857
0.21428571428571427
0.2857142857142857
0.3333333333333333
0.08333333333333333
0.15384615384615385
0.35714285714285715
0.14285714285714285
0.23529411764705882
0.0625
0.16666666666666666
0.3684210526315789
0.29411764705882354
0.47058823529411764
0.18181818181818182
0.16666666666666666
0.35714285714285715
0.21428571428571427
0.38461538461538464
0.36363636363636365
0.25
0.375
0.18181818181818182
0.13333333333333333
0.2
0.16666666666666666
0.1111111111111111
0.11764705882352941
0.21052631578947367
0.1875
0.5
0.14285714285714285
0.21428571428571427
0.0
0.25
0.15789473684210525
0.29411764705882354
0.26666666666666666
0.0
0.16666666666666666
0.17647058823529413
0.26666666666666666
0.11764705882352941
0.21052631578947367
0.2
0.13333333333333333
0.15384615384615385
0.0
0.3333333333333333
0.23076923076923078
0.15384615384615385
0.125
0.16666666666666666
0.17647058823529413
0.2
0.13333333333333333
0.14285714285714285
0.38461538461538464
0.18181818181818182
0.3333333333333333
0.2
0.08333333333333333
0.14285714285714285
0.058823529411764705
0.21052631578947367
0.2222222222222222
0.3684210526315789
0.15384615384615385
0.4117647058823529
0.0
0.4
0.3076923076923077
0.2857142857142857
0.3333333333333333
0.4166666666666667
0.4444444444444444
0.25
0.26666666666666666
0.3333333333333333
0.14285714285714285
0.125
0.3888888888888889
0.1111111111111111
0.23529411764705882
0.2777777777777778
0.29411764705882354
0.2222222222222222
0.5
0.15384615384615385
0.3333333333333333
0.3076923076923077
0.38461538461538464
0.3333333333333333
0.23076923076923078
0.21428571428571427
0.1111111111111111
0.47368421052631576
0.25
0.3076923076923077
0.2857142857142857
0.2857142857142857
0.0625
0.23529411764705882
0.3125
0.15384615384615385
0.125
0.13333333333333333
0.11764705882352941
0.2777777777777778
0.2857142857142857
0.26666666666666666
0.29411764705882354
0.46153846153846156
0.2727272727272727
0.36363636363636365
0.375
0.0
0.5
0.1
0.1875
0.2777777777777778
0.42857142857142855
0.08333333333333333
0.3333333333333333
0.21428571428571427
0.23076923076923078
0.0
0.25
0.23529411764705882
0.3888888888888889
0.5384615384615384
0.2
0.16666666666666666
0.36363636363636365
0.2727272727272727
0.1875
0.3
0.11764705882352941
0.2222222222222222
0.25
0.1875
0.3333333333333333
0.4666666666666667
0.08333333333333333
0.25
0.1875
0.17647058823529413
0.125
0.4
0.23076923076923078
0.3333333333333333
0.23076923076923078
0.08333333333333333
0.07692307692307693
0.2857142857142857
0.21428571428571427
0.25
0.07692307692307693
0.16666666666666666
0.2
0.0
0.42105263157894735
0.3333333333333333
0.15384615384615385
0.26666666666666666
0.23076923076923078
0.25
0.3157894736842105
0.2222222222222222
0.2222222222222222
0.375
0.0
0.2857142857142857
0.15384615384615385
0.14285714285714285
0.4375
0.25
0.3
0.4166666666666667
0.0
0.2727272727272727
0.15384615384615385
0.15384615384615385
0.2
0.2
0.21428571428571427
0.3333333333333333
0.15384615384615385
0.3888888888888889
0.4
0.08333333333333333
0.17647058823529413
0.06666666666666667
0.2777777777777778
0.35
0.42857142857142855
0.36363636363636365
0.5
0.375
0.2
0.2
0.08333333333333333
0.10526315789473684
0.47368421052631576
0.45454545454545453
0.3333333333333333
0.3
0.1
0.15384615384615385
0.3333333333333333
0.07142857142857142
0.35294117647058826
0.14285714285714285
0.3333333333333333
0.3333333333333333
0.21428571428571427
0.21428571428571427
0.26666666666666666
0.11764705882352941
0.3157894736842105
0.4
0.38461538461538464
0.1
0.25
0.15384615384615385
0.23076923076923078
0.21428571428571427
0.42857142857142855
0.3076923076923077
0.38461538461538464
0.5
0.2222222222222222
0.09090909090909091
0.06666666666666667
0.25
0.23529411764705882
0.21428571428571427
0.38461538461538464
0.38461538461538464
0.2
0.3076923076923077
0.38461538461538464
0.08333333333333333
0.1875
0.29411764705882354
0.2857142857142857
0.3076923076923077
0.35714285714285715
0.36363636363636365
0.4166666666666667
0.42857142857142855
0.25
0.2857142857142857
0.5
0.07692307692307693
0.3333333333333333
0.3333333333333333
0.3333333333333333
