Overall Mean: 0.32365771812080535
0.6
0.55
0.5
0.3
0.3
0.1
0.3
0.25
0.1
0.05
0.55
0.6
0.8
0.4
0.35
0.1
0.15
0.2
0.6
0.55
0.6
0.45
0.3
0.3
0.2
0.05
0.05
0.1
0.65
0.5
0.5
0.4
0.35
0.15
0.1
0.2
0.2
0.05
0.5
0.55
0.65
0.3
0.4
0.3
0.05
0.05
0.2
0.05
0.55
0.3
0.65
0.5
0.3
0.45
0.1
0.05
0.1
0.1
0.7
0.6
0.55
0.35
0.25
0.1
0.2
0.15
0.05
0.1
0.2
0.1
0.8
0.45
0.45
0.25
0.4
0.3
0.25
0.15
0.0
0.05
0.15
0.4
0.65
0.7
0.55
0.35
0.1
0.0
0.2
0.1
0.1
0.45
0.8
0.65
0.4
0.15
0.2
0.25
0.05
0.1
0.55
0.45
0.55
0.3
0.3
0.25
0.35
0.1
0.25
0.4
0.55
0.65
0.4
0.4
0.25
0.2
0.5
0.4
0.55
0.3
0.3
0.35
0.1
0.15
0.15
0.2
0.05
0.55
0.45
0.55
0.5
0.4
0.25
0.15
0.1
0.0
0.15
0.35
0.7
0.6
0.5
0.05
0.2
0.25
0.1
0.1
0.05
0.05
0.75
0.5
0.5
0.4
0.4
0.5
0.2
0.1
0.45
0.65
0.45
0.4
0.45
0.35
0.05
0.2
0.05
0.15
0.5
0.6
0.5
0.4
0.55
0.15
0.1
0.15
0.1
0.6
0.6
0.45
0.5
0.4
0.2
0.25
0.25
0.45
0.6
0.5
0.5
0.35
0.35
0.15
0.1
0.05
0.0
0.0
0.05
0.05
0.5
0.65
0.5
0.4
0.1
0.45
0.25
0.05
0.1
0.05
0.05
0.55
0.45
0.55
0.6
0.35
0.2
0.1
0.05
0.25
0.75
0.55
0.7
0.25
0.4
0.2
0.1
0.15
0.1
0.1
0.6
0.4
0.65
0.45
0.2
0.25
0.05
0.25
0.1
0.25
0.65
0.7
0.55
0.3
0.3
0.1
0.1
0.45
0.25
0.55
0.75
0.5
0.35
0.4
0.1
0.3
0.1
0.15
0.05
0.6
0.45
0.55
0.4
0.3
0.35
0.25
0.05
0.05
0.05
0.6
0.5
0.6
0.55
0.4
0.25
0.1
0.05
0.0
0.05
0.45
0.65
0.5
0.45
0.3
0.2
0.25
0.0
0.1
0.1
0.65
0.3
0.75
0.35
0.35
0.35
0.15
0.15
0.15
0.7
0.6
0.55
0.4
