Overall Mean: 0.24790652391707826
0.2727272727272727
0.2391304347826087
0.23255813953488372
0.2608695652173913
0.2
0.15217391304347827
0.3125
0.25
0.2619047619047619
0.1956521739130435
0.22448979591836735
0.26666666666666666
0.35555555555555557
0.20930232558139536
0.32608695652173914
0.23255813953488372
0.19148936170212766
0.30434782608695654
0.27906976744186046
0.24444444444444444
0.26666666666666666
0.21428571428571427
0.17391304347826086
0.2826086956521739
0.26666666666666666
0.23404255319148937
0.24444444444444444
0.16279069767441862
0.2708333333333333
0.23255813953488372
0.22727272727272727
0.26666666666666666
0.28888888888888886
0.25
0.2978723404255319
0.3023255813953488
0.2727272727272727
0.24444444444444444
0.22727272727272727
0.25
0.28888888888888886
0.18181818181818182
0.24444444444444444
0.32608695652173914
0.20454545454545456
0.2391304347826087
0.29545454545454547
0.20454545454545456
0.22916666666666666
0.1276595744680851
0.2653061224489796
0.24444444444444444
0.18181818181818182
0.3404255319148936
0.2619047619047619
0.22727272727272727
0.2978723404255319
0.2558139534883721
0.3181818181818182
0.2857142857142857
0.24444444444444444
0.2222222222222222
0.2127659574468085
0.2553191489361702
0.2765957446808511
0.19148936170212766
0.2916666666666667
0.2222222222222222
0.2222222222222222
0.17391304347826086
0.32653061224489793
0.20930232558139536
0.2
0.18181818181818182
0.2
0.2553191489361702
0.2619047619047619
0.29545454545454547
0.20930232558139536
0.23404255319148937
0.29545454545454547
0.17391304347826086
0.28888888888888886
0.2978723404255319
0.29545454545454547
0.29545454545454547
0.3023255813953488
0.2222222222222222
0.2765957446808511
0.21739130434782608
0.2826086956521739
0.2
0.34782608695652173
0.3170731707317073
0.25
0.26666666666666666
0.2608695652173913
0.24444444444444444
0.25
0.24444444444444444
0.23404255319148937
0.2
0.23404255319148937
0.2
0.2
0.2
0.2857142857142857
0.23255813953488372
0.2727272727272727
0.18181818181818182
0.2391304347826087
0.3023255813953488
0.24444444444444444
0.2608695652173913
0.26666666666666666
0.28888888888888886
0.23255813953488372
0.18181818181818182
0.22916666666666666
0.21739130434782608
0.2391304347826087
0.30434782608695654
0.1590909090909091
0.23404255319148937
0.2222222222222222
0.22727272727272727
0.25
0.2558139534883721
0.1956521739130435
0.23404255319148937
0.29545454545454547
0.26666666666666666
0.2222222222222222
0.20833333333333334
0.26666666666666666
0.25
0.2608695652173913
0.16279069767441862
0.30434782608695654
0.27906976744186046
0.30952380952380953
0.16666666666666666
0.23404255319148937
0.24444444444444444
0.25
0.20930232558139536
0.2608695652173913
0.17777777777777778
0.3191489361702128
0.22727272727272727
0.2127659574468085
0.2608695652173913
0.32558139534883723
0.3333333333333333
0.28888888888888886
0.26666666666666666
0.1956521739130435
0.2708333333333333
0.2
0.2
0.24489795918367346
0.28888888888888886
0.2222222222222222
0.24444444444444444
0.20454545454545456
0.2553191489361702
0.2222222222222222
0.2608695652173913
0.22727272727272727
0.2
0.3181818181818182
0.2727272727272727
0.2
0.17391304347826086
0.2
0.25
0.2608695652173913
0.1956521739130435
0.2765957446808511
0.2608695652173913
0.18604651162790697
0.25
0.2391304347826087
0.1956521739130435
0.25
0.2127659574468085
0.25
0.24444444444444444
0.27906976744186046
0.27906976744186046
0.2727272727272727
0.2727272727272727
0.30434782608695654
0.27906976744186046
0.25
0.29545454545454547
0.2222222222222222
0.28888888888888886
0.22727272727272727
0.20454545454545456
0.2391304347826087
0.38636363636363635
0.2619047619047619
0.1590909090909091
0.2553191489361702
0.15217391304347827
0.22916666666666666
0.2558139534883721
0.20454545454545456
0.23404255319148937
0.3333333333333333
0.25
0.2391304347826087
0.18181818181818182
0.2765957446808511
0.28888888888888886
0.35714285714285715
0.2619047619047619
0.3181818181818182
0.18181818181818182
0.2553191489361702
0.2608695652173913
0.25
0.21739130434782608
0.2553191489361702
0.13953488372093023
0.2727272727272727
0.18181818181818182
0.2826086956521739
0.3023255813953488
0.22727272727272727
0.1590909090909091
0.1702127659574468
0.2978723404255319
0.1951219512195122
0.2708333333333333
0.3023255813953488
0.3333333333333333
0.25
0.20454545454545456
0.21739130434782608
0.2
0.23404255319148937
0.3333333333333333
0.2619047619047619
0.23404255319148937
0.30612244897959184
0.22727272727272727
0.20454545454545456
0.29545454545454547
0.23255813953488372
0.29545454545454547
0.2619047619047619
0.2727272727272727
0.2222222222222222
0.2553191489361702
0.21428571428571427
0.24444444444444444
0.30434782608695654
0.3023255813953488
0.2826086956521739
0.3023255813953488
0.23255813953488372
0.2727272727272727
0.22727272727272727
0.2727272727272727
0.23809523809523808
0.26666666666666666
0.27906976744186046
0.26666666666666666
0.29545454545454547
0.25
0.1590909090909091
0.2826086956521739
0.26666666666666666
0.2
0.2765957446808511
0.23809523809523808
0.29545454545454547
0.27906976744186046
0.2727272727272727
0.18181818181818182
0.1956521739130435
0.25
0.2391304347826087
0.29545454545454547
0.14285714285714285
0.3125
0.2558139534883721
0.20454545454545456
0.2608695652173913
0.2391304347826087
0.2
0.28888888888888886
0.3111111111111111
0.2727272727272727
0.2558139534883721
0.1956521739130435
