Overall Mean: 0.24762560415715634
0.2222222222222222
0.1875
0.2
0.18181818181818182
0.2647058823529412
0.1111111111111111
0.3333333333333333
0.2727272727272727
0.24242424242424243
0.1935483870967742
0.2702702702702703
0.2631578947368421
0.45454545454545453
0.27586206896551724
0.3235294117647059
0.1935483870967742
0.24242424242424243
0.34210526315789475
0.3125
0.25806451612903225
0.23529411764705882
0.2727272727272727
0.21212121212121213
0.2894736842105263
0.30303030303030304
0.15151515151515152
0.2222222222222222
0.20588235294117646
0.2777777777777778
0.17142857142857143
0.2727272727272727
0.23529411764705882
0.24242424242424243
0.1875
0.21212121212121213
0.2727272727272727
0.3
0.25
0.23529411764705882
0.23529411764705882
0.30303030303030304
0.1875
0.25
0.35294117647058826
0.1935483870967742
0.22857142857142856
0.2857142857142857
0.16129032258064516
0.2571428571428571
0.10810810810810811
0.24390243902439024
0.2777777777777778
0.20588235294117646
0.3611111111111111
0.25806451612903225
0.22580645161290322
0.29411764705882354
0.24242424242424243
0.40625
0.3333333333333333
0.23333333333333334
0.20588235294117646
0.2
0.24324324324324326
0.2857142857142857
0.17647058823529413
0.2894736842105263
0.20588235294117646
0.2
0.22857142857142856
0.34210526315789475
0.21212121212121213
0.17647058823529413
0.1388888888888889
0.2222222222222222
0.2777777777777778
0.2571428571428571
0.25806451612903225
0.1935483870967742
0.20588235294117646
0.25
0.1935483870967742
0.23684210526315788
0.3125
0.3333333333333333
0.3225806451612903
0.22580645161290322
0.16666666666666666
0.3142857142857143
0.20588235294117646
0.2222222222222222
0.21212121212121213
0.3333333333333333
0.3
0.2857142857142857
0.24242424242424243
0.30303030303030304
0.2647058823529412
0.20588235294117646
0.30303030303030304
0.20588235294117646
0.19444444444444445
0.2222222222222222
0.16666666666666666
0.2222222222222222
0.19444444444444445
0.3333333333333333
0.2571428571428571
0.30303030303030304
0.15625
0.2777777777777778
0.2857142857142857
0.26666666666666666
0.29411764705882354
0.20588235294117646
0.2727272727272727
0.21875
0.18181818181818182
0.2777777777777778
0.16216216216216217
0.2222222222222222
0.2857142857142857
0.09375
0.1891891891891892
0.2222222222222222
0.2
0.23529411764705882
0.2727272727272727
0.15625
0.2972972972972973
0.2777777777777778
0.2903225806451613
0.21212121212121213
0.2
0.18421052631578946
0.21212121212121213
0.2727272727272727
0.17647058823529413
0.2777777777777778
0.21875
0.3225806451612903
0.06896551724137931
0.17142857142857143
0.2777777777777778
0.20588235294117646
0.18181818181818182
0.2647058823529412
0.20588235294117646
0.2972972972972973
0.21875
0.23529411764705882
0.21621621621621623
0.2647058823529412
0.4482758620689655
0.32142857142857145
0.34375
0.21212121212121213
0.32432432432432434
0.2
0.2222222222222222
0.2777777777777778
0.2972972972972973
0.1875
0.3142857142857143
0.23529411764705882
0.2857142857142857
0.2
0.2571428571428571
0.23529411764705882
0.23529411764705882
0.3888888888888889
0.36666666666666664
0.1875
0.1388888888888889
0.21052631578947367
0.25
0.3055555555555556
0.17647058823529413
0.2702702702702703
0.2647058823529412
0.17647058823529413
0.22857142857142856
0.3055555555555556
0.17142857142857143
0.24324324324324326
0.25
0.2702702702702703
0.24242424242424243
0.35294117647058826
0.25806451612903225
0.22580645161290322
0.3125
0.25
0.28125
0.25806451612903225
0.24242424242424243
0.1935483870967742
0.22857142857142856
0.1875
0.23529411764705882
0.17142857142857143
0.34285714285714286
0.2222222222222222
0.1935483870967742
0.24324324324324326
0.11428571428571428
0.20512820512820512
0.2972972972972973
0.1875
0.2857142857142857
0.3333333333333333
0.26666666666666666
0.24242424242424243
0.2
0.3333333333333333
0.3235294117647059
0.34375
0.2962962962962963
0.3225806451612903
0.16666666666666666
0.2777777777777778
0.2857142857142857
0.2647058823529412
0.2727272727272727
0.2777777777777778
0.17142857142857143
0.2972972972972973
0.125
0.2777777777777778
0.2727272727272727
0.2
0.14705882352941177
0.1891891891891892
0.28205128205128205
0.24242424242424243
0.3333333333333333
0.34285714285714286
0.3333333333333333
0.25
0.18181818181818182
0.22857142857142856
0.19444444444444445
0.25
0.3888888888888889
0.3
0.25806451612903225
0.3333333333333333
0.17647058823529413
0.20588235294117646
0.2857142857142857
0.22580645161290322
0.36363636363636365
0.16129032258064516
0.22580645161290322
0.25
0.2571428571428571
0.17142857142857143
0.18181818181818182
0.23529411764705882
0.28125
0.3
0.30303030303030304
0.16666666666666666
0.2727272727272727
0.25
0.2647058823529412
0.1875
0.25
0.3333333333333333
0.3225806451612903
0.2727272727272727
0.2903225806451613
0.15151515151515152
0.2972972972972973
0.2727272727272727
0.18181818181818182
0.25
0.29411764705882354
0.28125
0.2903225806451613
0.25806451612903225
0.1875
0.2222222222222222
0.2702702702702703
0.2777777777777778
0.3142857142857143
0.1935483870967742
0.2777777777777778
0.21212121212121213
0.21875
0.2571428571428571
0.20588235294117646
0.2
0.3333333333333333
0.21875
0.3225806451612903
0.15625
0.25
