Overall Mean: 0.257554379776602
0.0
0.16666666666666666
0.3333333333333333
0.16666666666666666
0.2857142857142857
0.0
0.375
0.42857142857142855
0.3333333333333333
0.2
0.2
0.2
0.5
0.6666666666666666
0.0
0.0
0.3333333333333333
0.0
0.0
0.3333333333333333
0.6666666666666666
0.5
0.0
0.0
1.0
0.5
0.0
0.3333333333333333
0.0
0.14285714285714285
0.16666666666666666
0.0
0.2222222222222222
0.375
0.0
0.5714285714285714
0.6666666666666666
0.0
0.4
0.5
0.5
0.0
1.0
1.0
0.0
0.2
0.3333333333333333
0.25
0.0
0.2
0.16666666666666666
0.2857142857142857
0.3333333333333333
1.0
0.0
0.0
0.4
0.5
0.3333333333333333
0.0
0.25
0.0
0.0
0.0
0.2
0.14285714285714285
0.14285714285714285
0.4
0.42857142857142855
0.42857142857142855
0.2
0.5
0.0
0.4
0.16666666666666666
0.14285714285714285
0.375
0.0
0.125
0.375
0.3333333333333333
0.2857142857142857
0.16666666666666666
0.14285714285714285
0.16666666666666666
0.125
0.0
0.4444444444444444
0.14285714285714285
0.3333333333333333
0.2
0.2
0.2
0.3333333333333333
0.16666666666666666
0.125
0.625
0.3333333333333333
0.2
0.25
0.0
0.0
0.0
0.1
0.2222222222222222
0.375
0.16666666666666666
0.42857142857142855
0.0
0.6
0.5
0.3333333333333333
0.5
0.5
0.6666666666666666
0.0
0.0
0.5
0.0
0.0
0.5
0.0
0.4
0.25
0.4
0.16666666666666666
0.6
0.0
0.25
0.4
0.6666666666666666
0.5
0.0
0.0
0.0
0.3333333333333333
0.0
0.2
0.2
0.75
0.0
0.0
0.4
0.16666666666666666
0.125
0.14285714285714285
0.16666666666666666
0.42857142857142855
0.5
0.0
0.25
0.4
0.5
0.0
0.5
0.0
0.0
0.0
0.25
0.3333333333333333
0.0
0.0
0.3333333333333333
0.2
0.5
0.0
0.4
0.16666666666666666
0.2
0.5
0.0
0.0
0.5
0.0
0.25
0.25
0.0
0.2
0.5
0.0
0.3333333333333333
0.4
0.0
0.75
0.5
0.0
0.16666666666666666
0.2857142857142857
0.2857142857142857
0.3333333333333333
0.0
0.0
0.0
0.14285714285714285
0.2857142857142857
0.3333333333333333
0.0
0.16666666666666666
0.3333333333333333
0.0
0.3333333333333333
0.42857142857142855
0.25
0.25
0.0
0.16666666666666666
0.4
0.25
0.3333333333333333
0.4
0.0
0.16666666666666666
0.2857142857142857
0.16666666666666666
0.5
0.0
0.4
0.5
0.0
0.25
0.0
0.0
0.4
0.25
0.3333333333333333
0.75
0.25
0.5
0.0
0.0
0.25
0.0
0.3333333333333333
0.4
0.7142857142857143
0.5
0.3333333333333333
0.5
0.0
0.5
0.0
0.3333333333333333
0.4
0.6666666666666666
1.0
0.0
0.0
0.3333333333333333
0.0
0.0
0.4
0.4
0.25
0.0
0.0
0.0
0.3333333333333333
0.0
0.3333333333333333
0.16666666666666666
0.2
0.2
0.2
0.2
0.4
0.25
0.5
0.6666666666666666
0.5
0.5
1.0
0.0
0.0
0.3333333333333333
0.4
0.14285714285714285
0.42857142857142855
0.6
0.5
1.0
0.0
0.0
0.5
0.0
0.0
0.3333333333333333
0.3333333333333333
0.4
0.3333333333333333
0.5
0.0
0.0
0.3333333333333333
0.0
0.3333333333333333
0.3333333333333333
0.25
