Overall Mean: 0.2493083254150765
0.2
0.17857142857142858
0.15384615384615385
0.14285714285714285
0.2222222222222222
0.08
0.34375
0.34615384615384615
0.25
0.24
0.2
0.2962962962962963
0.39285714285714285
0.2777777777777778
0.3333333333333333
0.13043478260869565
0.24
0.36
0.32
0.2727272727272727
0.2608695652173913
0.2692307692307692
0.25
0.2692307692307692
0.25925925925925924
0.21739130434782608
0.21428571428571427
0.21428571428571427
0.25925925925925924
0.15384615384615385
0.20689655172413793
0.25
0.2692307692307692
0.16
0.11538461538461539
0.3076923076923077
0.2916666666666667
0.23809523809523808
0.2916666666666667
0.19230769230769232
0.3076923076923077
0.21739130434782608
0.3076923076923077
0.37037037037037035
0.22727272727272727
0.24
0.2962962962962963
0.16
0.23076923076923078
0.11538461538461539
0.21212121212121213
0.2903225806451613
0.23076923076923078
0.37037037037037035
0.2608695652173913
0.17391304347826086
0.2916666666666667
0.20833333333333334
0.44
0.42105263157894735
0.25
0.2608695652173913
0.18518518518518517
0.17857142857142858
0.21428571428571427
0.2
0.17857142857142858
0.2222222222222222
0.2222222222222222
0.17857142857142858
0.37037037037037035
0.24
0.19230769230769232
0.14285714285714285
0.25806451612903225
0.21428571428571427
0.2692307692307692
0.23076923076923078
0.13043478260869565
0.2
0.2222222222222222
0.18518518518518517
0.16
0.27586206896551724
0.2727272727272727
0.3181818181818182
0.23809523809523808
0.16666666666666666
0.36
0.20833333333333334
0.18518518518518517
0.21428571428571427
0.3076923076923077
0.25
0.19047619047619047
0.15
0.24
0.34782608695652173
0.16
0.3333333333333333
0.2608695652173913
0.18518518518518517
0.27586206896551724
0.17857142857142858
0.2
0.25
0.3448275862068966
0.16666666666666666
0.34615384615384615
0.13043478260869565
0.2962962962962963
0.2692307692307692
0.32
0.36363636363636365
0.25
0.2962962962962963
0.20833333333333334
0.16
0.2962962962962963
0.19230769230769232
0.1935483870967742
0.32142857142857145
0.08
0.20689655172413793
0.23333333333333334
0.21428571428571427
0.25
0.3076923076923077
0.16666666666666666
0.3333333333333333
0.34615384615384615
0.3076923076923077
0.22727272727272727
0.19230769230769232
0.17857142857142858
0.1935483870967742
0.34615384615384615
0.16666666666666666
0.32142857142857145
0.23076923076923078
0.28
0.047619047619047616
0.2222222222222222
0.3103448275862069
0.23076923076923078
0.2222222222222222
0.2222222222222222
0.2
0.25925925925925924
0.19230769230769232
0.28
0.3076923076923077
0.27586206896551724
0.48
0.375
0.2631578947368421
0.23809523809523808
0.3076923076923077
0.12
0.25
0.32142857142857145
0.3076923076923077
0.19230769230769232
0.34615384615384615
0.2916666666666667
0.3076923076923077
0.12
0.21428571428571427
0.19230769230769232
0.3076923076923077
0.4230769230769231
0.36363636363636365
0.21052631578947367
0.19230769230769232
0.22580645161290322
0.2
0.25925925925925924
0.16
0.21428571428571427
0.2962962962962963
0.2
0.2857142857142857
0.3333333333333333
0.12
0.27586206896551724
0.21428571428571427
0.25925925925925924
0.25925925925925924
0.32
0.22727272727272727
0.2608695652173913
0.3333333333333333
0.2727272727272727
0.16666666666666666
0.30434782608695654
0.2608695652173913
0.16
0.16
0.2222222222222222
0.23076923076923078
0.07692307692307693
0.3793103448275862
0.2608695652173913
0.09523809523809523
0.24
0.14285714285714285
0.1935483870967742
0.2903225806451613
0.19230769230769232
0.2692307692307692
0.36
0.2916666666666667
0.22727272727272727
0.2
0.25
0.375
0.30434782608695654
0.2857142857142857
0.3684210526315789
0.09523809523809523
0.32
0.3076923076923077
0.24
0.24
0.2916666666666667
0.23076923076923078
0.27586206896551724
0.11538461538461539
0.32142857142857145
0.2692307692307692
0.16666666666666666
0.20833333333333334
0.10344827586206896
0.26666666666666666
0.2857142857142857
0.36
0.36363636363636365
0.34782608695652173
0.35
0.23809523809523808
0.2222222222222222
0.14814814814814814
0.2413793103448276
0.4444444444444444
0.3181818181818182
0.2857142857142857
0.30434782608695654
0.20833333333333334
0.21428571428571427
0.2962962962962963
0.16
0.4166666666666667
0.19047619047619047
0.23076923076923078
0.2916666666666667
0.25
0.15384615384615385
0.20689655172413793
0.2222222222222222
0.23076923076923078
0.30434782608695654
0.2857142857142857
0.21739130434782608
0.32
0.16666666666666666
0.2916666666666667
0.2
0.2692307692307692
0.3333333333333333
0.36363636363636365
0.2857142857142857
0.2916666666666667
0.13636363636363635
0.21428571428571427
0.2692307692307692
0.20833333333333334
0.2962962962962963
0.3333333333333333
0.3333333333333333
0.2608695652173913
0.22727272727272727
0.2608695652173913
0.15384615384615385
0.25
0.2962962962962963
0.3076923076923077
0.20833333333333334
0.32
0.23076923076923078
0.2692307692307692
0.32
0.23076923076923078
0.14814814814814814
0.39285714285714285
0.16666666666666666
0.32
0.23809523809523808
0.25925925925925924
