Overall Mean: 0.24949813477744784
0.08333333333333333
0.23076923076923078
0.14285714285714285
0.15384615384615385
0.1875
0.13333333333333333
0.29411764705882354
0.38461538461538464
0.2
0.25
0.2
0.2727272727272727
0.4
0.5
0.5
0.1111111111111111
0.125
0.4444444444444444
0.375
0.25
0.5
0.42857142857142855
0.5
0.375
0.3
0.125
0.16666666666666666
0.35714285714285715
0.2
0.16666666666666666
0.14285714285714285
0.21428571428571427
0.15384615384615385
0.2
0.16666666666666666
0.2857142857142857
0.3076923076923077
0.2727272727272727
0.375
0.42857142857142855
0.25
0.2
0.2727272727272727
0.3
0.0
0.09090909090909091
0.36363636363636365
0.2222222222222222
0.16666666666666666
0.07692307692307693
0.2
0.4
0.3333333333333333
0.6666666666666666
0.2222222222222222
0.1111111111111111
0.2
0.2222222222222222
0.2727272727272727
0.375
0.14285714285714285
0.3333333333333333
0.0
0.0
0.15384615384615385
0.1875
0.13333333333333333
0.125
0.26666666666666666
0.2
0.46153846153846156
0.2222222222222222
0.25
0.0
0.1875
0.13333333333333333
0.3125
0.25
0.0
0.13333333333333333
0.2
0.2857142857142857
0.18181818181818182
0.2
0.2
0.16666666666666666
0.15384615384615385
0.0
0.3076923076923077
0.2
0.2
0.09090909090909091
0.21428571428571427
0.13333333333333333
0.21428571428571427
0.16666666666666666
0.15384615384615385
0.4166666666666667
0.125
0.3333333333333333
0.25
0.08333333333333333
0.09090909090909091
0.0
0.1875
0.2
0.42857142857142855
0.16666666666666666
0.45454545454545453
0.0
0.5454545454545454
0.3333333333333333
0.3333333333333333
0.4
0.5
0.5714285714285714
0.2
0.3333333333333333
0.36363636363636365
0.1
0.08333333333333333
0.5
0.0
0.1875
0.23076923076923078
0.38461538461538464
0.16666666666666666
0.42857142857142855
0.25
0.2727272727272727
0.3
0.5555555555555556
0.5
0.125
0.2
0.09090909090909091
0.375
0.2
0.3333333333333333
0.3333333333333333
0.4
0.0
0.13333333333333333
0.3076923076923077
0.18181818181818182
0.18181818181818182
0.14285714285714285
0.15384615384615385
0.3333333333333333
0.3076923076923077
0.2
0.2727272727272727
0.4166666666666667
0.42857142857142855
0.5
0.2857142857142857
0.0
0.2857142857142857
0.16666666666666666
0.2222222222222222
0.3076923076923077
0.38461538461538464
0.0
0.36363636363636365
0.2
0.2727272727272727
0.0
0.25
0.25
0.38461538461538464
0.5454545454545454
0.16666666666666666
0.0
0.3
0.2857142857142857
0.125
0.15384615384615385
0.14285714285714285
0.26666666666666666
0.2857142857142857
0.16666666666666666
0.38461538461538464
0.5
0.125
0.2727272727272727
0.25
0.15384615384615385
0.14285714285714285
0.42857142857142855
0.3333333333333333
0.2
0.125
0.1
0.09090909090909091
0.25
0.2
0.2727272727272727
0.1111111111111111
0.25
0.2
0.0
0.4666666666666667
0.2727272727272727
0.1
0.2727272727272727
0.18181818181818182
0.2
0.3333333333333333
0.23076923076923078
0.21428571428571427
0.35714285714285715
0.0
0.18181818181818182
0.2
0.09090909090909091
0.4166666666666667
0.1111111111111111
0.3333333333333333
0.2857142857142857
0.0
0.3333333333333333
0.25
0.09090909090909091
0.2727272727272727
0.25
0.25
0.36363636363636365
0.25
0.5454545454545454
0.36363636363636365
0.1111111111111111
0.2727272727272727
0.07142857142857142
0.35714285714285715
0.23076923076923078
0.46153846153846156
0.125
0.5714285714285714
0.2
0.2
0.25
0.125
0.09090909090909091
0.5294117647058824
0.5
0.3333333333333333
0.3333333333333333
0.14285714285714285
0.2222222222222222
0.2727272727272727
0.1
0.3076923076923077
0.18181818181818182
0.3333333333333333
0.25
0.125
0.18181818181818182
0.2727272727272727
0.0
0.26666666666666666
0.38461538461538464
0.2222222222222222
0.125
0.2222222222222222
0.2222222222222222
0.2727272727272727
0.2
0.5454545454545454
0.5
0.4444444444444444
0.5
0.4
0.14285714285714285
0.0
0.21428571428571427
0.16666666666666666
0.15384615384615385
0.36363636363636365
0.625
0.125
0.25
0.5555555555555556
0.0
0.18181818181818182
0.3076923076923077
0.16666666666666666
0.3
0.3333333333333333
0.4444444444444444
0.2857142857142857
0.42857142857142855
0.125
0.3333333333333333
0.5
0.125
0.3333333333333333
0.3
0.4
