Overall Mean: 0.24814583308062033
0.2727272727272727
0.2391304347826087
0.23255813953488372
0.18181818181818182
0.2222222222222222
0.09523809523809523
0.3157894736842105
0.38461538461538464
0.25
0.16666666666666666
0.22448979591836735
0.26666666666666666
0.35555555555555557
0.27586206896551724
0.3333333333333333
0.14285714285714285
0.25
0.4444444444444444
0.27906976744186046
0.24444444444444444
0.26666666666666666
0.2727272727272727
0.25
0.3333333333333333
0.3333333333333333
0.125
0.14285714285714285
0.3333333333333333
0.2708333333333333
0.23255813953488372
0.22727272727272727
0.23529411764705882
0.2692307692307692
0.15789473684210525
0.125
0.2857142857142857
0.4
0.16666666666666666
0.22727272727272727
0.25
0.28888888888888886
0.1875
0.3076923076923077
0.3333333333333333
0.08333333333333333
0.09090909090909091
0.4
0.16666666666666666
0.22916666666666666
0.1276595744680851
0.2653061224489796
0.2777777777777778
0.23076923076923078
0.45
0.18181818181818182
0.1111111111111111
0.25
0.3333333333333333
0.3181818181818182
0.2857142857142857
0.24444444444444444
0.20588235294117646
0.18518518518518517
0.09090909090909091
0.2
0.1875
0.07692307692307693
0.16666666666666666
0.4
0.3333333333333333
0.32653061224489793
0.20930232558139536
0.2
0.1388888888888889
0.25806451612903225
0.2608695652173913
0.29411764705882354
0.25
0.0
0.1111111111111111
0.375
0.17391304347826086
0.28888888888888886
0.2978723404255319
0.3333333333333333
0.3181818181818182
0.13333333333333333
0.0
0.3076923076923077
0.2222222222222222
0.2857142857142857
0.2
0.34782608695652173
0.3170731707317073
0.2857142857142857
0.15
0.23529411764705882
0.38461538461538464
0.125
0.2857142857142857
0.23404255319148937
0.2
0.23404255319148937
0.16666666666666666
0.2
0.20833333333333334
0.3684210526315789
0.16666666666666666
0.5
0.18181818181818182
0.2391304347826087
0.3023255813953488
0.26666666666666666
0.36363636363636365
0.35714285714285715
0.4444444444444444
0.23255813953488372
0.18181818181818182
0.22916666666666666
0.16216216216216217
0.1935483870967742
0.28
0.1111111111111111
0.1875
0.23076923076923078
0.4
0.16666666666666666
0.2558139534883721
0.1956521739130435
0.23404255319148937
0.2777777777777778
0.3076923076923077
0.2777777777777778
0.23076923076923078
0.2
0.0
0.375
0.16279069767441862
0.30434782608695654
0.27906976744186046
0.3225806451612903
0.047619047619047616
0.2
0.3125
0.18181818181818182
0.2222222222222222
0.14285714285714285
0.16666666666666666
0.3191489361702128
0.22727272727272727
0.2127659574468085
0.21621621621621623
0.27586206896551724
0.47619047619047616
0.36363636363636365
0.2857142857142857
0.1956521739130435
0.2708333333333333
0.2
0.2222222222222222
0.32142857142857145
0.3684210526315789
0.08333333333333333
0.36363636363636365
0.14285714285714285
0.5
0.2222222222222222
0.2608695652173913
0.22727272727272727
0.23529411764705882
0.4230769230769231
0.2
0.16666666666666666
0.3
0.2857142857142857
0.25
0.2608695652173913
0.1956521739130435
0.2702702702702703
0.2962962962962963
0.21052631578947367
0.3333333333333333
0.5
0.1956521739130435
0.25
0.2127659574468085
0.2702702702702703
0.25925925925925924
0.35
0.23076923076923078
0.2
0.125
0.0
0.0
0.14285714285714285
0.16666666666666666
0.2222222222222222
0.28888888888888886
0.22727272727272727
0.23529411764705882
0.07692307692307693
0.375
0.3333333333333333
0.1
0.2222222222222222
0.14285714285714285
0.16666666666666666
0.2558139534883721
0.20454545454545456
0.23404255319148937
0.3333333333333333
0.2916666666666667
0.23529411764705882
0.15384615384615385
0.09090909090909091
0.5
0.35714285714285715
0.2619047619047619
0.3181818181818182
0.16666666666666666
0.32
0.23529411764705882
0.15384615384615385
0.2727272727272727
0.25
0.3333333333333333
0.2727272727272727
0.18181818181818182
0.2826086956521739
0.2727272727272727
0.16666666666666666
0.25
0.06666666666666667
0.35714285714285715
0.2222222222222222
0.7142857142857143
0.3023255813953488
0.3333333333333333
0.25
0.18181818181818182
0.2222222222222222
0.09523809523809523
0.10526315789473684
0.5294117647058824
0.625
0.23404255319148937
0.30612244897959184
0.22727272727272727
0.20588235294117646
0.2962962962962963
0.10526315789473684
0.35294117647058826
0.18181818181818182
0.3333333333333333
0.16666666666666666
0.2553191489361702
0.21428571428571427
0.24444444444444444
0.23529411764705882
0.23076923076923078
0.35
0.38461538461538464
0.125
0.14285714285714285
0.16666666666666666
0.2727272727272727
0.23809523809523808
0.26666666666666666
0.3333333333333333
0.36363636363636365
0.35714285714285715
0.2222222222222222
0.14285714285714285
0.0
0.16666666666666666
0.2
0.2765957446808511
0.23809523809523808
0.28125
0.2608695652173913
0.23529411764705882
0.38461538461538464
0.0
0.25
0.3333333333333333
0.29545454545454547
0.14285714285714285
0.3125
0.21212121212121213
0.2692307692307692
0.3684210526315789
0.25
0.3333333333333333
0.5
0.3111111111111111
0.2727272727272727
0.2558139534883721
0.25
