Overall Mean: 0.5570469798657718
0.6
0.55
0.5
0.6
0.45
0.35
0.75
0.55
0.55
0.45
0.55
0.6
0.8
0.45
0.75
0.5
0.45
0.7
0.6
0.55
0.6
0.45
0.4
0.65
0.6
0.55
0.55
0.35
0.65
0.5
0.5
0.6
0.65
0.55
0.7
0.65
0.6
0.55
0.5
0.55
0.65
0.4
0.55
0.75
0.45
0.55
0.65
0.45
0.55
0.3
0.65
0.55
0.4
0.8
0.55
0.5
0.7
0.55
0.7
0.6
0.55
0.5
0.5
0.6
0.65
0.45
0.7
0.5
0.5
0.4
0.8
0.45
0.45
0.4
0.45
0.6
0.55
0.65
0.45
0.55
0.65
0.4
0.65
0.7
0.65
0.65
0.65
0.5
0.65
0.5
0.65
0.45
0.8
0.65
0.55
0.6
0.6
0.55
0.55
0.55
0.55
0.45
0.55
0.45
0.45
0.45
0.7
0.5
0.6
0.4
0.55
0.65
0.55
0.6
0.6
0.65
0.5
0.4
0.55
0.5
0.55
0.7
0.35
0.55
0.5
0.5
0.55
0.55
0.45
0.55
0.65
0.6
0.5
0.5
0.6
0.55
0.6
0.35
0.7
0.6
0.65
0.35
0.55
0.55
0.55
0.45
0.6
0.4
0.75
0.5
0.5
0.6
0.7
0.7
0.65
0.6
0.45
0.65
0.45
0.45
0.6
0.65
0.5
0.55
0.45
0.6
0.5
0.6
0.5
0.45
0.7
0.6
0.45
0.4
0.45
0.6
0.6
0.45
0.65
0.6
0.4
0.6
0.55
0.45
0.6
0.5
0.55
0.55
0.6
0.6
0.6
0.6
0.7
0.6
0.55
0.65
0.5
0.65
0.5
0.45
0.55
0.85
0.55
0.35
0.6
0.35
0.55
0.55
0.45
0.55
0.75
0.55
0.55
0.4
0.65
0.65
0.75
0.55
0.7
0.4
0.6
0.6
0.55
0.5
0.6
0.3
0.6
0.4
0.65
0.65
0.5
0.35
0.4
0.7
0.4
0.65
0.65
0.7
0.55
0.45
0.5
0.45
0.55
0.75
0.55
0.55
0.75
0.5
0.45
0.65
0.5
0.65
0.55
0.6
0.5
0.6
0.45
0.55
0.7
0.65
0.65
0.65
0.5
0.6
0.5
0.6
0.5
0.6
0.6
0.6
0.65
0.55
0.35
0.65
0.6
0.45
0.65
0.5
0.65
0.6
0.6
0.4
0.45
0.6
0.55
0.65
0.3
0.75
0.55
0.45
0.6
0.55
0.45
0.65
0.7
0.6
0.55
0.45
