Overall Mean: 40.16019417475728
36.5
36.15
33.8
47.2
40.9
44.85
43.15
45.3
33.75
33.35
35.45
33.35
41.25
38.25
34.9
34.55
37.55
40.35
43.7
46.35
40.75
44.9
41.5
36.5
36.15
37.85
37.2
41.2
43.25
38.25
37.55
49.4
46.7
39.25
45.8
44.2
44.5
36.2
36.65
40.95
38.8
40.5
40.25
42.3
36.2
41.4
48.7
42.4
34.55
38.95
43.6
39.75
44.25
40.8
43.5
40.8
31.35
38.6
42.05
44.95
38.1
36.1
35.9
43.4
45.5
43.85
37.45
42.15
40.65
45.85
35.85
40.55
32.55
39.95
42.1
37.95
33.15
39.55
38.0
42.95
49.05
39.95
47.75
41.25
39.35
37.55
45.65
37.1
35.6
35.35
31.35
45.25
43.7
35.7
43.15
37.3
41.0
46.75
40.2
39.8
40.3
35.3
43.9
40.35
41.0
33.9
35.2
38.4
39.05
34.95
32.15
37.35
48.35
39.45
42.4
37.25
40.6
43.65
44.35
41.25
37.3
46.0
41.15
44.55
33.1
35.4
45.55
40.15
43.35
35.85
36.95
42.55
45.0
36.2
46.7
38.05
39.0
47.2
41.25
33.35
34.3
51.4
42.8
43.3
37.9
39.3
35.6
41.0
35.95
36.9
46.0
37.6
36.45
48.65
41.0
33.2
42.55
40.5
48.3
39.35
33.25
45.1
33.15
42.15
49.35
42.8
38.85
45.3
42.5
39.6
43.6
31.1
42.25
41.6
37.8
44.65
37.0
40.8
32.2
36.4
42.8
45.95
44.45
31.95
43.35
44.5
37.95
43.65
38.65
38.45
39.95
34.65
38.65
36.3
40.05
40.2
31.65
39.05
36.25
40.05
44.35
41.5
37.2
44.3
46.2
43.65
40.45
42.2
46.35
39.6
39.45
40.65
38.85
41.05
37.0
38.8
32.25
38.1
39.05
41.1
39.8
43.95
37.4
40.85
45.7
43.0
40.45
34.6
41.9
39.65
46.1
40.9
40.0
40.25
44.5
39.75
45.5
33.15
47.7
32.9
43.05
42.25
33.45
40.75
53.65
45.35
33.35
48.0
41.15
47.9
38.25
39.15
42.9
40.9
38.6
38.8
45.0
50.3
44.85
36.4
49.4
33.0
39.75
37.85
46.85
37.95
40.3
44.4
42.1
40.95
42.15
35.75
36.95
45.0
43.85
38.4
35.25
32.15
39.6
34.65
36.55
38.8
42.65
39.05
29.0
45.25
37.65
46.45
43.1
35.0
36.5
37.3
40.8
44.95
38.85
39.7
37.45
36.0
40.3
33.9
38.8
35.4
39.8
39.4
41.5
37.45
40.95
35.6
35.6
