Overall Mean: 0.25019562215245694
0.5
0.25
0.38461538461538464
0.3333333333333333
0.0
0.23529411764705882
0.29411764705882354
0.21052631578947367
0.2222222222222222
0.21052631578947367
0.25
0.0
0.38095238095238093
0.3333333333333333
0.4117647058823529
0.26666666666666666
0.17647058823529413
0.25
0.21052631578947367
0.22727272727272727
0.2631578947368421
0.4
0.3125
0.23529411764705882
0.23529411764705882
0.2608695652173913
0.3333333333333333
0.17647058823529413
0.2631578947368421
0.29411764705882354
0.2857142857142857
0.16666666666666666
0.30434782608695654
0.3333333333333333
0.2222222222222222
0.2
0.3333333333333333
0.29411764705882354
0.2777777777777778
0.3125
0.29411764705882354
0.25
0.25
0.1
0.25
0.22727272727272727
0.4090909090909091
0.21052631578947367
0.2857142857142857
0.35
0.26666666666666666
0.3125
0.3333333333333333
0.3333333333333333
0.25
0.1875
0.3333333333333333
0.15789473684210525
0.09090909090909091
0.09523809523809523
0.4090909090909091
0.3333333333333333
0.2777777777777778
0.3333333333333333
0.25
0.11764705882352941
0.2777777777777778
0.2777777777777778
0.2631578947368421
0.2777777777777778
0.3125
0.21052631578947367
0.2777777777777778
0.35294117647058826
0.3157894736842105
0.3157894736842105
0.2777777777777778
0.16666666666666666
0.21739130434782608
0.25
0.2
0.2
0.21739130434782608
0.3181818181818182
0.14285714285714285
0.2631578947368421
0.2631578947368421
0.2631578947368421
0.0
0.043478260869565216
0.24
0.34615384615384615
0.2777777777777778
0.25
0.2222222222222222
0.21052631578947367
0.25
0.15789473684210525
0.2608695652173913
0.15
0.3181818181818182
0.35294117647058826
0.35714285714285715
0.26666666666666666
0.2222222222222222
0.09523809523809523
0.21739130434782608
0.3181818181818182
0.15
0.2608695652173913
0.14285714285714285
0.45454545454545453
0.2777777777777778
0.1111111111111111
0.29411764705882354
0.2222222222222222
0.47058823529411764
0.2
0.29411764705882354
0.35714285714285715
0.14285714285714285
0.2777777777777778
0.13333333333333333
0.23529411764705882
0.2631578947368421
0.2
0.18181818181818182
0.2608695652173913
0.17391304347826086
0.20833333333333334
0.35
0.2631578947368421
0.17647058823529413
0.2777777777777778
0.35294117647058826
0.46153846153846156
0.09090909090909091
0.3125
0.2631578947368421
0.3157894736842105
0.23529411764705882
0.35
0.2222222222222222
0.1111111111111111
0.16666666666666666
0.09090909090909091
0.17391304347826086
0.3181818181818182
0.1111111111111111
0.13636363636363635
0.2608695652173913
0.18181818181818182
0.19047619047619047
0.09523809523809523
0.25
0.2727272727272727
0.2631578947368421
0.3333333333333333
0.15789473684210525
0.11764705882352941
0.32
0.42105263157894735
0.3888888888888889
0.21428571428571427
0.2
0.2222222222222222
0.3
0.21052631578947367
0.15789473684210525
0.1
0.24
0.3333333333333333
0.1111111111111111
0.3157894736842105
0.3333333333333333
0.375
0.25
0.375
0.3333333333333333
0.125
0.2631578947368421
0.2631578947368421
0.2222222222222222
0.3888888888888889
0.375
0.07142857142857142
0.3157894736842105
0.2777777777777778
0.058823529411764705
0.15
0.3
0.25
0.29411764705882354
0.2777777777777778
0.2857142857142857
0.14285714285714285
0.2727272727272727
0.16666666666666666
0.10526315789473684
0.2916666666666667
0.2222222222222222
0.15
0.30434782608695654
0.15789473684210525
0.35294117647058826
0.23529411764705882
0.35294117647058826
0.1875
0.2777777777777778
0.18181818181818182
0.14285714285714285
0.17391304347826086
0.16666666666666666
0.043478260869565216
0.32
0.10526315789473684
0.25
0.3157894736842105
0.3888888888888889
0.125
0.38095238095238093
0.3157894736842105
0.17647058823529413
0.4444444444444444
0.3125
0.3157894736842105
0.2
0.2222222222222222
0.23809523809523808
0.5
0.23076923076923078
0.21428571428571427
0.3125
0.2
0.17647058823529413
0.35
0.3684210526315789
0.3888888888888889
0.1111111111111111
0.2857142857142857
0.25
0.36363636363636365
0.15789473684210525
0.18181818181818182
0.2608695652173913
0.47058823529411764
0.1875
0.3888888888888889
0.21052631578947367
0.2
0.2631578947368421
0.3333333333333333
0.3333333333333333
0.26666666666666666
0.16666666666666666
0.10526315789473684
0.34782608695652173
0.2222222222222222
0.25
0.25
0.29411764705882354
0.47058823529411764
0.15384615384615385
0.35294117647058826
0.2777777777777778
0.3125
0.2222222222222222
0.21052631578947367
0.35
0.2631578947368421
0.17647058823529413
0.2
0.22727272727272727
0.42857142857142855
0.3125
0.11764705882352941
0.23809523809523808
0.13636363636363635
0.375
0.17647058823529413
0.25
0.11764705882352941
0.21052631578947367
0.2777777777777778
0.3125
0.1111111111111111
0.3
0.21052631578947367
0.2777777777777778
0.2777777777777778
0.21052631578947367
0.30434782608695654
0.35
0.17647058823529413
0.3125
0.26666666666666666
0.16666666666666666
0.22727272727272727
0.1111111111111111
0.47619047619047616
0.17647058823529413
0.16666666666666666
0.14285714285714285
0.2
0.2222222222222222
0.1875
0.1
0.2727272727272727
0.09090909090909091
0.18181818181818182
0.19047619047619047
0.25
0.16666666666666666
0.2608695652173913
0.14285714285714285
0.38095238095238093
0.1875
0.3333333333333333
0.11764705882352941
0.2857142857142857
0.42105263157894735
0.25
0.4444444444444444
0.3125
0.23529411764705882
0.2
0.2857142857142857
0.25
0.10526315789473684
0.3157894736842105
0.05263157894736842
0.30434782608695654
0.23809523809523808
0.23529411764705882
0.2222222222222222
0.3
0.23809523809523808
0.23809523809523808
0.4
0.29411764705882354
0.2777777777777778
0.25
0.35294117647058826
0.13333333333333333
0.06666666666666667
0.25
0.2
0.08695652173913043
0.17391304347826086
0.25
0.2857142857142857
0.35
0.2
0.25
0.2777777777777778
0.23809523809523808
0.10526315789473684
0.38095238095238093
0.14285714285714285
0.2608695652173913
0.22727272727272727
0.3181818181818182
0.42105263157894735
0.1875
0.14285714285714285
0.23809523809523808
0.3684210526315789
0.29411764705882354
0.4666666666666667
0.25
0.25
0.2857142857142857
0.375
0.16666666666666666
0.3333333333333333
0.3125
0.3333333333333333
0.2222222222222222
0.2777777777777778
0.2777777777777778
0.16666666666666666
0.23809523809523808
0.3333333333333333
0.2222222222222222
0.35294117647058826
0.125
0.15789473684210525
0.35
0.3157894736842105
0.21052631578947367
0.16666666666666666
0.30434782608695654
0.21052631578947367
0.21052631578947367
0.22727272727272727
0.23809523809523808
0.2777777777777778
0.2777777777777778
0.29411764705882354
0.125
0.23529411764705882
0.3125
0.17647058823529413
0.23809523809523808
0.2222222222222222
0.4444444444444444
0.23076923076923078
0.11764705882352941
0.35
0.14285714285714285
0.18181818181818182
0.21052631578947367
0.25
0.2727272727272727
0.21052631578947367
0.4117647058823529
0.46153846153846156
0.3333333333333333
0.25
0.16666666666666666
0.23809523809523808
0.043478260869565216
0.28
0.3
0.3684210526315789
0.29411764705882354
0.2857142857142857
0.21052631578947367
0.30434782608695654
0.13636363636363635
0.4090909090909091
0.29411764705882354
0.3157894736842105
0.4117647058823529
0.11764705882352941
0.3888888888888889
0.14285714285714285
0.058823529411764705
0.19047619047619047
0.22727272727272727
0.35
0.23529411764705882
0.1875
0.3157894736842105
0.3125
0.3684210526315789
0.3125
0.26666666666666666
0.2
0.3333333333333333
0.4444444444444444
0.2777777777777778
0.1875
0.2777777777777778
0.29411764705882354
0.3684210526315789
0.38095238095238093
0.25
0.0625
0.25
0.17647058823529413
0.3
0.2857142857142857
0.2
0.15789473684210525
0.15
0.23809523809523808
0.3684210526315789
0.1
0.24
0.36
0.29411764705882354
0.25
0.13333333333333333
0.23529411764705882
0.2777777777777778
0.3684210526315789
0.3157894736842105
0.17647058823529413
0.23809523809523808
0.19047619047619047
0.25
0.15789473684210525
0.3181818181818182
0.15
0.3
0.2
0.3181818181818182
0.21052631578947367
0.2222222222222222
0.19047619047619047
0.2727272727272727
0.22727272727272727
0.13636363636363635
0.21739130434782608
0.17391304347826086
0.23809523809523808
0.25
0.11764705882352941
0.23809523809523808
0.21052631578947367
0.35
0.21052631578947367
0.23529411764705882
0.2631578947368421
0.18181818181818182
0.2692307692307692
0.3333333333333333
0.35294117647058826
0.23529411764705882
0.3125
0.29411764705882354
0.3125
0.375
0.2222222222222222
0.2222222222222222
0.3157894736842105
0.10526315789473684
0.22727272727272727
0.22727272727272727
0.23809523809523808
0.2
0.3
0.21052631578947367
0.3888888888888889
0.13333333333333333
0.2222222222222222
0.05
0.3333333333333333
0.15
0.375
0.2777777777777778
0.3888888888888889
0.2222222222222222
0.4
0.3125
0.3888888888888889
0.058823529411764705
0.24
0.2
0.23076923076923078
0.18181818181818182
0.15789473684210525
0.2
0.2222222222222222
0.2222222222222222
0.42857142857142855
0.4
0.26666666666666666
0.17647058823529413
0.3
0.23809523809523808
0.15
0.19047619047619047
0.36363636363636365
0.15789473684210525
0.09523809523809523
0.21739130434782608
0.18181818181818182
0.2727272727272727
0.2631578947368421
0.23529411764705882
0.11764705882352941
0.2
0.3157894736842105
0.3
0.23529411764705882
0.23529411764705882
0.17647058823529413
0.25
0.2222222222222222
0.18181818181818182
0.18181818181818182
0.14285714285714285
0.18181818181818182
0.2608695652173913
0.14285714285714285
0.3181818181818182
0.2608695652173913
0.2727272727272727
0.2222222222222222
0.21052631578947367
0.2
0.3333333333333333
0.19047619047619047
0.3
0.2777777777777778
0.23809523809523808
0.2
0.3
0.2631578947368421
0.2222222222222222
0.2
0.25
0.23809523809523808
0.2857142857142857
0.21052631578947367
0.21052631578947367
0.3
0.3157894736842105
0.17647058823529413
0.2777777777777778
0.3333333333333333
0.15789473684210525
0.42105263157894735
0.3125
0.4
0.2
0.3888888888888889
0.2631578947368421
0.16666666666666666
0.2631578947368421
0.2631578947368421
0.2631578947368421
0.3684210526315789
0.4
0.4375
0.2727272727272727
0.2
0.23529411764705882
0.16666666666666666
0.3
0.3888888888888889
0.21052631578947367
0.2631578947368421
0.10526315789473684
0.23809523809523808
0.3
0.2631578947368421
0.2857142857142857
0.2631578947368421
0.26666666666666666
0.21052631578947367
0.25
0.23809523809523808
0.17391304347826086
0.22727272727272727
0.16666666666666666
0.42105263157894735
0.38095238095238093
0.3125
0.0
0.2916666666666667
0.15
0.35
0.2
0.17647058823529413
0.45
0.3076923076923077
0.2727272727272727
0.3333333333333333
0.2
0.2857142857142857
0.21052631578947367
0.15789473684210525
0.22727272727272727
0.08695652173913043
0.28
0.3181818181818182
0.2857142857142857
0.42105263157894735
0.26666666666666666
0.25
0.13333333333333333
0.11764705882352941
0.2777777777777778
0.16666666666666666
0.21052631578947367
0.3181818181818182
0.2222222222222222
0.22727272727272727
0.35
0.3333333333333333
0.25
0.35294117647058826
0.3333333333333333
0.21428571428571427
0.42857142857142855
0.08333333333333333
0.15789473684210525
0.2692307692307692
0.20833333333333334
0.2916666666666667
0.18181818181818182
0.18181818181818182
0.2608695652173913
0.23809523809523808
0.3333333333333333
0.2
0.2222222222222222
0.15789473684210525
0.3333333333333333
0.29411764705882354
0.125
0.3333333333333333
0.3888888888888889
0.17647058823529413
0.2608695652173913
0.2857142857142857
0.2631578947368421
0.2777777777777778
0.3333333333333333
0.3333333333333333
0.3125
0.23529411764705882
0.4090909090909091
0.11764705882352941
0.15789473684210525
0.09090909090909091
0.2962962962962963
0.3181818181818182
0.23529411764705882
0.125
0.2631578947368421
0.2777777777777778
0.21052631578947367
0.4090909090909091
0.23529411764705882
0.25
0.18181818181818182
0.36363636363636365
0.2
0.35294117647058826
0.2222222222222222
0.125
0.2777777777777778
0.10526315789473684
0.30434782608695654
0.15
0.1111111111111111
0.3333333333333333
0.21739130434782608
0.18181818181818182
0.2727272727272727
0.2
0.2631578947368421
0.3125
0.4117647058823529
0.3333333333333333
0.5
0.3333333333333333
0.2777777777777778
0.375
0.14285714285714285
0.2222222222222222
0.25
0.3333333333333333
0.125
0.05263157894736842
0.16
0.2
0.15384615384615385
0.2916666666666667
0.2857142857142857
0.16666666666666666
0.19047619047619047
0.2
0.3333333333333333
0.21052631578947367
0.19047619047619047
0.13636363636363635
0.2608695652173913
0.22727272727272727
0.18181818181818182
0.22727272727272727
0.34782608695652173
0.16666666666666666
0.23809523809523808
0.1
0.15
0.22727272727272727
0.23809523809523808
0.22727272727272727
0.16666666666666666
0.2222222222222222
0.3333333333333333
0.23529411764705882
0.21052631578947367
0.2777777777777778
0.23529411764705882
0.17647058823529413
0.19047619047619047
0.22727272727272727
0.42105263157894735
0.3888888888888889
0.3333333333333333
0.375
0.2
0.3157894736842105
0.2631578947368421
0.23809523809523808
0.09523809523809523
0.17391304347826086
0.16
0.21428571428571427
0.3333333333333333
0.25
0.16666666666666666
0.11764705882352941
0.2
0.09523809523809523
0.17391304347826086
0.25
0.23809523809523808
0.3157894736842105
0.29411764705882354
0.4
0.4166666666666667
0.2727272727272727
0.38461538461538464
0.4375
0.3076923076923077
0.23529411764705882
0.3
0.2777777777777778
0.3333333333333333
0.35294117647058826
0.08333333333333333
0.3333333333333333
0.125
0.15789473684210525
0.2631578947368421
0.38095238095238093
0.17647058823529413
0.2631578947368421
0.3157894736842105
0.2631578947368421
0.14285714285714285
0.22727272727272727
0.2727272727272727
0.25
0.16666666666666666
0.30434782608695654
0.2
0.2777777777777778
0.29411764705882354
0.1875
0.2727272727272727
0.16666666666666666
0.23809523809523808
0.4
0.23529411764705882
0.2222222222222222
0.16666666666666666
0.3333333333333333
0.29411764705882354
0.2222222222222222
0.3684210526315789
0.3333333333333333
0.13333333333333333
0.25
0.3333333333333333
0.25
0.22727272727272727
0.10526315789473684
0.22727272727272727
0.35
0.3333333333333333
0.1875
0.11764705882352941
0.25
0.16666666666666666
0.2777777777777778
0.21052631578947367
0.19047619047619047
0.22727272727272727
0.15
0.21739130434782608
0.30434782608695654
0.19047619047619047
0.1111111111111111
0.2608695652173913
0.22727272727272727
0.22727272727272727
0.4166666666666667
0.23529411764705882
0.3333333333333333
0.25
0.05555555555555555
0.3157894736842105
0.3157894736842105
0.21052631578947367
0.2777777777777778
0.4375
0.13333333333333333
0.2222222222222222
0.4
0.42105263157894735
0.2
