Overall Mean: 0.24862695248139574
0.42857142857142855
0.3157894736842105
0.45454545454545453
0.3157894736842105
0.15
0.2608695652173913
0.32142857142857145
0.18181818181818182
0.2692307692307692
0.25925925925925924
0.24
0.16
0.3225806451612903
0.32
0.3181818181818182
0.22727272727272727
0.2
0.20833333333333334
0.21428571428571427
0.24
0.2
0.3333333333333333
0.22727272727272727
0.22727272727272727
0.17857142857142858
0.2222222222222222
0.34615384615384615
0.17391304347826086
0.2608695652173913
0.2631578947368421
0.3076923076923077
0.17857142857142858
0.28
0.3076923076923077
0.34782608695652173
0.14285714285714285
0.2916666666666667
0.3076923076923077
0.23809523809523808
0.2608695652173913
0.30434782608695654
0.23809523809523808
0.16666666666666666
0.1111111111111111
0.3125
0.18518518518518517
0.32142857142857145
0.19230769230769232
0.2857142857142857
0.4230769230769231
0.30434782608695654
0.28
0.3181818181818182
0.3333333333333333
0.23809523809523808
0.2222222222222222
0.32142857142857145
0.18518518518518517
0.16
0.12
0.3333333333333333
0.28
0.28
0.38461538461538464
0.2608695652173913
0.28
0.28
0.24
0.28
0.30434782608695654
0.32142857142857145
0.25
0.2608695652173913
0.2962962962962963
0.3448275862068966
0.25
0.25
0.14814814814814814
0.23076923076923078
0.23076923076923078
0.16666666666666666
0.20689655172413793
0.21428571428571427
0.25
0.17391304347826086
0.2692307692307692
0.2692307692307692
0.24
0.08
0.07407407407407407
0.1875
0.3793103448275862
0.23076923076923078
0.3076923076923077
0.24
0.25925925925925924
0.2692307692307692
0.11538461538461539
0.23076923076923078
0.26666666666666666
0.32
0.36363636363636365
0.3181818181818182
0.25
0.19230769230769232
0.08
0.21428571428571427
0.2857142857142857
0.14814814814814814
0.25
0.15384615384615385
0.35714285714285715
0.3076923076923077
0.15
0.28
0.32
0.375
0.19047619047619047
0.4166666666666667
0.3
0.25
0.3181818181818182
0.15
0.2692307692307692
0.25925925925925924
0.15384615384615385
0.25806451612903225
0.20689655172413793
0.1724137931034483
0.2857142857142857
0.32142857142857145
0.2916666666666667
0.18181818181818182
0.34615384615384615
0.38095238095238093
0.42105263157894735
0.1111111111111111
0.2692307692307692
0.20833333333333334
0.2916666666666667
0.25925925925925924
0.3076923076923077
0.28
0.1
0.18518518518518517
0.14814814814814814
0.21428571428571427
0.3333333333333333
0.12
0.20689655172413793
0.3125
0.19230769230769232
0.16
0.16666666666666666
0.21428571428571427
0.32142857142857145
0.25
0.2692307692307692
0.22727272727272727
0.10714285714285714
0.3448275862068966
0.3333333333333333
0.36363636363636365
0.25
0.3076923076923077
0.25925925925925924
0.2692307692307692
0.20833333333333334
0.13043478260869565
0.07407407407407407
0.22580645161290322
0.3076923076923077
0.17391304347826086
0.28
0.3333333333333333
0.30434782608695654
0.30434782608695654
0.34782608695652173
0.3333333333333333
0.20833333333333334
0.2692307692307692
0.3076923076923077
0.21739130434782608
0.3333333333333333
0.3333333333333333
0.09523809523809523
0.35714285714285715
0.32
0.16666666666666666
0.2
0.25925925925925924
0.32
0.25
0.2222222222222222
0.2222222222222222
0.15384615384615385
0.28
0.20833333333333334
0.14285714285714285
0.35714285714285715
0.23076923076923078
0.17857142857142858
0.3448275862068966
0.22727272727272727
0.34615384615384615
0.2608695652173913
0.3333333333333333
0.28
0.18518518518518517
0.19230769230769232
0.11538461538461539
0.1724137931034483
0.20689655172413793
0.10714285714285714
0.3448275862068966
0.16666666666666666
0.24
0.35714285714285715
0.3333333333333333
0.16
0.2962962962962963
0.2916666666666667
0.18181818181818182
0.3333333333333333
0.20833333333333334
0.2857142857142857
0.28
0.19230769230769232
0.25
0.43478260869565216
0.2631578947368421
0.23809523809523808
0.375
0.19047619047619047
0.23076923076923078
0.2692307692307692
0.3333333333333333
0.35714285714285715
0.125
0.2
0.21428571428571427
0.32142857142857145
0.18518518518518517
0.20689655172413793
0.32
0.38461538461538464
0.21739130434782608
0.2692307692307692
0.23076923076923078
0.24
0.25
0.34782608695652173
0.3181818181818182
0.25
0.13636363636363635
0.14814814814814814
0.35714285714285715
0.23076923076923078
0.23076923076923078
0.22727272727272727
0.2608695652173913
0.4090909090909091
0.15
0.28
0.2727272727272727
0.25
0.20833333333333334
0.2
0.2962962962962963
0.32
0.16666666666666666
0.18518518518518517
0.19230769230769232
0.38461538461538464
0.2608695652173913
0.2222222222222222
0.21428571428571427
0.1724137931034483
0.34615384615384615
0.30434782608695654
0.22727272727272727
0.20833333333333334
0.28
0.38461538461538464
0.21739130434782608
0.16666666666666666
0.2962962962962963
0.28
0.25
0.24
0.17857142857142858
0.3548387096774194
0.34615384615384615
0.23809523809523808
0.3181818181818182
0.25
0.15384615384615385
0.21739130434782608
0.125
0.39285714285714285
0.25
0.16
0.16666666666666666
0.28
0.30434782608695654
0.23076923076923078
0.15384615384615385
0.2413793103448276
0.08333333333333333
0.25
0.16666666666666666
0.22580645161290322
0.20689655172413793
0.27586206896551724
0.2222222222222222
0.38461538461538464
0.1111111111111111
0.34615384615384615
0.16
0.24
0.45454545454545453
0.18181818181818182
0.36
0.2608695652173913
0.23076923076923078
0.19230769230769232
0.25925925925925924
0.20833333333333334
0.17391304347826086
0.2962962962962963
0.041666666666666664
0.27586206896551724
0.2916666666666667
0.21739130434782608
0.23076923076923078
0.2222222222222222
0.19230769230769232
0.23076923076923078
0.34615384615384615
0.3076923076923077
0.36
0.32
0.3181818181818182
0.21052631578947367
0.09090909090909091
0.3103448275862069
0.17857142857142858
0.14814814814814814
0.23076923076923078
0.2222222222222222
0.2857142857142857
0.375
0.15789473684210525
0.21739130434782608
0.2222222222222222
0.24
0.08695652173913043
0.27586206896551724
0.14814814814814814
0.2903225806451613
0.18518518518518517
0.2692307692307692
0.3333333333333333
0.19230769230769232
0.19230769230769232
0.24
0.34615384615384615
0.34782608695652173
0.45454545454545453
0.2
0.2631578947368421
0.23809523809523808
0.3076923076923077
0.18181818181818182
0.30434782608695654
0.25
0.28
0.25
0.3076923076923077
0.25
0.16
0.2222222222222222
0.3076923076923077
0.19047619047619047
0.3333333333333333
0.13636363636363635
0.25925925925925924
0.2692307692307692
0.2962962962962963
0.25
0.14814814814814814
0.32142857142857145
0.20833333333333334
0.2413793103448276
0.19230769230769232
0.25
0.3076923076923077
0.2608695652173913
0.3333333333333333
0.2608695652173913
0.2727272727272727
0.2608695652173913
0.2222222222222222
0.21739130434782608
0.21739130434782608
0.4090909090909091
0.22727272727272727
0.16666666666666666
0.3
0.15384615384615385
0.2692307692307692
0.1724137931034483
0.3125
0.2692307692307692
0.22727272727272727
0.4090909090909091
0.3181818181818182
0.30434782608695654
0.28
0.16
0.20689655172413793
0.16666666666666666
0.2857142857142857
0.2962962962962963
0.2916666666666667
0.2631578947368421
0.24
0.14814814814814814
0.2413793103448276
0.21428571428571427
0.37037037037037035
0.20833333333333334
0.2916666666666667
0.32
0.25
0.36363636363636365
0.19047619047619047
0.045454545454545456
0.15384615384615385
0.23076923076923078
0.37037037037037035
0.2727272727272727
0.20833333333333334
0.3333333333333333
0.2692307692307692
0.4074074074074074
0.3181818181818182
0.16666666666666666
0.27586206896551724
0.3076923076923077
0.3333333333333333
0.3333333333333333
0.14285714285714285
0.2608695652173913
0.20833333333333334
0.3
0.3333333333333333
0.2727272727272727
0.13043478260869565
0.22727272727272727
0.2
0.27586206896551724
0.3333333333333333
0.24
0.2
0.16
0.2692307692307692
0.25925925925925924
0.13793103448275862
0.24242424242424243
0.39285714285714285
0.30434782608695654
0.2857142857142857
0.19047619047619047
0.28
0.2692307692307692
0.3448275862068966
0.2916666666666667
0.16
0.25
0.23076923076923078
0.20833333333333334
0.2413793103448276
0.2857142857142857
0.16666666666666666
0.23076923076923078
0.15384615384615385
0.2692307692307692
0.21739130434782608
0.27586206896551724
0.18518518518518517
0.21428571428571427
0.18518518518518517
0.11538461538461539
0.20689655172413793
0.2222222222222222
0.2
0.2608695652173913
0.19230769230769232
0.24
0.2
0.32142857142857145
0.22727272727272727
0.24
0.2413793103448276
0.13333333333333333
0.25
0.2916666666666667
0.32
0.2727272727272727
0.22727272727272727
0.30434782608695654
0.30434782608695654
0.25
0.3076923076923077
0.20833333333333334
0.2692307692307692
0.21428571428571427
0.2413793103448276
0.2222222222222222
0.2
0.16666666666666666
0.2962962962962963
0.21739130434782608
0.34782608695652173
0.21739130434782608
0.2
0.07692307692307693
0.3333333333333333
0.1724137931034483
0.3793103448275862
0.25
0.3076923076923077
0.23076923076923078
0.3333333333333333
0.28
0.2916666666666667
0.038461538461538464
0.21875
0.16129032258064516
0.2413793103448276
0.20833333333333334
0.23076923076923078
0.25
0.18181818181818182
0.2222222222222222
0.4642857142857143
0.3181818181818182
0.2608695652173913
0.16666666666666666
0.25
0.23076923076923078
0.16
0.18518518518518517
0.2962962962962963
0.125
0.08
0.21428571428571427
0.2413793103448276
0.24
0.2608695652173913
0.2916666666666667
0.23076923076923078
0.24
0.25925925925925924
0.2916666666666667
0.2916666666666667
0.2608695652173913
0.16666666666666666
0.28
0.2413793103448276
0.21428571428571427
0.19230769230769232
0.18518518518518517
0.14814814814814814
0.2222222222222222
0.15384615384615385
0.28125
0.21428571428571427
0.28
0.2692307692307692
0.2
0.27586206896551724
0.3225806451612903
0.16666666666666666
0.3076923076923077
0.25
0.25925925925925924
0.23076923076923078
0.24
0.25
0.2
0.25925925925925924
0.2222222222222222
0.25
0.2962962962962963
0.24
0.2857142857142857
0.2692307692307692
0.2608695652173913
0.21739130434782608
0.27586206896551724
0.2692307692307692
0.13636363636363635
0.3333333333333333
0.2857142857142857
0.375
0.21739130434782608
0.2692307692307692
0.28
0.13636363636363635
0.20833333333333334
0.32142857142857145
0.2962962962962963
0.2857142857142857
0.36
0.42105263157894735
0.2857142857142857
0.19047619047619047
0.28
0.13043478260869565
0.3333333333333333
0.2692307692307692
0.24
0.2692307692307692
0.19230769230769232
0.25925925925925924
0.2692307692307692
0.25
0.2692307692307692
0.2857142857142857
0.20833333333333334
0.2
0.2222222222222222
0.17857142857142858
0.26666666666666666
0.25
0.17391304347826086
0.3
0.36
0.30434782608695654
0.0
0.3103448275862069
0.23076923076923078
0.2857142857142857
0.2608695652173913
0.25925925925925924
0.4583333333333333
0.42105263157894735
0.16666666666666666
0.2857142857142857
0.19230769230769232
0.24
0.24
0.21428571428571427
0.20689655172413793
0.10714285714285714
0.26666666666666666
0.3
0.2962962962962963
0.4
0.23809523809523808
0.25
0.15
0.18181818181818182
0.3333333333333333
0.17391304347826086
0.15384615384615385
0.3076923076923077
0.18518518518518517
0.2
0.3076923076923077
0.3333333333333333
0.22727272727272727
0.4
0.3333333333333333
0.2631578947368421
0.3684210526315789
0.09523809523809523
0.16129032258064516
0.25
0.1724137931034483
0.2903225806451613
0.18518518518518517
0.14814814814814814
0.3
0.28
0.2857142857142857
0.28
0.2692307692307692
0.21739130434782608
0.2916666666666667
0.3333333333333333
0.1
0.3333333333333333
0.2916666666666667
0.14814814814814814
0.3
0.2692307692307692
0.21739130434782608
0.25
0.3181818181818182
0.23809523809523808
0.32
0.21428571428571427
0.37037037037037035
0.13636363636363635
0.18518518518518517
0.15625
0.2903225806451613
0.32
0.3333333333333333
0.24
0.25
0.24
0.18518518518518517
0.37037037037037035
0.16666666666666666
0.2413793103448276
0.21428571428571427
0.375
0.2608695652173913
0.28
0.2727272727272727
0.18181818181818182
0.2962962962962963
0.14814814814814814
0.25925925925925924
0.18181818181818182
0.12903225806451613
0.28125
0.21428571428571427
0.21428571428571427
0.25925925925925924
0.17391304347826086
0.2727272727272727
0.2916666666666667
0.3684210526315789
0.3333333333333333
0.34782608695652173
0.25
0.30434782608695654
0.36363636363636365
0.14285714285714285
0.2
0.28
0.30434782608695654
0.17391304347826086
0.038461538461538464
0.13793103448275862
0.1875
0.2
0.25
0.3076923076923077
0.19230769230769232
0.2
0.2222222222222222
0.2692307692307692
0.16
0.15384615384615385
0.11538461538461539
0.21428571428571427
0.21428571428571427
0.18518518518518517
0.17857142857142858
0.3333333333333333
0.125
0.25925925925925924
0.16666666666666666
0.18518518518518517
0.19230769230769232
0.2413793103448276
0.28
0.18181818181818182
0.2857142857142857
0.2608695652173913
0.24
0.25
0.32
0.2608695652173913
0.19230769230769232
0.18518518518518517
0.2692307692307692
0.3076923076923077
0.3181818181818182
0.3333333333333333
0.3181818181818182
0.13636363636363635
0.2962962962962963
0.2222222222222222
0.25
0.08
0.16666666666666666
0.125
0.22580645161290322
0.3333333333333333
0.25
0.19047619047619047
0.16666666666666666
0.2222222222222222
0.17857142857142858
0.1724137931034483
0.25
0.24
0.2916666666666667
0.375
0.4
0.3888888888888889
0.2777777777777778
0.3333333333333333
0.4090909090909091
0.2608695652173913
0.16666666666666666
0.28
0.28
0.37037037037037035
0.42857142857142855
0.18181818181818182
0.30434782608695654
0.17391304347826086
0.20833333333333334
0.19230769230769232
0.37037037037037035
0.13636363636363635
0.20833333333333334
0.2962962962962963
0.2222222222222222
0.18518518518518517
0.26666666666666666
0.2857142857142857
0.25
0.11538461538461539
0.3548387096774194
0.28
0.22727272727272727
0.23809523809523808
0.18518518518518517
0.3076923076923077
0.125
0.23076923076923078
0.39285714285714285
0.18181818181818182
0.21739130434782608
0.18181818181818182
0.34615384615384615
0.25
0.20833333333333334
0.34782608695652173
0.34782608695652173
0.13043478260869565
0.25
0.36
0.15384615384615385
0.2692307692307692
0.18518518518518517
0.2
0.3333333333333333
0.30434782608695654
0.15
0.16666666666666666
0.28
0.18181818181818182
0.2692307692307692
0.19230769230769232
0.26666666666666666
0.25925925925925924
0.14814814814814814
0.20689655172413793
0.25
0.28
0.08
0.21428571428571427
0.21428571428571427
0.1724137931034483
0.39285714285714285
0.21739130434782608
0.23076923076923078
0.28
0.20833333333333334
0.2962962962962963
0.2962962962962963
0.21739130434782608
0.30434782608695654
0.375
0.14285714285714285
0.2
0.32142857142857145
0.4230769230769231
0.2
