Overall Mean: 40.58416666666667
43.95
28.75
39.55
38.5
32.7
39.25
41.6
48.75
42.8
43.4
45.3
42.55
41.1
38.55
35.65
39.6
39.8
43.7
37.8
28.15
42.2
35.3
40.85
45.9
37.75
35.35
44.15
42.85
41.05
45.85
42.55
42.9
33.4
36.95
41.25
39.1
41.55
41.1
45.2
41.8
38.65
47.05
43.7
46.5
38.4
40.4
34.45
43.0
43.55
30.4
40.2
42.75
48.15
50.3
47.75
36.45
34.25
38.9
42.45
43.6
35.75
41.8
42.5
44.95
38.95
39.1
33.6
36.65
45.55
42.9
38.5
41.25
31.05
36.95
38.6
32.9
35.6
42.65
34.1
47.75
41.7
36.8
39.95
45.15
37.75
37.45
31.9
44.15
34.0
32.65
44.7
44.4
44.2
39.55
39.2
42.0
34.5
45.05
44.65
37.3
37.9
41.7
44.25
38.9
38.45
51.9
42.5
37.2
43.55
40.4
49.7
35.4
40.65
41.75
36.3
37.25
40.8
38.5
38.3
44.4
39.75
44.35
35.3
41.95
48.0
42.3
43.15
32.5
56.55
33.7
46.15
41.55
41.15
41.05
45.95
30.85
33.65
37.35
39.85
39.0
49.25
39.65
37.65
42.4
42.85
31.9
40.95
31.75
37.8
47.1
36.85
44.55
47.25
43.0
44.0
35.55
46.4
38.8
46.35
50.8
45.1
39.65
44.8
42.05
49.15
40.55
34.95
36.35
44.85
37.9
38.85
41.2
35.4
43.05
33.1
47.9
43.15
31.4
38.5
45.1
34.15
32.45
42.75
41.05
43.75
35.2
49.9
46.2
47.1
43.55
43.25
34.85
43.0
47.75
42.65
35.15
26.2
49.3
39.7
43.5
45.35
46.15
42.3
46.6
43.3
44.1
35.1
40.2
44.35
35.75
40.1
42.25
40.85
35.95
31.95
39.45
40.25
38.9
42.95
39.9
39.95
45.45
44.8
40.5
36.5
38.65
49.2
42.55
34.95
46.0
33.45
43.25
43.65
46.45
40.25
50.65
41.0
36.15
42.6
41.75
40.45
42.1
37.6
41.8
36.85
39.1
44.95
44.5
41.45
45.25
39.95
41.3
39.65
42.9
43.55
42.8
38.5
42.55
44.7
43.45
37.1
37.55
40.25
38.2
39.2
43.9
43.15
42.65
50.95
35.9
47.75
45.15
35.85
38.15
46.05
42.1
38.7
43.75
39.6
35.95
43.25
42.65
41.35
37.2
35.0
41.3
34.7
48.95
38.8
43.8
41.5
40.15
39.9
48.55
45.8
43.9
26.5
37.35
49.45
41.1
44.45
35.35
47.8
37.25
45.9
45.2
40.95
38.65
35.3
44.45
42.5
39.75
36.75
37.7
45.0
55.95
35.35
38.4
43.95
35.3
40.5
43.15
36.2
43.85
45.95
29.5
36.1
36.9
52.7
32.2
44.65
40.4
37.85
39.7
49.4
46.65
37.0
45.65
43.05
39.95
46.0
37.45
37.75
41.6
45.4
40.7
37.3
40.75
38.75
46.25
40.2
41.2
38.6
40.65
43.15
42.5
31.7
42.2
44.15
42.7
46.7
40.5
38.0
34.75
34.15
42.15
41.65
42.4
38.8
40.9
39.75
44.75
46.05
46.5
45.75
34.95
38.45
39.9
50.4
48.25
32.6
36.55
37.15
41.25
41.75
42.1
34.1
33.65
46.5
38.0
38.75
46.1
47.45
37.8
39.3
37.35
41.15
40.15
42.75
39.3
40.35
39.05
39.0
44.15
40.85
42.5
43.4
45.4
42.05
38.0
45.15
44.8
40.85
35.95
45.15
38.65
39.05
34.7
29.35
47.5
42.2
45.3
44.7
40.9
42.3
47.85
38.8
37.45
44.75
31.2
45.0
43.15
50.4
49.5
44.8
37.5
41.85
39.85
44.2
41.2
40.75
41.0
40.55
33.7
43.2
37.0
44.35
42.1
47.35
39.25
39.1
43.7
35.7
49.3
34.2
31.4
50.0
42.25
45.4
43.1
41.05
37.75
35.8
35.65
33.4
37.65
27.0
40.9
37.15
38.15
37.85
44.2
41.05
41.95
34.35
43.05
43.0
43.85
37.75
41.9
36.6
40.0
45.9
32.9
37.3
32.75
35.2
47.8
33.9
38.55
40.5
45.3
35.6
37.2
49.65
39.85
37.35
49.35
40.1
29.85
37.4
35.15
35.1
40.15
36.25
48.9
38.2
37.2
38.55
42.0
38.1
43.9
37.9
40.35
40.9
39.55
40.6
38.25
41.2
37.55
36.25
38.6
40.4
34.75
38.35
48.95
45.15
42.7
39.9
34.05
36.3
36.8
39.0
37.35
41.4
40.8
38.5
33.65
38.55
36.5
40.15
48.95
47.4
29.6
32.9
40.5
43.25
41.6
37.0
41.85
47.9
41.05
40.25
45.6
41.65
43.85
41.2
49.0
33.9
37.35
43.85
42.4
39.1
36.8
39.1
36.95
35.3
37.55
43.55
41.6
45.9
37.7
40.1
40.75
47.2
33.25
41.8
39.75
34.7
35.9
38.95
36.15
43.35
36.85
42.35
37.95
46.35
35.55
39.8
41.4
33.4
38.7
30.9
41.45
37.3
38.65
33.6
41.65
45.5
33.2
43.25
45.15
40.7
46.05
38.8
44.95
35.1
41.15
38.65
39.1
43.65
33.2
46.45
39.3
51.9
47.3
42.0
41.8
42.0
36.9
39.2
40.25
40.4
40.5
42.8
39.1
37.55
40.8
42.55
33.2
37.65
34.95
39.25
38.25
46.25
40.4
45.05
35.1
41.3
45.3
45.35
32.3
34.8
36.55
34.75
46.15
40.35
36.85
38.7
39.85
43.5
27.2
45.9
39.35
38.35
43.7
40.85
40.45
41.2
37.35
39.9
44.0
45.65
38.9
38.15
37.9
47.9
40.2
38.7
31.65
43.7
39.8
38.5
42.85
41.35
38.35
38.7
34.6
43.6
48.15
46.1
44.8
42.4
49.35
40.15
35.05
42.7
41.75
45.85
43.45
37.5
42.7
40.8
46.5
42.1
39.9
35.55
45.4
36.4
38.35
34.8
30.0
46.2
34.95
38.45
42.5
35.7
41.0
32.6
38.1
37.05
48.3
32.4
41.0
39.85
39.3
42.55
38.35
40.45
41.2
38.95
41.1
34.9
47.55
39.45
44.1
39.8
37.4
45.65
35.55
29.55
43.85
40.45
42.85
51.2
34.9
42.95
42.65
40.2
47.3
39.35
36.7
41.0
40.3
33.0
44.6
43.35
35.05
48.2
35.2
45.65
48.2
34.4
39.6
45.2
46.8
38.05
41.95
42.6
41.55
38.95
37.5
39.5
36.85
41.5
33.8
41.7
40.35
41.3
35.7
41.3
37.25
46.55
38.85
35.95
38.75
40.0
30.2
37.05
46.55
40.95
36.85
38.7
43.7
40.35
39.05
34.2
49.55
47.15
43.55
48.1
43.9
37.2
37.2
39.45
38.4
43.05
37.7
45.95
38.35
38.1
39.7
44.65
46.5
40.85
41.9
48.25
42.35
35.15
41.15
40.1
39.2
38.75
43.75
45.9
50.6
33.2
37.0
42.8
44.0
39.45
32.25
29.3
41.25
44.65
40.5
38.7
36.7
47.7
36.45
43.15
40.9
45.6
35.3
37.5
40.4
38.4
39.85
45.6
38.9
41.7
35.05
47.35
44.35
42.25
44.55
38.65
40.45
41.3
34.2
38.3
38.9
38.6
39.1
40.7
37.3
43.75
43.4
43.85
37.7
40.95
39.8
51.55
35.25
45.0
38.8
40.9
42.7
39.35
36.1
42.65
32.35
42.1
40.5
46.55
42.05
40.0
46.95
43.3
43.4
43.4
43.2
32.6
40.15
38.25
45.85
44.9
34.7
44.65
32.95
40.85
39.05
46.0
45.25
38.55
37.2
38.6
38.05
50.55
40.7
