Overall Mean: 0.2511160954952781
0.3235294117647059
0.3225806451612903
0.23529411764705882
0.2857142857142857
0.3
0.25806451612903225
0.2647058823529412
0.24242424242424243
0.1935483870967742
0.24242424242424243
0.3870967741935484
0.2413793103448276
0.3333333333333333
0.30303030303030304
0.1875
0.14705882352941177
0.3142857142857143
0.3125
0.24242424242424243
0.2727272727272727
0.2777777777777778
0.22857142857142856
0.2972972972972973
0.14705882352941177
0.21052631578947367
0.16216216216216217
0.2
0.2777777777777778
0.20588235294117646
0.15151515151515152
0.21052631578947367
0.2894736842105263
0.3333333333333333
0.06666666666666667
0.24324324324324326
0.25
0.2
0.25
0.25
0.2
0.3333333333333333
0.2647058823529412
0.25806451612903225
0.29411764705882354
0.18181818181818182
0.2
0.23684210526315788
0.25
0.23529411764705882
0.35135135135135137
0.25806451612903225
0.2571428571428571
0.3125
0.3125
0.1
0.22857142857142856
0.24324324324324326
0.2
0.24324324324324326
0.3055555555555556
0.23529411764705882
0.29411764705882354
0.25
0.3235294117647059
0.34285714285714286
0.34375
0.3448275862068966
0.3448275862068966
0.21428571428571427
0.3333333333333333
0.32142857142857145
0.17857142857142858
0.375
0.23333333333333334
0.35294117647058826
0.30303030303030304
0.06451612903225806
0.2894736842105263
0.2777777777777778
0.15151515151515152
0.2857142857142857
0.2571428571428571
0.2647058823529412
0.3142857142857143
0.24242424242424243
0.21212121212121213
0.2222222222222222
0.2222222222222222
0.23684210526315788
0.2647058823529412
0.1875
0.2777777777777778
0.20588235294117646
0.14285714285714285
0.21621621621621623
0.20588235294117646
0.13513513513513514
0.23076923076923078
0.23684210526315788
0.23529411764705882
0.23333333333333334
0.43333333333333335
0.21428571428571427
0.2727272727272727
0.2571428571428571
0.1875
0.24242424242424243
0.2857142857142857
0.1935483870967742
0.24324324324324326
0.21212121212121213
0.2222222222222222
0.22857142857142856
0.2647058823529412
0.21875
0.34375
0.21875
0.2571428571428571
0.16216216216216217
0.2972972972972973
0.23529411764705882
0.28125
0.12903225806451613
0.25
0.11764705882352941
0.2631578947368421
0.2777777777777778
0.2727272727272727
0.3333333333333333
0.40625
0.13333333333333333
0.3333333333333333
0.22857142857142856
0.22580645161290322
0.20689655172413793
0.34375
0.18181818181818182
0.2857142857142857
0.3125
0.30303030303030304
0.21875
0.22857142857142856
0.20588235294117646
0.22857142857142856
0.2702702702702703
0.23529411764705882
0.21212121212121213
0.23529411764705882
0.25
0.22857142857142856
0.17142857142857143
0.23684210526315788
0.3783783783783784
0.1
0.14285714285714285
0.22857142857142856
0.18181818181818182
0.2857142857142857
0.28125
0.36363636363636365
0.3235294117647059
0.15625
0.21052631578947367
0.2571428571428571
0.1935483870967742
0.2222222222222222
0.34285714285714286
0.23333333333333334
0.21212121212121213
0.25
0.2777777777777778
0.25806451612903225
0.15151515151515152
0.2
0.29411764705882354
0.4375
0.25
0.18181818181818182
0.16666666666666666
0.21621621621621623
0.23684210526315788
0.24242424242424243
0.25
0.23529411764705882
0.28125
0.25806451612903225
0.25
0.3142857142857143
0.16129032258064516
0.2
0.35135135135135137
0.25
0.25
0.25
0.1875
0.3235294117647059
0.25
0.25
0.17142857142857143
0.21621621621621623
0.22857142857142856
0.17142857142857143
0.15789473684210525
0.3170731707317073
0.22857142857142856
0.22580645161290322
0.24242424242424243
0.2571428571428571
0.34285714285714286
0.1935483870967742
0.17647058823529413
0.2631578947368421
0.2702702702702703
0.28125
0.15625
0.3055555555555556
0.3235294117647059
0.13333333333333333
0.2571428571428571
0.3055555555555556
0.2727272727272727
0.09375
0.16216216216216217
0.20512820512820512
0.21052631578947367
0.2571428571428571
0.23529411764705882
0.2
0.24324324324324326
0.24324324324324326
0.25
0.21875
0.2727272727272727
0.15625
0.17647058823529413
0.2222222222222222
0.2571428571428571
0.34285714285714286
0.1724137931034483
0.25
0.2727272727272727
0.34375
0.22857142857142856
0.22857142857142856
0.34285714285714286
0.21875
0.3235294117647059
0.22580645161290322
0.25
0.30303030303030304
0.2413793103448276
0.28125
0.20588235294117646
0.2
0.25
0.3142857142857143
0.25806451612903225
0.18181818181818182
0.21052631578947367
0.3142857142857143
0.16129032258064516
0.23529411764705882
0.23529411764705882
0.22580645161290322
0.23529411764705882
0.2702702702702703
0.28125
0.25
0.16129032258064516
0.29411764705882354
0.3142857142857143
0.30303030303030304
0.28125
0.3125
0.32142857142857145
0.2903225806451613
0.21428571428571427
0.22857142857142856
0.23529411764705882
0.28125
0.25806451612903225
0.2647058823529412
0.20588235294117646
0.2
0.19444444444444445
0.19444444444444445
0.2571428571428571
0.25
0.14705882352941177
0.21052631578947367
0.23684210526315788
0.21621621621621623
0.2571428571428571
0.15151515151515152
0.19444444444444445
0.24242424242424243
0.25
0.25
0.2727272727272727
0.19444444444444445
0.23529411764705882
0.18181818181818182
0.3055555555555556
0.2647058823529412
0.19444444444444445
0.23684210526315788
0.1891891891891892
0.3142857142857143
0.30303030303030304
0.3225806451612903
0.25806451612903225
0.2
0.28125
0.2903225806451613
0.29411764705882354
0.23529411764705882
0.22580645161290322
0.23529411764705882
0.1875
0.18181818181818182
0.18421052631578946
0.2777777777777778
0.24242424242424243
0.24242424242424243
0.20588235294117646
0.12903225806451613
0.1891891891891892
0.15384615384615385
0.2926829268292683
0.3235294117647059
0.36666666666666664
0.25
0.23529411764705882
0.35294117647058826
0.1935483870967742
0.2857142857142857
0.30303030303030304
0.34375
0.3333333333333333
0.23333333333333334
0.45714285714285713
0.2692307692307692
0.13333333333333333
0.2702702702702703
0.1875
0.19444444444444445
0.21621621621621623
0.14705882352941177
0.2222222222222222
0.19444444444444445
0.375
0.3103448275862069
0.28125
0.3225806451612903
0.21875
0.2972972972972973
0.30303030303030304
0.2647058823529412
0.3142857142857143
0.2647058823529412
0.23333333333333334
0.3125
0.22580645161290322
0.2571428571428571
0.21212121212121213
0.3225806451612903
0.25
0.40625
0.22580645161290322
0.28125
0.20588235294117646
0.35294117647058826
0.3125
0.3
0.24242424242424243
0.2
0.3333333333333333
0.25806451612903225
0.3
0.23529411764705882
0.2894736842105263
0.21875
0.21875
0.2
0.17647058823529413
0.2727272727272727
0.22857142857142856
0.2857142857142857
0.2647058823529412
0.3333333333333333
0.21212121212121213
0.35135135135135137
0.3
0.21428571428571427
0.22857142857142856
0.2702702702702703
0.15151515151515152
0.21052631578947367
0.1388888888888889
0.2222222222222222
0.38235294117647056
0.16666666666666666
0.29411764705882354
0.24242424242424243
0.3125
0.2903225806451613
0.12903225806451613
0.2571428571428571
0.18181818181818182
0.3157894736842105
0.2571428571428571
0.3125
0.2
0.30303030303030304
0.20588235294117646
0.30303030303030304
0.1935483870967742
0.29411764705882354
0.2727272727272727
0.2222222222222222
0.28205128205128205
0.24242424242424243
0.2
0.30303030303030304
0.3125
0.13333333333333333
0.2571428571428571
0.21621621621621623
0.2777777777777778
0.18181818181818182
0.18181818181818182
0.34375
0.25
0.25
0.25
0.3333333333333333
0.375
0.25
0.28125
0.21875
0.18181818181818182
0.15789473684210525
0.1794871794871795
0.2631578947368421
0.2727272727272727
0.36363636363636365
0.22580645161290322
0.25806451612903225
0.2857142857142857
0.21212121212121213
0.3333333333333333
0.2571428571428571
0.2647058823529412
0.3125
0.25925925925925924
0.12903225806451613
0.2
0.18181818181818182
0.3055555555555556
0.3333333333333333
0.3125
0.24242424242424243
0.23529411764705882
0.2647058823529412
0.2727272727272727
0.15625
0.14285714285714285
0.2727272727272727
0.23529411764705882
0.1935483870967742
0.28125
0.21212121212121213
0.2727272727272727
0.16129032258064516
0.3055555555555556
0.2727272727272727
0.22857142857142856
0.3142857142857143
0.24242424242424243
0.2
0.3333333333333333
0.28125
0.22580645161290322
0.34375
0.2647058823529412
0.25
0.25806451612903225
0.2903225806451613
0.2
0.1875
0.21212121212121213
0.29411764705882354
0.23529411764705882
0.2571428571428571
0.2647058823529412
0.21212121212121213
0.22857142857142856
0.3235294117647059
0.3125
0.2903225806451613
0.2647058823529412
0.3235294117647059
0.3235294117647059
0.3548387096774194
0.17647058823529413
0.3055555555555556
0.3333333333333333
0.25
0.2727272727272727
0.30303030303030304
0.2727272727272727
0.2903225806451613
0.4
0.2
0.1935483870967742
0.24242424242424243
0.2727272727272727
0.24242424242424243
0.18181818181818182
0.23529411764705882
0.2857142857142857
0.2571428571428571
0.17142857142857143
0.2857142857142857
0.29411764705882354
0.30303030303030304
0.2727272727272727
0.21212121212121213
0.21212121212121213
0.28125
0.2727272727272727
0.1935483870967742
0.2
0.21875
0.25806451612903225
0.3333333333333333
0.21875
0.2777777777777778
0.20588235294117646
0.22857142857142856
0.21875
0.2857142857142857
0.2727272727272727
0.2647058823529412
0.28125
0.2571428571428571
0.2647058823529412
0.2727272727272727
0.24242424242424243
0.22580645161290322
0.20588235294117646
0.20588235294117646
0.21212121212121213
0.3333333333333333
0.2903225806451613
0.3333333333333333
0.15625
0.19444444444444445
0.21621621621621623
0.18421052631578946
0.1891891891891892
0.2222222222222222
0.17647058823529413
0.24324324324324326
0.2571428571428571
0.21212121212121213
0.2
0.25
0.24242424242424243
0.24242424242424243
0.2903225806451613
0.21212121212121213
0.2857142857142857
0.2702702702702703
0.3235294117647059
0.2647058823529412
0.2777777777777778
0.2647058823529412
0.24242424242424243
0.23529411764705882
0.20588235294117646
0.2222222222222222
0.0625
0.2564102564102564
0.1891891891891892
0.1891891891891892
0.25
0.2727272727272727
0.3125
0.2727272727272727
0.14705882352941177
0.3611111111111111
0.27586206896551724
0.2727272727272727
0.1875
0.20588235294117646
0.2647058823529412
0.2727272727272727
0.25806451612903225
0.25
0.25
0.35294117647058826
0.24242424242424243
0.2727272727272727
0.3548387096774194
0.35714285714285715
0.1875
0.2
0.29411764705882354
0.375
0.3793103448275862
0.2413793103448276
0.25806451612903225
0.1875
0.125
0.2857142857142857
0.23529411764705882
0.19444444444444445
0.2727272727272727
0.12903225806451613
0.24324324324324326
0.25
0.2
0.19444444444444445
0.2972972972972973
0.2571428571428571
0.2727272727272727
0.28125
0.24242424242424243
0.21875
0.3235294117647059
0.2903225806451613
0.3225806451612903
0.22580645161290322
0.13513513513513514
0.275
0.2571428571428571
0.25
0.28125
0.2222222222222222
0.2571428571428571
0.18181818181818182
0.24324324324324326
0.17142857142857143
0.45454545454545453
0.20689655172413793
0.21621621621621623
0.2777777777777778
0.29411764705882354
0.3142857142857143
0.20588235294117646
0.23529411764705882
0.2222222222222222
0.2631578947368421
0.21212121212121213
0.18181818181818182
0.2571428571428571
0.2857142857142857
0.22580645161290322
0.2894736842105263
0.17647058823529413
0.35294117647058826
0.21212121212121213
0.3142857142857143
0.24242424242424243
0.3125
0.23333333333333334
0.15151515151515152
0.2
0.08333333333333333
0.21621621621621623
0.23529411764705882
0.22857142857142856
0.12121212121212122
0.3142857142857143
0.14705882352941177
0.2702702702702703
0.16216216216216217
0.05555555555555555
0.2631578947368421
0.2571428571428571
0.2647058823529412
0.22857142857142856
0.21875
0.18181818181818182
0.2857142857142857
0.24242424242424243
0.21875
0.2857142857142857
0.25
0.36363636363636365
0.28125
0.25
0.36363636363636365
0.3125
0.3225806451612903
0.2903225806451613
0.4
0.25925925925925924
0.28125
0.24242424242424243
0.2727272727272727
0.13333333333333333
0.17142857142857143
0.18421052631578946
0.2894736842105263
0.24242424242424243
0.22580645161290322
0.2647058823529412
0.14285714285714285
0.18421052631578946
0.2894736842105263
0.1875
0.2857142857142857
0.30303030303030304
0.2903225806451613
0.28125
0.20588235294117646
0.23529411764705882
0.21621621621621623
0.3235294117647059
0.21212121212121213
0.2894736842105263
0.22857142857142856
0.3235294117647059
0.30303030303030304
0.29411764705882354
0.2647058823529412
0.1388888888888889
0.22857142857142856
0.3055555555555556
0.24242424242424243
0.16129032258064516
0.16129032258064516
0.2647058823529412
0.24242424242424243
0.2727272727272727
0.29411764705882354
0.21875
0.09090909090909091
0.24324324324324326
0.3055555555555556
0.28125
0.16129032258064516
0.29411764705882354
0.20588235294117646
0.2857142857142857
0.20588235294117646
0.3142857142857143
0.17647058823529413
0.23529411764705882
0.2777777777777778
0.24242424242424243
0.19444444444444445
0.3055555555555556
0.2
0.2222222222222222
0.24324324324324326
0.14285714285714285
0.2222222222222222
0.4
0.2903225806451613
0.25806451612903225
0.21212121212121213
0.17647058823529413
0.25
0.3333333333333333
0.2727272727272727
0.29411764705882354
0.22580645161290322
0.28125
0.21212121212121213
0.2647058823529412
0.12121212121212122
0.3333333333333333
0.28125
0.16129032258064516
0.2972972972972973
0.23529411764705882
0.2
0.21212121212121213
0.34375
0.3103448275862069
0.36363636363636365
0.2903225806451613
0.26666666666666666
0.2727272727272727
0.18181818181818182
0.2894736842105263
0.21875
0.23529411764705882
0.23076923076923078
0.25
0.1875
0.3
0.25
0.2
0.24324324324324326
0.21052631578947367
0.2571428571428571
0.28125
0.2222222222222222
0.3333333333333333
0.23529411764705882
0.30303030303030304
0.3055555555555556
0.18181818181818182
0.2647058823529412
0.2
0.2702702702702703
0.21212121212121213
0.2857142857142857
0.20588235294117646
0.3235294117647059
0.39285714285714285
0.3103448275862069
0.25
0.24242424242424243
0.29411764705882354
0.23333333333333334
0.20588235294117646
0.2647058823529412
0.35294117647058826
0.28125
0.12121212121212122
0.19444444444444445
0.225
0.3142857142857143
0.22580645161290322
0.23529411764705882
0.21621621621621623
0.2647058823529412
0.2647058823529412
0.15151515151515152
0.2
0.3611111111111111
0.3103448275862069
0.2727272727272727
0.30303030303030304
0.1875
0.2222222222222222
0.21212121212121213
0.2647058823529412
0.22857142857142856
0.21212121212121213
0.11764705882352941
0.2222222222222222
0.2972972972972973
0.3939393939393939
0.27586206896551724
0.15625
0.25
0.2571428571428571
0.30303030303030304
0.22580645161290322
0.34375
0.22580645161290322
0.2571428571428571
0.15151515151515152
0.2702702702702703
0.19444444444444445
0.2777777777777778
0.21875
0.375
0.2
0.34375
0.1935483870967742
0.3333333333333333
0.25806451612903225
0.25
0.30303030303030304
0.22580645161290322
0.15151515151515152
0.25
0.23529411764705882
0.21875
0.23529411764705882
0.2727272727272727
0.29411764705882354
0.2857142857142857
0.25806451612903225
0.25
0.2972972972972973
0.23529411764705882
0.2727272727272727
0.2571428571428571
0.21875
0.2647058823529412
0.29411764705882354
0.2727272727272727
0.2727272727272727
0.25
0.22857142857142856
0.29411764705882354
0.1891891891891892
0.2571428571428571
0.21212121212121213
0.23529411764705882
0.22857142857142856
0.19444444444444445
0.29411764705882354
0.2571428571428571
0.29411764705882354
0.2727272727272727
0.25
0.17142857142857143
0.21212121212121213
0.2571428571428571
0.29411764705882354
0.46875
0.2962962962962963
0.3548387096774194
0.26666666666666666
0.2413793103448276
0.2903225806451613
0.23333333333333334
0.375
0.2903225806451613
0.1935483870967742
0.32432432432432434
0.25
0.23529411764705882
0.18181818181818182
0.24324324324324326
0.34210526315789475
0.2727272727272727
0.3333333333333333
0.1
0.2222222222222222
0.2631578947368421
0.15151515151515152
0.22857142857142856
0.35135135135135137
0.25806451612903225
0.26666666666666666
0.20588235294117646
0.2571428571428571
0.24242424242424243
0.17647058823529413
0.23529411764705882
0.21212121212121213
0.15151515151515152
0.25
0.32432432432432434
0.26666666666666666
0.2903225806451613
0.25806451612903225
0.17142857142857143
0.28205128205128205
0.24242424242424243
0.35294117647058826
0.1935483870967742
0.25
0.2222222222222222
0.21621621621621623
0.2
0.2857142857142857
0.24242424242424243
0.25
0.30303030303030304
0.20588235294117646
0.24242424242424243
0.2857142857142857
0.1935483870967742
0.23529411764705882
0.21621621621621623
0.25
0.2571428571428571
0.2777777777777778
0.29411764705882354
0.15625
0.24324324324324326
0.3055555555555556
0.22857142857142856
0.20588235294117646
0.3055555555555556
0.3235294117647059
0.16129032258064516
0.25806451612903225
0.29411764705882354
0.18181818181818182
0.2
0.17142857142857143
0.17142857142857143
0.24324324324324326
0.3333333333333333
0.21212121212121213
0.22857142857142856
0.2702702702702703
0.2647058823529412
0.3333333333333333
0.3548387096774194
0.2903225806451613
0.20588235294117646
0.2647058823529412
0.22857142857142856
0.29411764705882354
0.25
0.2
0.23529411764705882
0.19444444444444445
0.32432432432432434
0.25806451612903225
0.38235294117647056
0.26666666666666666
0.28125
0.2857142857142857
0.1388888888888889
0.32432432432432434
0.24242424242424243
0.25
0.34285714285714286
0.26666666666666666
0.25
0.20588235294117646
0.3125
0.24242424242424243
0.2777777777777778
0.29411764705882354
0.34375
0.2
0.1875
0.26666666666666666
0.23529411764705882
0.2727272727272727
0.22580645161290322
0.2727272727272727
0.3235294117647059
0.25806451612903225
0.45161290322580644
0.25806451612903225
0.26666666666666666
0.38235294117647056
0.36666666666666664
0.3333333333333333
0.3225806451612903
0.21875
0.34285714285714286
0.25
0.35294117647058826
0.2
0.21621621621621623
0.2972972972972973
0.2777777777777778
0.14705882352941177
0.21621621621621623
0.21052631578947367
0.2702702702702703
0.23529411764705882
0.19444444444444445
0.23529411764705882
0.14705882352941177
0.20588235294117646
0.2777777777777778
0.25
0.1111111111111111
0.3076923076923077
0.2857142857142857
0.2
0.34285714285714286
0.18181818181818182
0.2777777777777778
0.2777777777777778
0.2571428571428571
0.3125
0.25806451612903225
0.26666666666666666
0.15625
0.2647058823529412
0.23333333333333334
0.23529411764705882
0.34375
0.25806451612903225
0.2647058823529412
0.24242424242424243
0.34285714285714286
0.25806451612903225
0.2
0.3157894736842105
0.2571428571428571
0.25
0.2903225806451613
0.15625
0.20588235294117646
0.15625
0.1891891891891892
0.32432432432432434
0.2903225806451613
0.26666666666666666
0.2647058823529412
0.23529411764705882
0.22580645161290322
0.3125
0.21875
0.20689655172413793
0.13333333333333333
0.18421052631578946
0.28205128205128205
0.23529411764705882
0.3125
0.26666666666666666
0.3333333333333333
0.2727272727272727
0.2647058823529412
0.17647058823529413
0.2571428571428571
0.25
0.2857142857142857
0.3
0.13793103448275862
0.34210526315789475
0.16666666666666666
0.3055555555555556
0.3235294117647059
0.26666666666666666
0.1875
0.21212121212121213
0.30303030303030304
0.17142857142857143
0.2857142857142857
0.21212121212121213
0.2
0.25
0.2727272727272727
0.29411764705882354
0.2571428571428571
0.2777777777777778
0.24242424242424243
0.25
0.24242424242424243
0.3125
0.22857142857142856
0.3142857142857143
0.25806451612903225
0.2413793103448276
0.1724137931034483
0.22857142857142856
0.24324324324324326
0.18181818181818182
0.22857142857142856
0.14285714285714285
0.2619047619047619
0.2857142857142857
0.34375
0.3
0.2727272727272727
0.23529411764705882
0.32432432432432434
0.2903225806451613
0.27586206896551724
0.2571428571428571
0.24242424242424243
0.2777777777777778
0.1388888888888889
0.2571428571428571
0.17647058823529413
0.2857142857142857
0.17142857142857143
0.2222222222222222
0.25
0.21212121212121213
0.2777777777777778
0.34285714285714286
0.2413793103448276
0.2
0.32432432432432434
0.2857142857142857
0.375
0.29411764705882354
0.26666666666666666
0.3125
0.21875
0.25806451612903225
0.30303030303030304
0.26666666666666666
0.21212121212121213
0.37142857142857144
0.21428571428571427
0.24242424242424243
0.2
0.25
0.25
0.23529411764705882
0.16216216216216217
0.22857142857142856
0.22857142857142856
0.19444444444444445
0.29411764705882354
0.2647058823529412
0.25
0.30303030303030304
0.24242424242424243
0.2647058823529412
0.23529411764705882
0.21212121212121213
0.2727272727272727
0.12903225806451613
0.3235294117647059
0.3235294117647059
0.1875
0.2777777777777778
0.30303030303030304
0.2647058823529412
0.2
0.25
0.29411764705882354
0.23529411764705882
0.21875
0.21052631578947367
0.2777777777777778
0.34285714285714286
0.29411764705882354
0.26666666666666666
0.24242424242424243
0.2
0.22857142857142856
0.2777777777777778
0.25806451612903225
0.29411764705882354
0.29411764705882354
0.2647058823529412
0.24242424242424243
0.2647058823529412
0.058823529411764705
0.23076923076923078
0.15384615384615385
0.2702702702702703
0.3225806451612903
0.3
0.22580645161290322
0.2857142857142857
0.2571428571428571
0.22857142857142856
0.2727272727272727
0.23529411764705882
0.1875
0.2571428571428571
0.2
0.2857142857142857
0.2571428571428571
0.36363636363636365
0.2413793103448276
0.24242424242424243
0.2
0.2857142857142857
0.22857142857142856
0.25
0.29411764705882354
0.21875
0.29411764705882354
0.2
0.2571428571428571
0.3225806451612903
0.25806451612903225
0.21212121212121213
0.3235294117647059
0.20588235294117646
0.2222222222222222
0.15625
0.22857142857142856
0.3333333333333333
0.3548387096774194
0.27586206896551724
0.2903225806451613
0.21875
0.2727272727272727
0.30303030303030304
0.3225806451612903
0.1935483870967742
0.22857142857142856
0.2727272727272727
0.2571428571428571
0.36363636363636365
0.25806451612903225
0.24242424242424243
0.23684210526315788
0.2857142857142857
0.15151515151515152
0.2222222222222222
0.2894736842105263
0.3225806451612903
0.18181818181818182
0.29411764705882354
0.21875
0.08571428571428572
0.2631578947368421
0.22857142857142856
0.2571428571428571
0.2777777777777778
0.34285714285714286
0.21875
0.3225806451612903
0.24242424242424243
0.30303030303030304
0.30303030303030304
0.2413793103448276
0.2727272727272727
0.21212121212121213
0.22857142857142856
0.2857142857142857
0.22580645161290322
0.21621621621621623
0.21621621621621623
0.19444444444444445
0.2222222222222222
0.38235294117647056
0.22580645161290322
0.17647058823529413
0.25
0.20588235294117646
0.3235294117647059
0.28125
0.3
0.21428571428571427
0.36363636363636365
0.23333333333333334
0.28125
0.23684210526315788
0.2894736842105263
0.2903225806451613
0.27586206896551724
0.30303030303030304
0.22580645161290322
0.25
0.14705882352941177
0.2631578947368421
0.16666666666666666
0.25
0.29411764705882354
0.25806451612903225
0.2
0.3142857142857143
0.23529411764705882
0.3333333333333333
0.2903225806451613
0.22580645161290322
0.2777777777777778
0.2727272727272727
0.2571428571428571
0.18181818181818182
0.22857142857142856
0.23529411764705882
0.3125
0.16129032258064516
0.2222222222222222
0.25
0.3611111111111111
0.2727272727272727
0.22580645161290322
0.3142857142857143
0.15151515151515152
0.34285714285714286
0.20588235294117646
0.2777777777777778
0.19444444444444445
0.22857142857142856
0.3333333333333333
0.3103448275862069
0.27586206896551724
0.3225806451612903
0.26666666666666666
0.3125
0.20588235294117646
0.25
0.17142857142857143
0.21875
0.3142857142857143
0.1935483870967742
0.3235294117647059
0.20588235294117646
0.2647058823529412
0.3611111111111111
0.3103448275862069
0.2413793103448276
0.29411764705882354
0.3333333333333333
0.17857142857142858
0.3235294117647059
0.16129032258064516
0.29411764705882354
0.21875
0.25
0.21212121212121213
0.2647058823529412
0.2571428571428571
0.2727272727272727
0.29411764705882354
0.2
0.22857142857142856
0.25806451612903225
0.2857142857142857
0.21875
0.19444444444444445
0.2571428571428571
0.25
0.30303030303030304
0.25
0.1875
0.24242424242424243
0.3333333333333333
0.15151515151515152
0.2972972972972973
0.17647058823529413
0.29411764705882354
0.17647058823529413
0.22857142857142856
0.29411764705882354
0.22857142857142856
0.22857142857142856
0.2647058823529412
0.3225806451612903
0.3125
0.2727272727272727
0.20588235294117646
0.2702702702702703
0.2857142857142857
0.19444444444444445
0.23684210526315788
0.23529411764705882
0.2564102564102564
0.20588235294117646
0.2222222222222222
0.3142857142857143
0.23529411764705882
0.20588235294117646
0.3142857142857143
0.2903225806451613
0.25806451612903225
0.3125
0.16666666666666666
0.22857142857142856
0.2857142857142857
0.30303030303030304
0.26666666666666666
0.23529411764705882
0.34285714285714286
0.11764705882352941
0.2222222222222222
0.21621621621621623
0.2702702702702703
0.1935483870967742
0.25
0.2777777777777778
0.16666666666666666
0.375
0.3
0.20689655172413793
0.17647058823529413
0.25
0.14705882352941177
0.3684210526315789
0.22580645161290322
0.125
0.24324324324324326
0.2777777777777778
0.2777777777777778
0.2
0.22857142857142856
0.23529411764705882
0.34285714285714286
0.16666666666666666
0.2647058823529412
0.22857142857142856
0.2222222222222222
0.14705882352941177
0.3055555555555556
0.23529411764705882
0.2222222222222222
0.16666666666666666
0.29411764705882354
0.28125
0.23529411764705882
0.3333333333333333
0.3235294117647059
0.2903225806451613
0.18181818181818182
0.15151515151515152
0.35135135135135137
0.30303030303030304
0.21875
0.17142857142857143
0.2972972972972973
0.23529411764705882
0.2857142857142857
0.2727272727272727
0.24242424242424243
0.25
0.17647058823529413
0.2571428571428571
