Overall Mean: 40.365233333333336
33.5
39.15
43.25
42.6
38.5
40.2
47.2
48.15
39.9
45.1
38.15
41.5
45.35
39.8
41.85
42.65
45.1
32.9
29.65
38.25
40.55
52.3
40.85
34.75
42.3
34.65
32.85
43.3
43.0
31.95
37.5
38.35
38.1
53.05
42.3
43.45
36.85
39.9
40.7
48.0
41.0
44.3
44.6
38.85
49.8
43.85
42.15
32.8
41.45
38.35
39.85
44.2
32.6
36.0
41.45
34.8
34.55
45.25
37.4
43.6
40.35
47.35
44.6
41.6
45.05
51.95
41.7
41.45
33.0
40.85
42.05
35.15
42.7
37.45
42.0
40.0
37.35
40.75
42.65
37.45
44.55
38.0
37.5
36.55
38.75
44.5
32.35
36.05
37.3
41.8
38.65
34.9
34.65
39.45
41.65
37.35
41.9
37.1
46.0
39.05
45.35
43.3
41.35
46.35
39.45
45.65
39.6
39.65
39.4
31.7
33.05
37.85
45.2
34.4
38.3
47.05
44.1
41.0
40.35
37.9
49.6
41.6
35.6
50.6
45.15
42.95
33.6
38.3
33.6
39.8
37.7
43.5
43.15
45.25
36.9
43.2
44.05
45.2
37.25
40.45
42.15
39.35
44.2
45.95
36.3
36.5
43.95
44.65
39.0
38.75
38.65
35.9
37.8
40.65
32.3
45.1
38.9
46.4
45.6
32.65
38.25
33.5
39.85
40.05
39.55
38.3
39.05
35.05
39.3
42.4
37.75
44.8
32.55
41.4
39.65
36.25
35.9
41.65
38.05
48.45
34.65
36.35
32.55
45.05
27.1
46.0
33.4
39.35
30.3
35.55
36.5
35.45
37.3
37.45
41.7
40.45
50.45
38.55
45.25
51.5
41.35
38.4
31.6
48.4
39.5
40.95
34.3
40.85
35.0
34.9
41.25
44.7
48.6
43.9
37.55
43.6
37.9
39.75
36.45
45.15
42.6
42.4
34.25
39.35
38.7
50.65
40.6
37.0
46.1
38.95
46.0
41.45
39.8
35.4
40.55
45.0
36.2
43.55
36.4
47.3
41.35
41.2
45.0
38.85
49.15
40.7
45.2
44.85
37.85
51.2
41.35
35.05
35.2
38.3
35.15
45.7
49.2
41.45
44.15
35.4
36.5
35.25
49.4
50.95
44.15
43.35
37.85
43.9
39.85
32.9
43.0
33.25
44.85
47.35
42.55
44.75
34.55
38.15
41.7
40.65
40.95
34.7
45.25
33.75
39.65
39.0
38.65
35.45
41.3
38.35
46.35
35.55
40.0
35.8
39.3
35.1
41.9
42.5
50.45
51.85
36.05
38.75
43.25
41.3
38.35
39.05
36.7
32.45
43.65
43.9
41.15
34.05
36.55
36.25
50.2
41.5
40.55
41.15
39.6
42.4
36.05
34.85
44.5
41.65
46.7
37.0
39.35
44.8
40.0
41.9
38.95
33.3
43.75
48.35
37.35
46.85
40.1
42.1
42.4
42.3
35.45
40.65
40.85
44.0
38.65
39.7
36.8
41.6
38.25
47.85
42.35
34.95
42.2
40.45
38.9
35.8
35.45
42.3
46.0
39.0
39.5
45.05
30.1
31.7
36.75
40.3
49.55
37.35
39.35
39.9
41.5
40.65
41.5
47.9
39.9
38.35
38.2
32.95
36.95
46.45
46.0
41.3
41.1
40.95
43.0
36.2
41.05
34.3
36.55
43.7
35.45
47.9
40.65
45.1
42.8
39.6
35.8
43.9
47.1
39.8
32.6
44.1
45.9
39.55
37.2
47.0
37.05
40.7
32.45
41.1
46.1
41.1
36.1
40.05
33.65
40.1
41.85
40.1
35.4
39.85
36.65
39.3
39.8
40.1
37.85
38.15
40.1
45.6
52.95
43.0
40.05
41.25
41.75
41.75
42.2
42.45
31.85
36.6
43.9
47.2
35.8
31.85
37.85
45.05
38.5
48.95
42.0
37.15
43.55
38.05
45.05
47.5
36.3
42.9
36.05
45.35
41.1
36.35
30.85
36.15
41.35
42.05
37.1
33.45
44.85
35.8
41.65
39.6
40.55
40.85
49.9
41.65
38.5
46.05
42.85
41.1
38.95
49.6
26.0
37.6
43.8
39.65
39.75
39.85
33.25
41.4
40.55
46.25
35.7
35.6
43.45
51.5
40.55
45.6
37.5
48.2
44.35
40.25
39.0
53.2
43.35
38.45
41.05
39.85
34.3
41.1
41.75
32.0
43.0
45.15
50.95
38.2
37.9
44.25
38.3
43.5
36.65
42.9
44.55
38.05
45.7
38.95
45.6
37.2
41.4
41.4
42.45
43.5
45.6
41.8
40.7
44.5
34.85
36.1
36.05
45.35
42.25
42.2
38.95
48.4
44.7
37.35
37.9
41.35
41.2
34.75
32.2
41.6
39.75
40.2
39.6
35.95
37.1
38.75
39.65
36.65
41.65
47.6
40.6
37.55
35.85
39.65
33.85
41.95
39.4
47.2
36.8
40.95
45.9
36.75
41.05
37.35
42.8
47.2
42.1
40.45
40.1
41.9
31.4
41.0
38.2
28.7
39.1
46.55
44.25
33.25
42.05
39.1
45.1
30.5
43.55
35.7
43.9
43.3
48.5
39.2
29.85
37.35
46.7
42.2
44.45
37.85
34.9
41.25
46.75
49.9
46.95
37.55
41.0
45.35
35.05
48.2
43.2
38.85
40.0
39.45
35.2
39.5
38.5
43.5
44.35
36.55
33.3
38.8
28.85
37.85
35.45
41.1
35.05
38.7
41.25
37.9
38.55
45.4
40.05
41.85
37.0
37.15
39.6
38.7
38.9
37.35
44.5
39.05
33.7
40.8
33.7
44.95
43.35
46.15
40.15
32.2
38.25
46.25
42.55
37.75
42.9
45.1
32.8
34.95
34.35
46.7
50.05
35.15
42.9
46.9
35.85
33.55
35.4
35.3
43.9
43.6
43.1
43.4
40.1
51.6
40.0
42.8
48.3
46.45
44.6
34.0
46.0
41.65
41.45
35.05
35.35
41.35
38.95
38.65
39.6
38.35
39.15
45.5
47.0
39.1
38.0
33.95
38.8
44.1
30.85
35.6
40.8
41.95
41.7
39.25
38.0
40.8
42.35
39.95
39.9
51.75
35.0
37.9
42.85
46.65
35.9
43.75
42.5
36.75
43.15
39.1
34.45
34.9
45.9
39.15
41.45
41.95
43.85
40.95
41.85
42.95
41.55
41.65
38.6
46.8
43.45
41.05
36.1
38.0
30.05
42.25
40.35
46.85
42.85
37.75
43.45
46.15
33.65
38.5
39.85
48.2
27.0
42.2
46.9
41.95
35.95
45.15
45.75
38.4
43.25
32.9
39.95
35.65
33.25
41.1
36.5
36.85
43.25
32.6
27.05
40.75
46.95
44.35
45.15
38.25
41.3
36.35
42.9
44.6
34.25
34.55
39.6
42.25
46.4
43.2
36.15
39.3
37.6
36.4
41.1
49.75
38.4
38.35
40.75
36.9
42.05
40.65
37.85
42.4
39.75
48.25
37.3
42.55
37.85
43.95
49.75
50.0
40.9
42.85
44.25
34.95
45.45
36.8
41.5
37.6
38.65
36.65
35.95
46.2
39.6
34.35
37.75
34.1
42.4
34.2
32.25
43.8
42.65
40.25
43.25
41.4
37.8
35.65
32.55
38.4
40.95
41.4
46.95
38.8
39.55
38.95
46.7
43.55
51.05
35.45
38.55
41.8
42.15
39.35
37.95
42.2
38.6
35.75
41.9
45.15
41.75
34.0
40.4
35.15
41.0
38.25
34.95
36.3
44.2
45.95
39.4
40.55
42.9
44.35
33.45
44.25
42.25
46.2
38.35
43.8
36.85
48.2
44.85
33.6
41.4
43.05
38.9
37.35
38.3
48.0
36.15
31.9
41.05
43.8
46.1
40.35
35.95
31.55
38.95
41.7
34.65
41.8
38.7
42.5
44.65
40.25
46.75
46.6
43.95
41.3
39.45
38.45
45.6
36.65
39.45
35.95
31.3
41.85
47.1
47.05
40.15
43.85
33.75
39.7
39.1
39.6
42.5
41.5
47.1
35.55
33.3
38.2
45.0
49.3
37.2
44.15
43.65
46.1
40.4
37.2
42.45
35.5
40.05
34.8
48.75
38.1
42.9
39.15
47.4
31.9
43.6
45.6
39.5
34.55
45.65
37.25
41.1
37.3
36.85
35.95
33.55
39.75
40.4
35.5
42.0
39.55
48.7
42.1
34.7
43.7
39.8
40.4
39.35
41.9
42.95
35.25
43.9
36.2
38.3
44.95
41.9
36.25
40.4
39.8
33.85
38.1
34.25
41.2
43.0
33.05
34.0
38.7
42.85
37.15
38.3
37.8
40.95
47.7
34.9
32.45
37.7
41.15
46.0
38.4
38.75
41.55
38.8
31.05
40.2
42.05
38.35
47.1
46.05
41.8
41.15
44.65
36.2
49.8
52.05
45.5
38.6
36.55
33.65
39.7
42.8
36.15
47.1
36.15
36.9
43.7
37.7
36.65
40.05
41.25
41.15
41.25
43.25
36.2
44.5
33.6
36.05
39.65
41.55
43.35
34.25
46.8
37.95
39.5
44.1
30.55
39.8
38.45
40.6
35.05
39.45
38.45
36.95
35.8
37.15
37.55
40.4
40.2
40.35
43.15
33.55
46.25
46.6
38.6
36.95
49.4
42.0
30.55
36.25
40.25
42.0
39.6
41.8
44.6
40.6
35.2
34.95
33.25
34.05
48.6
33.95
41.4
50.1
36.25
40.3
39.45
38.6
40.75
37.7
39.85
42.45
41.35
44.0
46.7
41.8
38.0
47.2
41.45
41.8
34.15
39.4
35.95
40.25
44.5
40.85
42.1
37.4
42.4
37.55
41.35
41.05
35.25
40.0
44.6
40.85
40.95
37.45
41.75
40.3
30.7
39.2
40.0
38.4
35.75
44.15
38.9
43.1
36.4
40.05
42.2
35.95
42.85
38.55
37.9
36.6
45.2
39.3
38.15
39.75
44.5
43.3
44.6
34.8
37.75
46.05
35.85
37.1
39.65
42.05
37.95
47.4
37.55
36.95
41.85
38.05
34.8
38.75
47.65
38.6
43.1
38.05
44.6
42.4
38.3
33.4
46.5
37.7
45.8
40.35
44.4
35.95
41.45
44.25
41.4
42.7
39.45
38.1
42.5
37.75
33.25
38.55
39.75
39.65
42.3
45.95
34.3
37.15
45.2
31.6
35.45
36.35
47.3
38.4
42.85
33.6
42.4
46.3
34.1
42.5
45.05
38.25
37.8
40.85
37.3
40.1
39.7
43.9
47.5
43.95
37.35
35.0
39.45
36.8
47.35
31.95
46.3
37.1
40.7
36.55
46.35
47.15
47.25
35.2
38.95
38.8
42.2
48.1
34.45
42.95
44.85
41.75
31.95
45.65
29.75
36.65
33.7
45.2
40.2
38.0
43.35
44.25
42.6
37.35
41.2
44.95
42.65
36.35
44.3
45.35
40.9
29.75
45.9
42.4
44.95
46.9
39.6
38.2
39.8
40.8
30.5
42.85
38.2
37.45
33.5
39.7
36.55
38.4
43.25
39.45
41.1
39.6
41.3
38.7
40.2
44.2
41.8
46.8
45.1
36.4
44.15
39.4
39.75
43.6
40.9
43.25
45.05
42.0
46.75
45.45
41.6
37.15
44.85
35.65
40.85
50.45
34.55
42.05
40.45
36.8
41.05
35.15
39.9
39.0
49.6
35.85
40.5
38.05
34.1
35.5
41.3
40.85
46.9
41.85
41.65
45.75
42.6
40.25
35.0
38.35
36.65
33.95
48.05
37.4
43.55
41.85
40.25
33.7
45.25
43.7
40.7
49.45
34.95
42.0
38.15
45.3
49.0
48.6
43.2
41.2
44.1
41.05
34.2
34.15
46.4
39.85
38.35
35.75
43.3
45.55
43.45
44.3
37.8
40.3
41.65
47.45
40.85
40.15
45.2
37.8
29.45
39.45
47.55
47.95
43.9
40.05
40.2
37.1
40.75
42.8
39.25
39.15
39.75
35.9
48.65
48.1
35.9
40.85
36.6
36.0
41.85
40.1
45.8
31.85
44.5
39.85
33.55
38.45
36.75
37.9
35.9
36.45
38.55
43.1
36.35
44.35
38.45
44.2
32.1
40.35
36.9
44.05
33.55
43.25
42.4
49.25
39.2
46.85
39.4
46.25
42.25
29.05
39.1
46.35
43.0
28.8
43.9
33.1
53.8
44.9
44.4
45.35
37.45
34.7
43.8
41.85
42.35
44.1
42.55
37.0
39.25
38.15
34.35
40.95
35.15
34.4
38.3
40.15
42.0
36.55
39.25
34.55
47.65
41.65
36.85
36.1
41.2
39.0
43.2
36.4
36.15
45.2
36.8
44.0
38.65
37.6
42.75
35.2
38.0
36.6
31.85
37.05
45.15
37.45
47.5
40.95
41.45
44.0
37.1
34.55
37.6
52.45
46.15
48.75
41.75
48.55
45.1
41.0
38.65
44.7
43.0
36.0
36.75
46.45
39.95
39.75
36.95
43.05
42.05
43.2
43.35
41.8
36.15
35.1
39.75
39.7
50.05
41.7
36.4
41.6
41.2
