Overall Mean: 0.24671859206808475
0.0
0.2
0.6
0.0
0.2
0.25
0.2
0.25
0.0
0.2857142857142857
0.4
0.0
0.2857142857142857
0.5
0.3333333333333333
0.2
0.2222222222222222
0.0
0.2
0.2222222222222222
0.2222222222222222
0.2222222222222222
0.2222222222222222
0.2857142857142857
0.14285714285714285
0.2857142857142857
0.6
0.25
0.25
0.25
0.0
0.0
0.16666666666666666
0.2857142857142857
0.2857142857142857
0.6
0.3333333333333333
0.5
0.4
0.16666666666666666
0.5
0.2857142857142857
0.2
0.16666666666666666
0.16666666666666666
0.16666666666666666
0.2857142857142857
0.16666666666666666
0.3333333333333333
0.0
0.3333333333333333
0.2
0.2
0.14285714285714285
0.14285714285714285
0.42857142857142855
0.3333333333333333
0.3333333333333333
0.25
0.0
0.2
0.0
0.3333333333333333
0.4
0.4
0.2
0.2
0.5
0.0
0.5
0.25
0.0
0.0
0.3333333333333333
0.0
0.3
0.0
0.2222222222222222
0.14285714285714285
0.14285714285714285
0.3333333333333333
0.2
0.0
0.2857142857142857
0.4
0.3333333333333333
0.6666666666666666
0.0
0.2
0.2
0.16666666666666666
0.14285714285714285
0.3333333333333333
0.16666666666666666
0.4
0.0
0.42857142857142855
0.2857142857142857
0.125
0.2222222222222222
0.25
0.4444444444444444
0.14285714285714285
0.375
0.14285714285714285
0.0
0.0
0.36363636363636365
0.14285714285714285
0.5
0.5
0.5
0.0
0.0
0.3333333333333333
0.375
0.3
0.4
0.14285714285714285
0.5
0.4
0.2857142857142857
0.14285714285714285
0.16666666666666666
0.3333333333333333
0.0
0.14285714285714285
0.2857142857142857
0.0
0.3333333333333333
0.25
0.42857142857142855
0.2857142857142857
0.0
0.125
0.4
0.375
0.42857142857142855
0.0
0.14285714285714285
0.25
0.14285714285714285
0.14285714285714285
0.0
0.25
0.3333333333333333
0.14285714285714285
0.2857142857142857
0.3333333333333333
0.25
1.0
0.0
0.3333333333333333
0.0
0.5714285714285714
0.3333333333333333
0.25
0.3333333333333333
0.3333333333333333
0.0
0.25
0.16666666666666666
0.0
0.25
0.14285714285714285
0.25
0.16666666666666666
0.14285714285714285
0.5
0.125
0.3333333333333333
0.42857142857142855
0.25
0.0
0.16666666666666666
0.14285714285714285
0.125
0.1111111111111111
0.25
0.3
0.375
0.16666666666666666
0.125
0.2222222222222222
0.2857142857142857
0.1111111111111111
0.2
0.2222222222222222
0.2857142857142857
0.6666666666666666
0.25
0.2
0.0
0.5
0.5
0.3333333333333333
0.0
0.0
0.5
0.0
0.14285714285714285
0.25
0.5
0.5
0.6666666666666666
0.6
0.0
0.5
0.3333333333333333
0.6666666666666666
0.0
0.3333333333333333
0.3333333333333333
0.0
1.0
0.0
1.0
0.5
0.25
0.4
0.14285714285714285
0.3333333333333333
0.42857142857142855
0.0
0.3333333333333333
0.25
0.2
0.16666666666666666
0.14285714285714285
0.2857142857142857
0.125
0.0
0.5714285714285714
0.4
0.75
1.0
1.0
0.5
0.0
0.0
0.0
0.375
0.3333333333333333
0.6
0.75
0.3333333333333333
0.25
0.25
0.0
0.16666666666666666
0.16666666666666666
0.14285714285714285
0.4444444444444444
0.14285714285714285
0.0
0.42857142857142855
0.2
0.16666666666666666
0.0
0.2
0.16666666666666666
0.0
0.2222222222222222
0.2727272727272727
0.2
0.3333333333333333
0.2857142857142857
0.2
0.25
0.3333333333333333
0.3333333333333333
0.25
0.2
0.16666666666666666
0.16666666666666666
0.0
0.5714285714285714
0.0
0.125
0.4444444444444444
0.2
0.0
0.125
0.14285714285714285
0.0
0.125
0.125
0.1111111111111111
0.2
0.1111111111111111
0.09090909090909091
0.4166666666666667
0.375
0.125
0.3333333333333333
0.125
0.5
0.4
0.0
0.4
0.0
0.0
0.6
0.0
0.0
0.16666666666666666
0.0
0.14285714285714285
0.3333333333333333
0.0
0.125
0.14285714285714285
0.14285714285714285
0.3333333333333333
0.25
0.2
0.42857142857142855
0.6
0.5
0.0
0.0
0.0
0.25
0.3333333333333333
0.0
0.0
0.4
0.25
0.25
0.5
0.2
0.25
0.2
0.5
0.0
0.0
0.2
0.16666666666666666
0.5
0.25
0.5
0.3333333333333333
0.0
0.0
0.16666666666666666
0.3333333333333333
0.2857142857142857
0.6
0.6666666666666666
0.0
0.3333333333333333
0.25
0.25
0.2
0.0
0.4
0.0
0.42857142857142855
0.14285714285714285
0.42857142857142855
0.2
0.16666666666666666
0.375
0.2857142857142857
0.4
0.25
0.14285714285714285
0.2857142857142857
0.6
0.3333333333333333
0.0
0.0
0.14285714285714285
0.1111111111111111
0.2222222222222222
0.0
0.3333333333333333
0.3333333333333333
0.2
0.125
0.375
0.2857142857142857
0.2857142857142857
0.0
0.14285714285714285
0.3333333333333333
0.2
0.25
0.16666666666666666
0.14285714285714285
0.5
0.3333333333333333
0.5
0.3333333333333333
0.3333333333333333
0.5
0.5
0.0
0.0
0.4444444444444444
0.0
0.09090909090909091
0.4
0.14285714285714285
0.25
0.3
0.5
0.4
0.4
0.2
0.25
0.3333333333333333
0.6
0.75
0.5
1.0
0.3333333333333333
0.4
0.0
0.16666666666666666
0.3333333333333333
0.4
0.0
0.0
0.2222222222222222
0.5
0.2
0.3333333333333333
0.2
0.2
0.0
0.42857142857142855
0.3333333333333333
0.14285714285714285
0.125
0.375
0.0
0.125
0.1111111111111111
0.4444444444444444
0.2
0.16666666666666666
0.4
0.0
0.6666666666666666
0.0
0.2857142857142857
0.0
0.3333333333333333
0.1111111111111111
0.5
0.0
0.4
0.25
0.14285714285714285
0.16666666666666666
0.16666666666666666
0.14285714285714285
0.3333333333333333
0.3333333333333333
0.5
0.75
0.5
0.0
0.25
0.0
0.4
0.25
0.2857142857142857
0.2
0.25
0.0
0.5
0.2
0.0
0.25
0.2857142857142857
0.16666666666666666
0.5
0.0
0.0
0.0
0.0
0.2
0.2857142857142857
0.375
0.0
0.14285714285714285
0.14285714285714285
0.25
0.2222222222222222
0.1
0.2222222222222222
0.5
0.25
0.25
0.5
0.0
0.25
0.16666666666666666
0.0
0.14285714285714285
0.42857142857142855
0.4
0.25
0.3333333333333333
0.0
0.16666666666666666
0.16666666666666666
0.5
0.25
0.4
0.2
0.2857142857142857
0.16666666666666666
0.125
0.0
0.5
0.2
0.8
0.6666666666666666
0.0
0.0
0.3333333333333333
0.6666666666666666
0.5
0.5
0.0
0.16666666666666666
0.5714285714285714
0.3333333333333333
0.0
0.5
0.5
0.0
0.2
0.0
0.14285714285714285
0.16666666666666666
0.42857142857142855
0.0
0.4
0.25
0.25
0.6
0.2
0.0
0.16666666666666666
0.25
0.2
0.25
0.25
0.3333333333333333
0.2
0.2
0.125
0.4
0.25
0.14285714285714285
0.3333333333333333
0.2857142857142857
0.0
0.2
0.3333333333333333
0.0
0.5
0.16666666666666666
0.375
0.16666666666666666
0.4
0.2857142857142857
0.6
0.0
0.25
0.4
0.2
0.3333333333333333
0.2
0.14285714285714285
0.5
0.4
0.0
0.16666666666666666
0.3333333333333333
0.0
0.2857142857142857
0.2857142857142857
0.0
0.125
0.2222222222222222
0.2857142857142857
0.25
0.14285714285714285
0.45454545454545453
0.1111111111111111
0.4444444444444444
0.2857142857142857
0.0
0.3333333333333333
0.375
0.14285714285714285
0.14285714285714285
0.14285714285714285
0.3333333333333333
0.25
0.0
0.14285714285714285
0.2222222222222222
0.3333333333333333
0.14285714285714285
0.5
0.25
0.16666666666666666
0.16666666666666666
0.6
0.6666666666666666
0.0
0.4
0.0
0.25
0.25
0.42857142857142855
0.16666666666666666
0.4
0.3333333333333333
0.0
0.0
0.3
0.14285714285714285
0.16666666666666666
0.5
0.3333333333333333
0.16666666666666666
0.0
0.3333333333333333
0.0
0.1111111111111111
0.25
0.375
0.16666666666666666
0.16666666666666666
0.5714285714285714
0.4
0.0
0.25
0.3333333333333333
0.25
0.25
0.3333333333333333
0.3333333333333333
0.0
0.0
0.23076923076923078
0.18181818181818182
0.3
0.0
0.4
0.125
0.2857142857142857
0.16666666666666666
0.2
0.3333333333333333
0.0
0.25
0.125
0.2
0.2
0.375
0.3333333333333333
0.5
0.0
0.2
0.16666666666666666
0.2
0.0
0.6
0.0
0.2
0.6
0.0
0.2
0.8
0.25
0.0
0.0
0.2857142857142857
0.2
0.5
0.3333333333333333
0.0
0.3333333333333333
0.16666666666666666
0.14285714285714285
0.25
0.3333333333333333
0.3333333333333333
0.16666666666666666
0.1111111111111111
0.5
0.375
0.4
0.25
0.3333333333333333
0.3333333333333333
0.0
0.16666666666666666
0.0
0.25
0.2727272727272727
0.2222222222222222
0.25
0.3333333333333333
0.3333333333333333
0.0
0.75
0.0
0.0
0.0
0.2
0.8333333333333334
0.0
0.4
0.25
0.25
0.4
0.25
0.3333333333333333
0.0
0.0
0.16666666666666666
0.375
0.16666666666666666
0.0
0.1111111111111111
0.18181818181818182
0.5
0.5714285714285714
0.25
0.3333333333333333
0.0
0.0
0.16666666666666666
0.1111111111111111
0.1111111111111111
0.18181818181818182
0.3333333333333333
0.25
0.1111111111111111
0.3
0.2857142857142857
0.42857142857142855
0.4
0.4
0.25
0.125
0.375
0.3333333333333333
0.0
0.0
0.0
0.16666666666666666
0.13333333333333333
0.2857142857142857
0.25
0.2222222222222222
0.2857142857142857
0.125
0.125
0.14285714285714285
0.25
0.3333333333333333
0.16666666666666666
0.14285714285714285
0.0
0.3333333333333333
0.125
0.4444444444444444
0.0
0.2727272727272727
0.18181818181818182
0.2222222222222222
0.2
0.25
0.375
0.0
0.14285714285714285
0.375
0.14285714285714285
0.16666666666666666
0.4
0.6
0.3333333333333333
0.0
0.25
0.4
0.2
0.2
0.25
0.0
0.4
0.2
0.3333333333333333
0.25
0.0
0.3333333333333333
0.2
0.2
0.4
0.5714285714285714
0.0
0.0
0.5
0.0
0.3333333333333333
0.0
0.2
0.2
0.2
0.3333333333333333
0.5
0.0
0.2
0.14285714285714285
0.1
0.4
0.125
0.25
0.25
0.16666666666666666
0.42857142857142855
0.0
0.16666666666666666
0.4
0.6
0.25
0.0
0.3333333333333333
0.16666666666666666
0.16666666666666666
0.2857142857142857
0.14285714285714285
0.14285714285714285
0.5
0.16666666666666666
0.2
0.6
0.6666666666666666
1.0
0.4
0.6
1.0
1.0
0.0
0.0
0.0
0.2222222222222222
0.5
0.4
0.0
0.0
0.2
0.0
0.25
0.0
0.5
0.2857142857142857
0.1111111111111111
0.3
0.25
0.42857142857142855
0.2
0.0
0.0
0.3333333333333333
0.125
0.125
0.2
0.1111111111111111
0.18181818181818182
0.3
0.1111111111111111
0.25
0.5
0.4
0.4
0.0
0.14285714285714285
