Overall Mean: 40.631277777777775
42.85
42.85
42.05
34.15
36.35
40.55
32.95
45.55
37.6
45.25
45.7
40.95
39.3
44.0
36.25
38.15
38.9
43.65
32.7
41.75
35.95
42.75
48.4
41.1
42.0
36.25
38.9
36.4
40.55
45.25
47.5
42.2
41.6
30.5
41.3
44.7
38.15
41.6
45.1
43.4
47.95
29.4
48.3
44.05
46.25
43.55
43.8
39.7
40.3
40.7
38.15
41.85
47.45
34.2
45.75
41.75
48.05
35.85
41.5
37.9
43.55
40.9
46.75
38.95
46.65
38.15
38.5
45.5
40.4
45.6
42.0
50.1
40.5
39.5
42.9
42.0
43.6
35.7
46.5
36.25
35.7
38.95
38.4
35.4
35.2
25.7
41.85
46.75
43.2
40.2
35.1
41.45
45.7
43.9
42.1
41.0
38.15
37.8
39.6
47.8
42.15
39.75
40.3
47.35
46.55
36.45
46.7
42.4
40.5
39.3
35.55
41.05
32.55
40.35
43.65
46.7
44.35
34.9
40.35
32.2
34.15
34.85
45.05
41.3
35.6
40.85
38.15
43.9
42.45
42.6
34.7
38.85
39.75
34.6
44.15
41.6
38.4
45.45
46.45
34.8
41.35
37.45
33.25
32.75
35.8
47.4
45.45
44.65
43.95
39.65
35.3
51.0
40.0
40.3
34.75
37.85
39.85
42.35
44.0
49.4
40.65
45.75
42.45
42.6
42.95
42.1
40.95
39.3
45.85
33.0
42.1
40.5
39.8
50.65
46.8
42.95
45.3
42.6
44.9
40.45
51.3
44.4
40.5
38.55
36.55
39.65
45.0
37.3
38.7
27.45
36.45
40.0
40.35
32.45
47.4
43.25
46.05
34.95
37.85
42.5
40.4
45.8
32.25
42.65
46.15
39.3
42.3
46.05
40.8
47.85
49.55
38.8
40.75
36.05
44.25
39.1
36.85
36.35
40.15
43.3
39.3
38.05
44.7
44.35
37.9
37.2
45.5
37.15
26.15
36.5
45.1
38.0
40.45
41.55
42.9
42.4
42.7
38.55
44.4
33.55
49.0
37.4
30.25
39.5
39.85
45.05
44.55
45.8
43.2
43.45
47.8
38.2
38.45
42.45
30.6
34.4
45.3
48.1
37.1
38.3
37.55
42.6
41.35
37.05
48.2
44.9
38.0
42.5
39.35
35.25
39.65
38.9
40.7
44.15
39.55
43.1
42.4
44.2
43.1
39.75
34.3
39.2
40.35
36.75
41.05
41.95
51.1
39.8
39.95
33.35
44.8
43.75
34.95
42.7
39.5
34.65
32.75
40.0
42.55
40.45
34.15
34.75
35.45
41.0
45.7
38.8
45.85
45.7
34.45
45.15
35.7
33.95
43.15
32.85
45.3
37.2
47.45
43.1
38.05
40.1
38.45
43.25
49.15
41.25
43.75
37.95
41.3
47.15
44.8
37.65
44.5
36.1
36.55
42.6
34.85
37.45
35.65
37.6
43.65
38.4
45.2
47.35
50.85
35.55
45.8
43.65
42.3
37.1
40.1
50.15
39.75
43.5
38.75
36.3
34.55
39.0
40.7
35.3
40.8
44.3
43.8
50.2
27.4
38.15
39.85
42.3
38.25
41.5
39.15
43.2
38.0
40.45
40.95
46.75
41.8
38.1
41.15
38.9
47.55
33.5
40.75
33.7
37.35
35.75
29.35
32.9
40.1
42.15
40.5
42.35
33.3
39.3
41.8
41.55
52.3
38.4
36.85
37.35
47.95
37.5
44.7
37.55
32.35
36.1
35.7
41.15
38.3
38.2
46.1
40.0
39.6
36.3
35.7
37.8
47.9
36.05
41.8
36.05
48.25
42.5
44.6
48.1
37.35
46.65
41.1
41.35
39.5
38.9
36.05
34.35
41.75
40.5
43.55
36.25
30.45
48.3
36.75
50.05
41.25
38.45
34.7
50.7
42.7
41.0
39.5
41.65
39.7
38.4
38.75
38.9
37.4
34.8
41.55
37.7
42.75
41.05
41.9
38.0
30.85
36.0
38.1
39.4
40.25
39.65
39.95
43.4
33.2
40.55
41.85
45.9
40.1
40.6
39.35
44.95
36.45
43.75
43.8
40.15
42.2
42.4
35.8
41.55
33.65
37.2
41.45
41.45
45.8
35.2
43.15
42.15
42.75
32.35
37.55
43.7
40.6
41.3
44.0
32.85
43.3
39.8
39.95
39.65
40.05
39.35
35.15
40.25
42.1
37.05
44.7
42.4
31.1
36.55
40.0
41.15
50.25
40.3
51.6
43.7
37.5
44.15
37.9
31.7
42.25
44.3
37.1
37.65
42.85
44.8
40.7
40.15
46.9
33.35
36.7
46.1
42.0
39.05
38.25
37.15
35.1
39.85
39.9
40.9
41.55
45.1
41.3
34.85
41.8
35.5
37.05
42.05
44.7
41.05
42.75
40.55
36.75
39.75
33.35
44.5
41.0
45.95
40.85
40.95
34.7
43.85
42.25
40.55
35.9
42.0
46.05
39.05
41.0
37.4
41.85
44.2
42.65
37.75
35.1
41.7
42.55
45.2
41.85
36.3
42.4
36.1
30.75
42.7
36.45
44.1
30.75
44.55
41.65
36.95
39.8
34.8
37.4
35.2
37.3
42.65
36.05
35.9
39.25
39.5
39.6
38.1
47.6
38.95
47.5
33.75
45.35
45.25
44.65
40.0
38.75
41.05
39.35
37.8
43.6
26.0
44.15
42.25
43.6
38.0
46.1
43.35
46.95
37.8
37.6
50.45
39.7
42.6
41.55
38.85
41.75
40.95
42.95
36.25
43.15
38.75
38.85
41.0
42.55
33.75
40.65
42.75
41.8
39.75
38.6
43.3
40.15
41.8
41.1
30.8
40.05
35.4
38.55
39.55
37.0
33.25
44.35
41.5
38.9
44.2
43.9
39.25
40.8
44.7
40.7
40.55
47.65
41.15
39.05
41.25
38.9
37.15
35.55
31.95
39.25
43.15
41.7
43.5
41.9
40.25
44.4
53.1
40.9
40.8
43.95
34.4
35.9
37.85
35.55
39.15
39.45
36.05
52.7
43.85
48.35
40.3
43.55
39.25
40.5
36.3
44.75
41.75
36.5
41.05
49.95
44.4
46.15
49.35
41.9
32.2
39.75
39.4
39.8
43.65
34.35
38.3
44.6
34.4
40.4
41.35
36.3
39.7
35.9
46.0
41.2
31.75
45.55
36.95
36.25
35.85
38.35
51.4
44.5
47.85
47.6
43.05
38.0
35.95
37.75
42.05
44.15
46.4
39.3
48.25
46.5
37.95
43.45
45.15
44.35
38.15
38.75
37.05
33.6
42.5
49.7
41.55
32.85
35.9
52.3
42.35
45.25
37.65
44.0
38.9
41.25
35.55
38.35
42.45
46.75
37.1
43.4
45.0
32.2
39.95
45.5
46.25
40.0
41.3
40.7
29.15
39.4
44.0
47.5
35.8
36.5
45.1
39.4
50.65
36.9
31.7
46.35
47.8
42.05
37.95
40.8
29.05
42.35
48.3
40.7
36.5
34.45
37.6
37.2
42.45
38.65
41.8
40.7
41.1
39.2
36.75
39.55
41.1
39.8
38.9
39.4
43.15
47.1
43.95
33.55
40.45
33.55
43.7
43.1
34.55
42.3
43.95
38.85
42.85
44.05
43.35
45.2
40.95
34.65
50.4
38.2
44.0
50.5
41.75
37.9
44.3
35.65
43.0
45.1
41.55
40.85
39.3
35.3
39.6
48.25
37.4
42.75
35.45
44.3
43.65
31.85
44.0
38.2
44.0
43.5
40.25
41.95
40.6
41.1
42.85
47.75
36.95
37.2
41.25
43.25
38.6
44.25
43.6
44.65
47.9
41.45
45.9
37.9
38.15
44.7
45.15
44.2
40.75
44.9
48.6
40.9
43.45
38.1
47.65
36.75
40.05
35.75
41.35
38.55
39.05
33.7
38.45
36.7
49.15
