2019-05-01 2493536
Spots:
[4, 5, 10, 15, 17, 21, 26, 27, 39, 48, 49, 53, 55, 56, 57, 58, 71, 74, 75, 80]
Bonus: 80
Mean: 42
Std_dev: 24.67899170507068
Variance: 609.0526315789474
Median: 48.5
Avg Distance: 4.0
2019-05-01 2493537
Spots:
[4, 7, 8, 12, 15, 25, 26, 34, 41, 42, 47, 49, 51, 55, 57, 65, 66, 67, 74, 79]
Bonus: 7
Mean: 41.2
Std_dev: 23.756661115746486
Variance: 564.378947368421
Median: 44.5
Avg Distance: 3.9473684210526314
2019-05-01 2493538
Spots:
[1, 2, 4, 10, 13, 23, 24, 29, 31, 41, 48, 50, 52, 55, 61, 62, 63, 67, 75, 79]
Bonus: 50
Mean: 39.5
Std_dev: 25.230516193063135
Variance: 636.578947368421
Median: 44.5
Avg Distance: 4.105263157894737
2019-05-01 2493539
Spots:
[3, 24, 25, 35, 36, 39, 40, 42, 44, 46, 48, 50, 52, 61, 63, 71, 72, 73, 74, 77]
Bonus: 42
Mean: 48.75
Std_dev: 19.592896134756813
Variance: 383.8815789473685
Median: 47.0
Avg Distance: 3.8947368421052633
