2019-05-01 2493536
Spots:
[4, 5, 10, 15, 17, 21, 26, 27, 39, 48, 49, 53, 55, 56, 57, 58, 71, 74, 75, 80]
Bonus: 80
Mean: 42
Std_dev: 24.67899170507068
Variance: 609.0526315789474
Median: 48.5
Avg Distance: 4.0
2019-05-01 2493537
Spots:
[4, 7, 8, 12, 15, 25, 26, 34, 41, 42, 47, 49, 51, 55, 57, 65, 66, 67, 74, 79]
Bonus: 7
Mean: 41.2
Std_dev: 23.756661115746486
Variance: 564.378947368421
Median: 44.5
Avg Distance: 3.9473684210526314
2019-05-01 2493538
Spots:
[1, 2, 4, 10, 13, 23, 24, 29, 31, 41, 48, 50, 52, 55, 61, 62, 63, 67, 75, 79]
Bonus: 50
Mean: 39.5
Std_dev: 25.230516193063135
Variance: 636.578947368421
Median: 44.5
Avg Distance: 4.105263157894737
2019-05-01 2493539
Spots:
[3, 24, 25, 35, 36, 39, 40, 42, 44, 46, 48, 50, 52, 61, 63, 71, 72, 73, 74, 77]
Bonus: 42
Mean: 48.75
Std_dev: 19.592896134756813
Variance: 383.8815789473685
Median: 47.0
Avg Distance: 3.8947368421052633
2019-05-01 2493540
Spots:
[1, 2, 3, 9, 15, 16, 24, 26, 32, 33, 35, 38, 41, 45, 48, 51, 55, 58, 63, 70]
Bonus: 38
Mean: 33.25
Std_dev: 20.98589752040265
Variance: 440.407894736842
Median: 34.0
Avg Distance: 3.6315789473684212
2019-05-01 2493541
Spots:
[1, 6, 7, 9, 12, 19, 28, 29, 30, 34, 41, 46, 48, 49, 57, 59, 60, 69, 70, 74]
Bonus: 70
Mean: 37.4
Std_dev: 23.335989823717178
Variance: 544.5684210526317
Median: 37.5
Avg Distance: 3.8421052631578947
2019-05-01 2493542
Spots:
[1, 3, 4, 5, 14, 26, 28, 35, 36, 43, 44, 45, 47, 49, 54, 56, 67, 69, 79, 80]
Bonus: 28
Mean: 39.25
Std_dev: 24.89953497769111
Variance: 619.9868421052631
Median: 43.5
Avg Distance: 4.157894736842105
2019-05-01 2493543
Spots:
[2, 3, 8, 9, 11, 13, 15, 22, 24, 27, 28, 32, 33, 34, 37, 47, 54, 63, 69, 73]
Bonus: 28
Mean: 30.2
Std_dev: 21.55433769996681
Variance: 464.5894736842104
Median: 27.5
Avg Distance: 3.736842105263158
2019-05-01 2493544
Spots:
[6, 8, 11, 13, 18, 19, 32, 34, 37, 43, 47, 55, 56, 59, 61, 63, 64, 67, 69, 79]
Bonus: 55
Mean: 42.05
Std_dev: 23.21178239828349
Variance: 538.7868421052632
Median: 45.0
Avg Distance: 3.8421052631578947
2019-05-01 2493545
Spots:
[1, 5, 8, 9, 13, 16, 18, 23, 25, 27, 40, 42, 45, 51, 56, 57, 66, 73, 77, 78]
Bonus: 8
Mean: 36.5
Std_dev: 25.371969614227098
Variance: 643.7368421052631
Median: 33.5
Avg Distance: 4.052631578947368
2019-05-01 2493546
Spots:
[3, 6, 7, 8, 12, 17, 24, 29, 35, 40, 41, 44, 46, 51, 54, 64, 66, 70, 73, 76]
Bonus: 66
Mean: 38.3
Std_dev: 24.281463582004495
Variance: 589.5894736842106
Median: 40.5
Avg Distance: 3.8421052631578947
2019-05-01 2493547
Spots:
[1, 5, 18, 20, 21, 25, 31, 32, 38, 43, 44, 45, 46, 52, 56, 58, 63, 73, 77, 80]
Bonus: 44
Mean: 41.4
Std_dev: 22.621368565793574
Variance: 511.72631578947363
Median: 43.5
Avg Distance: 4.157894736842105
2019-05-01 2493548
Spots:
[5, 11, 15, 16, 18, 31, 41, 45, 47, 48, 49, 50, 51, 56, 57, 60, 71, 73, 74, 80]
Bonus: 74
Mean: 44.9
Std_dev: 22.412167747852834
Variance: 502.3052631578948
Median: 48.5
Avg Distance: 3.9473684210526314
2019-05-01 2493549
Spots:
[2, 4, 8, 9, 14, 16, 21, 24, 25, 26, 33, 44, 51, 57, 58, 64, 71, 75, 76, 80]
Bonus: 44
Mean: 37.9
Std_dev: 26.540733341710613
Variance: 704.4105263157894
Median: 29.5
Avg Distance: 4.105263157894737
2019-05-01 2493550
Spots:
[11, 12, 13, 15, 17, 28, 32, 38, 39, 42, 44, 45, 47, 53, 57, 62, 69, 74, 77, 79]
Bonus: 69
Mean: 42.7
Std_dev: 22.358561294454855
Variance: 499.90526315789475
Median: 43.0
Avg Distance: 3.5789473684210527
2019-05-01 2493551
Spots:
[6, 7, 11, 13, 24, 36, 39, 40, 42, 47, 49, 51, 55, 64, 68, 71, 73, 76, 78, 79]
Bonus: 24
Mean: 46.45
Std_dev: 24.502362936535004
Variance: 600.3657894736842
Median: 48.0
Avg Distance: 3.8421052631578947
2019-05-01 2493552
Spots:
[1, 9, 15, 16, 18, 20, 25, 27, 33, 35, 41, 46, 47, 49, 52, 53, 54, 59, 65, 71]
Bonus: 20
Mean: 36.8
Std_dev: 19.80590023731631
Variance: 392.2736842105263
Median: 38.0
Avg Distance: 3.6842105263157894
2019-05-01 2493553
Spots:
[2, 3, 8, 12, 22, 31, 32, 41, 42, 48, 51, 59, 60, 63, 64, 67, 69, 72, 76, 79]
Bonus: 59
Mean: 45.05
Std_dev: 25.180349481291955
Variance: 634.0500000000001
Median: 49.5
Avg Distance: 4.052631578947368
2019-05-01 2493554
Spots:
[7, 11, 12, 15, 18, 28, 29, 30, 31, 33, 35, 42, 46, 50, 57, 66, 67, 71, 73, 80]
Bonus: 46
Mean: 40.05
Std_dev: 22.74220514235245
Variance: 517.2078947368423
Median: 34.0
Avg Distance: 3.8421052631578947
2019-05-01 2493555
Spots:
[4, 5, 6, 9, 12, 14, 18, 22, 26, 29, 41, 42, 43, 46, 58, 60, 67, 70, 71, 72]
Bonus: 5
Mean: 35.75
Std_dev: 24.332942799077095
Variance: 592.0921052631579
Median: 35.0
Avg Distance: 3.5789473684210527
2019-05-01 2493556
Spots:
[2, 3, 7, 10, 11, 13, 16, 30, 34, 42, 45, 48, 52, 60, 61, 65, 67, 71, 75, 78]
Bonus: 7
Mean: 39.5
Std_dev: 26.298889310147082
Variance: 691.6315789473684
Median: 43.5
Avg Distance: 4.0
2019-05-01 2493557
Spots:
[1, 19, 20, 24, 28, 32, 33, 35, 37, 43, 44, 46, 56, 59, 61, 62, 63, 67, 68, 77]
Bonus: 33
Mean: 43.75
Std_dev: 20.05485897285375
Variance: 402.1973684210526
Median: 43.5
Avg Distance: 4.0
2019-05-01 2493558
Spots:
[4, 16, 19, 22, 24, 25, 26, 28, 29, 31, 49, 50, 53, 55, 57, 60, 64, 66, 71, 79]
Bonus: 22
Mean: 41.4
Std_dev: 21.298381455678246
Variance: 453.621052631579
Median: 40.0
Avg Distance: 3.9473684210526314
2019-05-01 2493559
Spots:
[7, 13, 17, 18, 23, 26, 28, 29, 39, 41, 49, 50, 55, 58, 62, 63, 66, 70, 75, 77]
Bonus: 7
Mean: 43.3
Std_dev: 22.098106610962706
Variance: 488.32631578947365
Median: 45.0
Avg Distance: 3.6842105263157894
2019-05-01 2493560
Spots:
[2, 12, 16, 20, 24, 25, 27, 38, 43, 45, 48, 50, 51, 52, 53, 67, 70, 75, 78, 80]
Bonus: 20
Mean: 43.8
Std_dev: 23.05508278244221
Variance: 531.5368421052632
Median: 46.5
Avg Distance: 4.105263157894737
2019-05-01 2493561
Spots:
[3, 11, 17, 21, 22, 24, 25, 27, 29, 40, 46, 52, 54, 57, 60, 63, 65, 66, 74, 76]
Bonus: 24
Mean: 41.6
Std_dev: 22.349849875864585
Variance: 499.5157894736842
Median: 43.0
Avg Distance: 3.8421052631578947
2019-05-01 2493562
Spots:
[1, 4, 6, 14, 28, 32, 33, 39, 40, 41, 42, 43, 53, 58, 60, 61, 67, 74, 75, 80]
Bonus: 14
Mean: 42.55
Std_dev: 23.880128272599155
Variance: 570.2605263157895
Median: 41.5
Avg Distance: 4.157894736842105
2019-05-01 2493563
Spots:
[1, 5, 9, 10, 11, 12, 14, 15, 17, 27, 29, 30, 34, 41, 45, 54, 60, 61, 66, 75]
Bonus: 60
Mean: 30.8
Std_dev: 22.663673693008334
Variance: 513.642105263158
Median: 28.0
Avg Distance: 3.8947368421052633
2019-05-01 2493564
Spots:
[7, 10, 16, 20, 25, 30, 36, 37, 45, 51, 60, 61, 65, 66, 67, 68, 70, 72, 74, 80]
Bonus: 45
Mean: 48
Std_dev: 23.526021427570925
Variance: 553.4736842105262
Median: 55.5
Avg Distance: 3.8421052631578947
2019-05-01 2493565
Spots:
[3, 5, 8, 23, 26, 27, 30, 33, 34, 41, 44, 45, 46, 50, 51, 56, 60, 69, 71, 79]
Bonus: 27
Mean: 40.05
Std_dev: 21.44141344516065
Variance: 459.73421052631585
Median: 42.5
Avg Distance: 4.0
2019-05-01 2493566
Spots:
[10, 12, 14, 16, 18, 19, 22, 28, 36, 38, 46, 49, 50, 53, 54, 64, 68, 71, 77, 79]
Bonus: 38
Mean: 41.2
Std_dev: 23.071057284193248
Variance: 532.2736842105263
Median: 42.0
Avg Distance: 3.6315789473684212
2019-05-01 2493567
Spots:
[2, 8, 12, 39, 41, 43, 45, 46, 49, 54, 57, 58, 59, 65, 70, 73, 74, 75, 76, 80]
Bonus: 46
Mean: 51.3
Std_dev: 22.840637837899916
Variance: 521.6947368421054
Median: 55.5
Avg Distance: 4.105263157894737
2019-05-01 2493568
Spots:
[1, 6, 7, 8, 12, 22, 23, 24, 30, 31, 36, 39, 43, 46, 48, 52, 61, 69, 71, 78]
Bonus: 12
Mean: 35.35
Std_dev: 23.111343762886566
Variance: 534.1342105263158
Median: 33.5
Avg Distance: 4.052631578947368
2019-05-01 2493569
Spots:
[5, 10, 11, 12, 23, 31, 33, 40, 44, 48, 53, 58, 60, 64, 66, 68, 69, 71, 73, 76]
Bonus: 48
Mean: 45.75
Std_dev: 23.735106133276393
Variance: 563.3552631578947
Median: 50.5
Avg Distance: 3.736842105263158
2019-05-01 2493570
Spots:
[6, 7, 8, 11, 12, 19, 33, 40, 41, 46, 50, 51, 60, 61, 63, 64, 68, 73, 75, 77]
Bonus: 40
Mean: 43.25
Std_dev: 24.967083593361373
Variance: 623.3552631578947
Median: 48.0
Avg Distance: 3.736842105263158
2019-05-01 2493571
Spots:
[1, 2, 3, 4, 7, 8, 10, 20, 21, 28, 29, 32, 33, 40, 42, 52, 63, 69, 74, 76]
Bonus: 20
Mean: 30.7
Std_dev: 25.154470147889274
Variance: 632.7473684210527
Median: 28.5
Avg Distance: 3.9473684210526314
2019-05-01 2493572
Spots:
[10, 11, 16, 19, 20, 22, 23, 35, 37, 45, 46, 51, 54, 60, 62, 63, 66, 70, 71, 79]
Bonus: 79
Mean: 43
Std_dev: 22.330059985306097
Variance: 498.6315789473685
Median: 45.5
Avg Distance: 3.6315789473684212
2019-05-01 2493573
Spots:
[3, 7, 9, 11, 13, 19, 22, 25, 28, 33, 39, 43, 44, 48, 50, 52, 53, 58, 64, 76]
Bonus: 7
Mean: 34.85
Std_dev: 20.951761639286413
Variance: 438.9763157894737
Median: 36.0
Avg Distance: 3.8421052631578947
2019-05-01 2493574
Spots:
[2, 9, 31, 32, 36, 40, 42, 44, 49, 51, 55, 61, 63, 65, 66, 68, 69, 78, 79, 80]
Bonus: 2
Mean: 51
Std_dev: 21.82948271923716
Variance: 476.52631578947376
Median: 53.0
Avg Distance: 4.105263157894737
2019-05-01 2493575
Spots:
[11, 19, 24, 25, 35, 36, 37, 38, 39, 52, 54, 55, 56, 62, 65, 67, 68, 70, 72, 80]
Bonus: 65
Mean: 48.25
Std_dev: 19.76673175339126
Variance: 390.72368421052624
Median: 53.0
Avg Distance: 3.6315789473684212
2019-05-01 2493576
Spots:
[6, 8, 11, 15, 17, 20, 23, 30, 31, 37, 41, 54, 55, 58, 62, 64, 65, 72, 76, 79]
Bonus: 76
Mean: 41.2
Std_dev: 24.384205414247365
Variance: 594.5894736842105
Median: 39.0
Avg Distance: 3.8421052631578947
2019-05-01 2493577
Spots:
[5, 9, 17, 19, 22, 23, 38, 55, 64, 65, 66, 68, 71, 72, 73, 74, 75, 77, 78, 79]
Bonus: 78
Mean: 52.5
Std_dev: 26.480380025894444
Variance: 701.2105263157895
Median: 65.5
Avg Distance: 3.8947368421052633
2019-05-01 2493578
Spots:
[1, 9, 14, 16, 23, 24, 29, 36, 44, 49, 50, 52, 54, 57, 59, 60, 63, 73, 77, 80]
Bonus: 23
Mean: 43.5
Std_dev: 23.333959891337056
Variance: 544.4736842105265
Median: 49.5
Avg Distance: 4.157894736842105
2019-05-01 2493579
Spots:
[1, 2, 7, 8, 10, 18, 19, 20, 33, 37, 40, 49, 51, 59, 61, 62, 67, 71, 73, 74]
Bonus: 49
Mean: 38.1
Std_dev: 25.86584824170972
Variance: 669.0421052631579
Median: 38.5
Avg Distance: 3.8421052631578947
2019-05-01 2493580
Spots:
[2, 4, 23, 31, 32, 33, 34, 40, 42, 46, 47, 52, 53, 54, 56, 57, 60, 61, 68, 75]
Bonus: 53
Mean: 43.5
Std_dev: 19.203892149358957
Variance: 368.7894736842106
Median: 46.5
Avg Distance: 3.8421052631578947
2019-05-01 2493581
Spots:
[1, 4, 28, 29, 32, 34, 35, 42, 44, 49, 53, 55, 63, 64, 66, 67, 68, 73, 74, 78]
Bonus: 42
Mean: 47.95
Std_dev: 22.26745323749913
Variance: 495.8394736842105
Median: 51.0
Avg Distance: 4.052631578947368
2019-05-01 2493582
Spots:
[10, 11, 13, 18, 20, 21, 30, 31, 33, 40, 45, 54, 57, 60, 68, 69, 75, 76, 77, 78]
Bonus: 30
Mean: 44.3
Std_dev: 24.542337211224886
Variance: 602.3263157894737
Median: 42.5
Avg Distance: 3.5789473684210527
2019-05-01 2493583
Spots:
[2, 4, 5, 11, 18, 34, 40, 42, 43, 49, 51, 54, 56, 58, 64, 65, 71, 72, 75, 78]
Bonus: 78
Mean: 44.6
Std_dev: 24.86680306627376
Variance: 618.3578947368421
Median: 50.0
Avg Distance: 4.0
2019-05-01 2493584
Spots:
[2, 7, 14, 16, 17, 18, 21, 33, 34, 41, 45, 48, 52, 54, 56, 57, 71, 73, 76, 80]
Bonus: 52
Mean: 40.75
Std_dev: 24.228897492131384
Variance: 587.0394736842105
Median: 43.0
Avg Distance: 4.105263157894737
2019-05-01 2493585
Spots:
[4, 9, 10, 12, 19, 21, 27, 29, 33, 35, 36, 40, 41, 46, 48, 53, 66, 67, 69, 73]
Bonus: 67
Mean: 36.9
Std_dev: 21.19558047280016
Variance: 449.25263157894744
Median: 35.5
Avg Distance: 3.6315789473684212
2019-05-01 2493586
Spots:
[1, 4, 5, 11, 12, 14, 16, 19, 20, 22, 23, 26, 31, 43, 45, 57, 60, 67, 68, 77]
Bonus: 14
Mean: 31.05
Std_dev: 23.67871573686733
Variance: 560.6815789473685
Median: 22.5
Avg Distance: 4.0
2019-05-01 2493587
Spots:
[9, 12, 14, 17, 25, 27, 31, 33, 35, 40, 44, 50, 54, 68, 69, 70, 71, 72, 75, 79]
Bonus: 17
Mean: 44.75
Std_dev: 23.637336656453627
Variance: 558.7236842105264
Median: 42.0
Avg Distance: 3.6842105263157894
2019-05-01 2493588
Spots:
[3, 4, 7, 9, 14, 18, 19, 26, 29, 31, 39, 49, 52, 56, 66, 68, 70, 72, 78, 79]
Bonus: 29
Mean: 39.45
Std_dev: 26.69412511751366
Variance: 712.5763157894737
Median: 35.0
Avg Distance: 4.0
2019-05-01 2493589
Spots:
[12, 13, 17, 23, 25, 28, 33, 38, 46, 47, 48, 52, 57, 61, 63, 65, 68, 74, 75, 78]
Bonus: 52
Mean: 46.15
Std_dev: 21.49975520056474
Variance: 462.2394736842105
Median: 47.5
Avg Distance: 3.473684210526316
2019-05-01 2493590
Spots:
[1, 2, 4, 5, 13, 15, 26, 34, 35, 41, 42, 43, 46, 51, 60, 64, 67, 69, 79, 80]
Bonus: 51
Mean: 38.85
Std_dev: 26.065252126558313
Variance: 679.3973684210526
Median: 41.5
Avg Distance: 4.157894736842105
2019-05-01 2493591
Spots:
[1, 6, 7, 10, 14, 16, 20, 29, 33, 38, 39, 42, 47, 50, 54, 56, 64, 69, 71, 74]
Bonus: 71
Mean: 37
Std_dev: 23.454322909815467
Variance: 550.1052631578947
Median: 38.5
Avg Distance: 3.8421052631578947
2019-05-01 2493592
Spots:
[2, 14, 17, 24, 25, 28, 29, 37, 38, 41, 53, 55, 57, 59, 61, 64, 65, 66, 70, 76]
Bonus: 2
Mean: 44.05
Std_dev: 21.32326379678703
Variance: 454.6815789473685
Median: 47.0
Avg Distance: 3.8947368421052633
2019-05-01 2493593
Spots:
[1, 3, 10, 17, 22, 23, 30, 31, 36, 41, 43, 47, 48, 51, 52, 54, 60, 67, 77, 80]
Bonus: 47
Mean: 39.65
Std_dev: 22.720903892323708
Variance: 516.2394736842107
Median: 42.0
Avg Distance: 4.157894736842105
2019-05-01 2493594
Spots:
[2, 7, 8, 11, 13, 14, 18, 24, 31, 42, 43, 44, 46, 47, 56, 70, 72, 75, 79, 80]
Bonus: 79
Mean: 39.1
Std_dev: 26.405541683119235
Variance: 697.2526315789474
Median: 42.5
Avg Distance: 4.105263157894737
2019-05-01 2493595
Spots:
[3, 24, 31, 32, 35, 38, 42, 43, 44, 45, 49, 51, 52, 53, 54, 56, 57, 62, 70, 78]
Bonus: 70
Mean: 45.95
Std_dev: 16.589391029716616
Variance: 275.2078947368421
Median: 47.0
Avg Distance: 3.9473684210526314
2019-05-01 2493596
Spots:
[6, 7, 9, 16, 18, 27, 30, 32, 34, 36, 37, 45, 49, 50, 65, 73, 74, 75, 76, 79]
Bonus: 79
Mean: 41.9
Std_dev: 24.821255746680208
Variance: 616.0947368421052
Median: 36.5
Avg Distance: 3.8421052631578947
2019-05-01 2493597
Spots:
[1, 3, 7, 8, 12, 18, 22, 23, 26, 30, 31, 34, 38, 42, 47, 52, 55, 61, 68, 73]
Bonus: 47
Mean: 32.55
Std_dev: 21.675780809101447
Variance: 469.8394736842106
Median: 30.5
Avg Distance: 3.789473684210526
2019-05-01 2493598
Spots:
[6, 8, 10, 11, 12, 13, 16, 20, 22, 23, 27, 29, 33, 34, 54, 59, 67, 71, 72, 73]
Bonus: 33
Mean: 33
Std_dev: 23.817286954956412
Variance: 567.2631578947369
Median: 25.0
Avg Distance: 3.526315789473684
2019-05-01 2493599
Spots:
[1, 19, 21, 28, 30, 32, 37, 39, 46, 47, 48, 50, 51, 56, 58, 61, 64, 67, 75, 78]
Bonus: 67
Mean: 45.4
Std_dev: 19.765466961610755
Variance: 390.6736842105263
Median: 47.5
Avg Distance: 4.052631578947368
2019-05-01 2493600
Spots:
[3, 8, 10, 14, 16, 24, 35, 42, 43, 53, 57, 58, 59, 61, 64, 65, 70, 73, 74, 80]
Bonus: 73
Mean: 45.45
Std_dev: 24.894461442785136
Variance: 619.7342105263158
Median: 55.0
Avg Distance: 4.052631578947368
2019-05-01 2493601
Spots:
[5, 6, 10, 14, 18, 25, 32, 36, 37, 39, 40, 41, 45, 46, 51, 55, 61, 63, 70, 77]
Bonus: 70
Mean: 38.55
Std_dev: 20.977368757782756
Variance: 440.05000000000007
Median: 39.5
Avg Distance: 3.789473684210526
2019-05-01 2493602
Spots:
[1, 3, 4, 5, 13, 15, 20, 26, 29, 30, 38, 40, 42, 48, 58, 60, 61, 62, 70, 75]
Bonus: 61
Mean: 35
Std_dev: 23.982449723429884
Variance: 575.1578947368421
Median: 34.0
Avg Distance: 3.8947368421052633
2019-05-01 2493603
Spots:
[3, 6, 14, 22, 25, 27, 34, 35, 46, 49, 59, 60, 61, 63, 64, 65, 67, 72, 77, 78]
Bonus: 35
Mean: 46.35
Std_dev: 23.828940829433265
Variance: 567.8184210526317
Median: 54.0
Avg Distance: 3.9473684210526314
2019-05-01 2493604
Spots:
[1, 6, 12, 13, 14, 18, 19, 24, 33, 35, 39, 45, 46, 47, 48, 52, 54, 64, 76, 77]
Bonus: 24
Mean: 36.15
Std_dev: 22.455277190099668
Variance: 504.23947368421045
Median: 37.0
Avg Distance: 4.0
2019-05-01 2493605
Spots:
[6, 10, 15, 25, 27, 29, 33, 34, 36, 39, 40, 49, 50, 52, 55, 58, 59, 61, 68, 70]
Bonus: 52
Mean: 40.8
Std_dev: 18.70153385209493
Variance: 349.7473684210526
Median: 39.5
Avg Distance: 3.3684210526315788
2019-05-01 2493606
Spots:
[1, 2, 8, 10, 12, 15, 16, 22, 23, 32, 36, 39, 46, 47, 50, 51, 65, 69, 71, 72]
Bonus: 71
Mean: 34.35
Std_dev: 23.716028335284133
Variance: 562.4499999999998
Median: 34.0
Avg Distance: 3.736842105263158
2019-05-01 2493607
Spots:
[2, 9, 13, 14, 16, 17, 18, 25, 26, 29, 31, 32, 33, 35, 39, 57, 61, 69, 75, 80]
Bonus: 61
Mean: 34.05
Std_dev: 22.767647868712398
Variance: 518.3657894736842
Median: 30.0
Avg Distance: 4.105263157894737
2019-05-01 2493608
Spots:
[3, 5, 11, 15, 22, 23, 24, 25, 28, 31, 35, 37, 41, 52, 56, 64, 68, 72, 74, 75]
Bonus: 75
Mean: 38.05
Std_dev: 23.51141939792796
Variance: 552.7868421052631
Median: 33.0
Avg Distance: 3.789473684210526
2019-05-01 2493609
Spots:
[1, 3, 14, 21, 25, 41, 47, 48, 49, 50, 54, 55, 58, 59, 60, 61, 69, 71, 72, 75]
Bonus: 71
Mean: 46.65
Std_dev: 22.43182654411502
Variance: 503.18684210526317
Median: 52.0
Avg Distance: 3.8947368421052633
2019-05-01 2493610
Spots:
[1, 3, 4, 8, 12, 19, 20, 27, 30, 34, 39, 40, 45, 48, 52, 60, 68, 69, 70, 78]
Bonus: 45
Mean: 36.35
Std_dev: 24.577000373691277
Variance: 604.0289473684212
Median: 36.5
Avg Distance: 4.052631578947368
2019-05-01 2493611
Spots:
[4, 5, 6, 10, 16, 17, 22, 24, 25, 30, 31, 33, 40, 57, 58, 67, 68, 69, 73, 76]
Bonus: 76
Mean: 36.55
Std_dev: 24.95358849839775
Variance: 622.6815789473685
Median: 30.5
Avg Distance: 3.789473684210526
2019-05-01 2493612
Spots:
[6, 7, 11, 12, 13, 16, 20, 23, 25, 26, 30, 33, 37, 38, 42, 45, 51, 63, 69, 77]
Bonus: 7
Mean: 32.2
Std_dev: 20.67187257578456
Variance: 427.3263157894737
Median: 28.0
Avg Distance: 3.736842105263158
2019-05-01 2493613
Spots:
[14, 17, 20, 22, 25, 28, 36, 46, 47, 50, 55, 56, 59, 65, 67, 68, 73, 75, 79, 80]
Bonus: 67
Mean: 49.1
Std_dev: 22.073799663378015
Variance: 487.2526315789474
Median: 52.5
Avg Distance: 3.473684210526316
2019-05-01 2493614
Spots:
[6, 8, 16, 20, 26, 33, 34, 35, 44, 53, 55, 58, 62, 66, 67, 68, 72, 73, 76, 77]
Bonus: 73
Mean: 47.45
Std_dev: 23.549444065401495
Variance: 554.5763157894737
Median: 54.0
Avg Distance: 3.736842105263158
2019-05-01 2493615
Spots:
[1, 6, 8, 10, 19, 21, 22, 24, 26, 27, 30, 41, 43, 51, 53, 58, 68, 69, 75, 79]
Bonus: 24
Mean: 36.55
Std_dev: 24.284443796931313
Variance: 589.7342105263158
Median: 28.5
Avg Distance: 4.105263157894737
2019-05-01 2493616
Spots:
[1, 5, 6, 7, 9, 14, 18, 21, 23, 28, 32, 34, 45, 47, 52, 63, 68, 71, 72, 77]
Bonus: 77
Mean: 34.65
Std_dev: 25.462614493451085
Variance: 648.3447368421052
Median: 30.0
Avg Distance: 4.0
2019-05-01 2493617
Spots:
[6, 7, 10, 11, 13, 15, 16, 17, 19, 29, 32, 35, 40, 49, 50, 51, 56, 59, 65, 80]
Bonus: 29
Mean: 33
Std_dev: 22.07642228832905
Variance: 487.36842105263156
Median: 30.5
Avg Distance: 3.8947368421052633
2019-05-01 2493618
Spots:
[6, 8, 9, 12, 14, 18, 19, 30, 33, 35, 37, 39, 41, 42, 51, 56, 61, 62, 71, 74]
Bonus: 74
Mean: 35.9
Std_dev: 21.518413167869927
Variance: 463.04210526315785
Median: 36.0
Avg Distance: 3.5789473684210527
2019-05-01 2493619
Spots:
[1, 2, 3, 8, 15, 17, 19, 24, 30, 33, 42, 47, 51, 52, 55, 60, 65, 69, 71, 74]
Bonus: 1
Mean: 36.9
Std_dev: 24.80640834012135
Variance: 615.3578947368421
Median: 37.5
Avg Distance: 3.8421052631578947
2019-05-01 2493620
Spots:
[1, 2, 9, 16, 17, 18, 22, 23, 34, 38, 41, 45, 47, 52, 54, 57, 69, 76, 77, 79]
Bonus: 54
Mean: 38.85
Std_dev: 24.997420919598465
Variance: 624.871052631579
Median: 39.5
Avg Distance: 4.105263157894737
2019-05-01 2493621
Spots:
[1, 10, 18, 19, 23, 25, 27, 36, 40, 41, 42, 44, 47, 49, 53, 63, 64, 67, 70, 73]
Bonus: 67
Mean: 40.6
Std_dev: 20.750142675476514
Variance: 430.5684210526316
Median: 41.5
Avg Distance: 3.789473684210526
2019-05-01 2493622
Spots:
[2, 5, 9, 10, 14, 18, 27, 28, 29, 34, 41, 46, 47, 52, 53, 55, 58, 71, 72, 75]
Bonus: 10
Mean: 37.3
Std_dev: 23.13825722409579
Variance: 535.378947368421
Median: 37.5
Avg Distance: 3.8421052631578947
2019-05-01 2493623
Spots:
[5, 11, 12, 13, 15, 17, 18, 21, 23, 26, 28, 29, 39, 51, 52, 59, 66, 70, 76, 79]
Bonus: 28
Mean: 35.5
Std_dev: 23.998903483723012
Variance: 575.9473684210525
Median: 27.0
Avg Distance: 3.8947368421052633
2019-05-01 2493624
Spots:
[1, 6, 9, 11, 15, 18, 21, 29, 31, 32, 37, 39, 44, 51, 52, 66, 67, 70, 75, 77]
Bonus: 44
Mean: 37.55
Std_dev: 24.370981450120247
Variance: 593.9447368421052
Median: 34.5
Avg Distance: 4.0
2019-05-01 2493625
Spots:
[8, 10, 12, 17, 19, 29, 39, 40, 45, 55, 56, 64, 66, 69, 71, 72, 74, 76, 78, 79]
Bonus: 79
Mean: 48.95
Std_dev: 25.338705570727168
Variance: 642.05
Median: 55.5
Avg Distance: 3.736842105263158
