2019-03-14 2479136
Spots:
[1, 3, 5, 8, 15, 19, 25, 26, 28, 33, 36, 38, 39, 48, 56, 61, 63, 69, 71, 72]
Bonus: 36
Mean: 35.8
Std_dev: 23.623360427651626
Variance: 558.0631578947368
Median: 34.5
Avg Distance: 3.736842105263158
2019-03-14 2479137
Spots:
[3, 4, 10, 12, 15, 18, 27, 28, 33, 34, 35, 40, 44, 48, 56, 59, 61, 63, 64, 73]
Bonus: 28
Mean: 36.35
Std_dev: 21.69956342029901
Variance: 470.87105263157895
Median: 34.5
Avg Distance: 3.6842105263157894
2019-03-14 2479138
Spots:
[6, 13, 15, 16, 26, 28, 31, 45, 47, 52, 53, 55, 57, 58, 60, 62, 63, 66, 74, 79]
Bonus: 55
Mean: 45.3
Std_dev: 21.687007995329225
Variance: 470.3263157894737
Median: 52.5
Avg Distance: 3.8421052631578947
2019-03-14 2479139
Spots:
[1, 9, 11, 21, 24, 28, 36, 37, 45, 46, 49, 54, 55, 57, 60, 66, 67, 73, 74, 79]
Bonus: 46
Mean: 44.6
Std_dev: 23.066037918618747
Variance: 532.0421052631579
Median: 47.5
Avg Distance: 4.105263157894737
2019-03-14 2479140
Spots:
[2, 6, 9, 16, 17, 23, 28, 38, 39, 40, 42, 48, 49, 50, 58, 60, 65, 66, 76, 78]
Bonus: 6
Mean: 40.5
Std_dev: 23.070829154903315
Variance: 532.2631578947369
Median: 41.0
Avg Distance: 4.0
2019-03-14 2479141
Spots:
[3, 5, 7, 9, 11, 16, 17, 27, 29, 30, 47, 51, 55, 58, 61, 62, 64, 68, 77, 80]
Bonus: 80
Mean: 38.85
Std_dev: 26.083418810464728
Variance: 680.3447368421052
Median: 38.5
Avg Distance: 4.052631578947368
2019-03-14 2479142
Spots:
[6, 7, 10, 17, 23, 24, 38, 40, 43, 46, 48, 55, 56, 61, 64, 71, 74, 75, 79, 80]
Bonus: 46
Mean: 45.85
Std_dev: 24.717935103674694
Variance: 610.9763157894737
Median: 47.0
Avg Distance: 3.8947368421052633
2019-03-14 2479143
Spots:
[5, 6, 13, 17, 18, 20, 21, 24, 27, 34, 35, 40, 45, 47, 50, 60, 68, 72, 74, 77]
Bonus: 40
Mean: 37.65
Std_dev: 23.131830427948593
Variance: 535.0815789473684
Median: 34.5
Avg Distance: 3.789473684210526
2019-03-14 2479144
Spots:
[4, 5, 6, 10, 11, 17, 18, 19, 23, 35, 38, 46, 49, 52, 56, 57, 63, 66, 70, 80]
Bonus: 35
Mean: 36.25
Std_dev: 24.516106413625522
Variance: 601.0394736842105
Median: 36.5
Avg Distance: 4.0
2019-03-14 2479145
Spots:
[9, 12, 16, 17, 18, 21, 22, 28, 29, 32, 45, 51, 54, 59, 64, 65, 69, 72, 74, 80]
Bonus: 12
Mean: 41.85
Std_dev: 23.846604083512386
Variance: 568.6605263157895
Median: 38.5
Avg Distance: 3.736842105263158
2019-03-14 2479146
Spots:
[3, 14, 15, 17, 21, 28, 33, 39, 42, 46, 49, 53, 54, 58, 62, 65, 71, 72, 73, 79]
Bonus: 39
Mean: 44.7
Std_dev: 22.741337274941234
Variance: 517.1684210526316
Median: 47.5
Avg Distance: 4.0
2019-03-14 2479147
Spots:
[1, 6, 7, 12, 15, 17, 22, 23, 26, 28, 30, 41, 50, 57, 58, 69, 74, 76, 77, 79]
Bonus: 26
Mean: 38.4
Std_dev: 26.75699613382009
Variance: 715.9368421052632
Median: 29.0
Avg Distance: 4.105263157894737
2019-03-14 2479148
Spots:
[3, 5, 6, 8, 10, 12, 13, 23, 26, 27, 30, 34, 35, 36, 44, 51, 61, 64, 76, 78]
Bonus: 34
Mean: 32.1
Std_dev: 23.690771021200373
Variance: 561.2526315789473
Median: 28.5
Avg Distance: 3.9473684210526314
2019-03-14 2479149
Spots:
[7, 10, 11, 14, 20, 27, 36, 37, 54, 55, 57, 58, 59, 60, 61, 64, 70, 73, 74, 78]
Bonus: 61
Mean: 46.25
Std_dev: 23.752839165477727
Variance: 564.1973684210526
Median: 56.0
Avg Distance: 3.736842105263158
2019-03-14 2479150
Spots:
[8, 10, 13, 18, 19, 20, 21, 25, 26, 30, 32, 36, 44, 45, 51, 58, 71, 72, 74, 75]
Bonus: 74
Mean: 37.4
Std_dev: 22.544458999473626
Variance: 508.2526315789474
Median: 31.0
Avg Distance: 3.526315789473684
2019-03-14 2479151
Spots:
[2, 3, 13, 24, 29, 38, 41, 42, 45, 50, 51, 54, 59, 60, 61, 63, 66, 69, 70, 79]
Bonus: 51
Mean: 45.95
Std_dev: 22.16083553431475
Variance: 491.10263157894735
Median: 50.5
Avg Distance: 4.052631578947368
2019-03-14 2479152
Spots:
[2, 9, 12, 15, 17, 21, 23, 34, 35, 38, 39, 45, 47, 48, 49, 52, 61, 71, 77, 80]
Bonus: 71
Mean: 38.75
Std_dev: 22.666634416901722
Variance: 513.7763157894736
Median: 38.5
Avg Distance: 4.105263157894737
2019-03-14 2479153
Spots:
[4, 8, 11, 15, 16, 26, 28, 29, 30, 31, 35, 38, 43, 45, 49, 55, 56, 57, 59, 70]
Bonus: 28
Mean: 35.25
Std_dev: 18.817335232788885
Variance: 354.0921052631579
Median: 33.0
Avg Distance: 3.473684210526316
2019-03-14 2479154
Spots:
[2, 3, 15, 19, 20, 21, 22, 27, 30, 35, 38, 39, 43, 44, 55, 57, 59, 62, 71, 80]
Bonus: 62
Mean: 37.1
Std_dev: 21.81235767560263
Variance: 475.77894736842103
Median: 36.5
Avg Distance: 4.105263157894737
2019-03-14 2479155
Spots:
[1, 4, 6, 10, 17, 21, 26, 31, 33, 35, 38, 39, 49, 50, 52, 57, 58, 65, 68, 70]
Bonus: 39
Mean: 36.5
Std_dev: 21.91010341324174
Variance: 480.05263157894734
Median: 36.5
Avg Distance: 3.6315789473684212
2019-03-14 2479156
Spots:
[7, 11, 16, 21, 24, 26, 29, 37, 40, 41, 45, 49, 55, 60, 61, 63, 71, 73, 75, 80]
Bonus: 26
Mean: 44.2
Std_dev: 22.563594338528695
Variance: 509.11578947368423
Median: 43.0
Avg Distance: 3.8421052631578947
2019-03-14 2479157
Spots:
[2, 10, 14, 17, 19, 24, 25, 28, 31, 40, 41, 44, 49, 54, 56, 61, 68, 70, 73, 74]
Bonus: 40
Mean: 40
Std_dev: 22.496783395807828
Variance: 506.10526315789474
Median: 40.5
Avg Distance: 3.789473684210526
2019-03-14 2479158
Spots:
[3, 16, 18, 21, 22, 23, 29, 30, 32, 41, 42, 58, 64, 68, 69, 76, 77, 78, 79, 80]
Bonus: 29
Mean: 46.3
Std_dev: 25.80717974354791
Variance: 666.0105263157894
Median: 41.5
Avg Distance: 4.052631578947368
2019-03-14 2479159
Spots:
[4, 10, 13, 21, 34, 36, 41, 44, 50, 52, 54, 55, 56, 58, 65, 67, 71, 74, 75, 76]
Bonus: 52
Mean: 47.8
Std_dev: 22.213319854253402
Variance: 493.4315789473684
Median: 53.0
Avg Distance: 3.789473684210526
2019-03-14 2479160
Spots:
[1, 7, 14, 23, 26, 27, 28, 35, 36, 44, 45, 48, 52, 64, 65, 66, 68, 69, 79, 80]
Bonus: 35
Mean: 43.85
Std_dev: 23.73155793674876
Variance: 563.1868421052632
Median: 44.5
Avg Distance: 4.157894736842105
2019-03-14 2479161
Spots:
[7, 8, 9, 10, 15, 24, 34, 40, 41, 43, 48, 49, 51, 53, 57, 67, 70, 75, 77, 79]
Bonus: 24
Mean: 42.85
Std_dev: 24.286177571874738
Variance: 589.8184210526316
Median: 45.5
Avg Distance: 3.789473684210526
2019-03-14 2479162
Spots:
[6, 9, 10, 13, 15, 18, 22, 26, 41, 44, 46, 48, 52, 59, 60, 63, 68, 74, 78, 80]
Bonus: 6
Mean: 41.6
Std_dev: 24.982941548605773
Variance: 624.1473684210526
Median: 45.0
Avg Distance: 3.8947368421052633
2019-03-14 2479163
Spots:
[1, 2, 6, 12, 18, 20, 24, 26, 32, 40, 43, 47, 49, 53, 54, 57, 58, 68, 76, 79]
Bonus: 68
Mean: 38.25
Std_dev: 24.019454834078058
Variance: 576.9342105263158
Median: 41.5
Avg Distance: 4.105263157894737
2019-03-14 2479164
Spots:
[1, 7, 8, 22, 27, 33, 35, 37, 38, 40, 54, 57, 62, 67, 69, 73, 74, 75, 78, 79]
Bonus: 75
Mean: 46.8
Std_dev: 25.40534547978768
Variance: 645.4315789473684
Median: 47.0
Avg Distance: 4.105263157894737
2019-03-14 2479165
Spots:
[4, 9, 13, 24, 25, 31, 34, 35, 44, 47, 57, 58, 59, 61, 66, 71, 73, 75, 77, 80]
Bonus: 75
Mean: 47.15
Std_dev: 24.04661044064653
Variance: 578.2394736842106
Median: 52.0
Avg Distance: 4.0
2019-03-14 2479166
Spots:
[1, 2, 14, 15, 20, 34, 35, 40, 42, 45, 46, 48, 53, 55, 59, 62, 67, 70, 72, 77]
Bonus: 45
Mean: 42.85
Std_dev: 22.889379288450055
Variance: 523.9236842105263
Median: 45.5
Avg Distance: 4.0
2019-03-14 2479167
Spots:
[1, 14, 16, 19, 24, 29, 30, 40, 51, 52, 53, 55, 59, 61, 65, 66, 69, 70, 72, 73]
Bonus: 30
Mean: 45.95
Std_dev: 22.476830175468294
Variance: 505.2078947368421
Median: 52.5
Avg Distance: 3.789473684210526
2019-03-14 2479168
Spots:
[6, 10, 17, 18, 22, 26, 32, 33, 34, 38, 43, 45, 49, 54, 55, 58, 64, 65, 67, 75]
Bonus: 64
Mean: 40.55
Std_dev: 20.19764186339844
Variance: 407.94473684210527
Median: 40.5
Avg Distance: 3.6315789473684212
2019-03-14 2479169
Spots:
[9, 13, 14, 18, 19, 23, 25, 30, 34, 35, 36, 39, 43, 47, 48, 50, 58, 65, 75, 79]
Bonus: 75
Mean: 38
Std_dev: 20.2874085917453
Variance: 411.57894736842104
Median: 35.5
Avg Distance: 3.6842105263157894
2019-03-14 2479170
Spots:
[4, 5, 6, 7, 10, 16, 20, 23, 24, 29, 36, 43, 44, 45, 50, 51, 55, 59, 69, 72]
Bonus: 69
Mean: 33.4
Std_dev: 21.97462651619626
Variance: 482.88421052631577
Median: 32.5
Avg Distance: 3.5789473684210527
2019-03-14 2479171
Spots:
[2, 7, 10, 11, 12, 14, 22, 28, 33, 34, 37, 44, 51, 58, 59, 65, 69, 73, 75, 79]
Bonus: 65
Mean: 39.15
Std_dev: 25.551341503560607
Variance: 652.8710526315789
Median: 35.5
Avg Distance: 4.052631578947368
2019-03-14 2479172
Spots:
[6, 8, 10, 16, 20, 21, 22, 24, 25, 26, 33, 36, 41, 48, 50, 53, 58, 60, 62, 78]
Bonus: 25
Mean: 34.85
Std_dev: 20.44060715958877
Variance: 417.8184210526316
Median: 29.5
Avg Distance: 3.789473684210526
2019-03-14 2479173
Spots:
[5, 11, 12, 18, 22, 26, 27, 29, 30, 35, 39, 40, 46, 50, 55, 63, 67, 72, 74, 80]
Bonus: 11
Mean: 40.05
Std_dev: 22.55863704356178
Variance: 508.8921052631579
Median: 37.0
Avg Distance: 3.9473684210526314
2019-03-14 2479174
Spots:
[10, 12, 13, 18, 25, 37, 40, 45, 50, 54, 55, 59, 66, 69, 72, 73, 74, 77, 78, 80]
Bonus: 72
Mean: 50.35
Std_dev: 24.16451291068219
Variance: 583.9236842105263
Median: 54.5
Avg Distance: 3.6842105263157894
2019-03-14 2479175
Spots:
[7, 8, 11, 14, 21, 24, 26, 29, 43, 48, 54, 55, 57, 60, 61, 62, 64, 69, 72, 77]
Bonus: 69
Mean: 43.1
Std_dev: 23.271622656201515
Variance: 541.5684210526316
Median: 51.0
Avg Distance: 3.6842105263157894
2019-03-14 2479176
Spots:
[2, 6, 8, 11, 12, 13, 21, 22, 27, 32, 36, 44, 49, 56, 60, 68, 71, 73, 75, 80]
Bonus: 56
Mean: 38.3
Std_dev: 26.42387277882595
Variance: 698.2210526315789
Median: 34.0
Avg Distance: 4.105263157894737
2019-03-14 2479177
Spots:
[4, 9, 15, 16, 20, 24, 29, 31, 33, 34, 45, 50, 55, 58, 59, 62, 64, 72, 74, 79]
Bonus: 34
Mean: 41.65
Std_dev: 23.104510837770004
Variance: 533.8184210526316
Median: 39.5
Avg Distance: 3.9473684210526314
2019-03-14 2479178
Spots:
[3, 4, 5, 12, 14, 20, 24, 31, 36, 43, 45, 47, 48, 53, 58, 60, 69, 71, 73, 80]
Bonus: 60
Mean: 39.8
Std_dev: 24.74416464968107
Variance: 612.2736842105263
Median: 44.0
Avg Distance: 4.052631578947368
2019-03-14 2479179
Spots:
[2, 3, 4, 7, 17, 19, 25, 26, 31, 32, 38, 46, 49, 50, 55, 59, 73, 74, 79, 80]
Bonus: 49
Mean: 38.45
Std_dev: 26.015127178341128
Variance: 676.7868421052632
Median: 35.0
Avg Distance: 4.105263157894737
2019-03-14 2479180
Spots:
[2, 9, 10, 14, 15, 18, 20, 22, 23, 26, 33, 44, 52, 63, 67, 71, 72, 73, 74, 77]
Bonus: 73
Mean: 39.25
Std_dev: 26.51092128479169
Variance: 702.828947368421
Median: 29.5
Avg Distance: 3.9473684210526314
2019-03-14 2479181
Spots:
[4, 5, 8, 20, 23, 24, 25, 26, 27, 31, 36, 42, 52, 59, 60, 62, 67, 68, 72, 80]
Bonus: 59
Mean: 39.55
Std_dev: 23.734219133873708
Variance: 563.3131578947368
Median: 33.5
Avg Distance: 4.0
2019-03-14 2479182
Spots:
[4, 8, 15, 16, 17, 24, 27, 28, 42, 43, 47, 52, 53, 59, 60, 62, 66, 73, 77, 79]
Bonus: 17
Mean: 42.6
Std_dev: 23.7960633630638
Variance: 566.2526315789473
Median: 45.0
Avg Distance: 3.9473684210526314
2019-03-14 2479183
Spots:
[5, 9, 11, 13, 18, 20, 22, 24, 30, 37, 38, 42, 43, 57, 62, 63, 70, 74, 76, 78]
Bonus: 20
Mean: 39.6
Std_dev: 24.538691253224012
Variance: 602.1473684210526
Median: 37.5
Avg Distance: 3.8421052631578947
2019-03-14 2479184
Spots:
[1, 4, 11, 19, 27, 29, 32, 36, 37, 42, 49, 52, 57, 61, 62, 67, 68, 72, 77, 80]
Bonus: 37
Mean: 44.15
Std_dev: 24.151441059762
Variance: 583.2921052631579
Median: 45.5
Avg Distance: 4.157894736842105
2019-03-14 2479185
Spots:
[1, 6, 7, 15, 18, 19, 21, 25, 26, 29, 36, 41, 42, 46, 54, 64, 66, 67, 73, 80]
Bonus: 25
Mean: 36.8
Std_dev: 23.99254270108022
Variance: 575.6421052631579
Median: 32.5
Avg Distance: 4.157894736842105
2019-03-14 2479186
Spots:
[3, 8, 15, 18, 24, 29, 30, 32, 35, 36, 38, 39, 40, 43, 52, 54, 57, 59, 74, 76]
Bonus: 29
Mean: 38.1
Std_dev: 19.82528953794012
Variance: 393.0421052631579
Median: 37.0
Avg Distance: 3.8421052631578947
2019-03-14 2479187
Spots:
[2, 5, 7, 12, 14, 27, 29, 34, 36, 37, 41, 44, 47, 51, 57, 67, 70, 73, 75, 79]
Bonus: 2
Mean: 40.35
Std_dev: 24.60910186774077
Variance: 605.6078947368421
Median: 39.0
Avg Distance: 4.052631578947368
2019-03-14 2479188
Spots:
[4, 5, 7, 9, 13, 19, 20, 26, 28, 29, 34, 35, 49, 50, 53, 55, 56, 59, 66, 69]
Bonus: 56
Mean: 34.3
Std_dev: 21.425759213963385
Variance: 459.06315789473683
Median: 31.5
Avg Distance: 3.4210526315789473
2019-03-14 2479189
Spots:
[3, 6, 16, 17, 24, 26, 29, 31, 32, 33, 38, 42, 47, 54, 55, 56, 67, 70, 72, 75]
Bonus: 6
Mean: 39.65
Std_dev: 21.772205845261087
Variance: 474.02894736842103
Median: 35.5
Avg Distance: 3.789473684210526
2019-03-14 2479190
Spots:
[8, 15, 20, 23, 25, 30, 32, 41, 46, 48, 50, 51, 54, 58, 65, 66, 72, 73, 75, 79]
Bonus: 50
Mean: 46.55
Std_dev: 21.607686254274377
Variance: 466.8921052631579
Median: 49.0
Avg Distance: 3.736842105263158
2019-03-14 2479191
Spots:
[3, 5, 12, 17, 19, 23, 26, 34, 37, 40, 41, 42, 49, 51, 60, 70, 72, 73, 76, 77]
Bonus: 41
Mean: 41.35
Std_dev: 24.199336659025224
Variance: 585.6078947368421
Median: 40.5
Avg Distance: 3.8947368421052633
2019-03-14 2479192
Spots:
[9, 12, 14, 15, 18, 20, 23, 24, 35, 38, 45, 50, 52, 62, 63, 67, 68, 70, 71, 78]
Bonus: 70
Mean: 41.7
Std_dev: 23.559778392309568
Variance: 555.0631578947368
Median: 41.5
Avg Distance: 3.6315789473684212
2019-03-14 2479193
Spots:
[7, 8, 9, 12, 14, 15, 20, 23, 25, 29, 31, 36, 41, 43, 51, 52, 54, 62, 64, 67]
Bonus: 20
Mean: 33.15
Std_dev: 20.016506346407944
Variance: 400.66052631578947
Median: 30.0
Avg Distance: 3.1578947368421053
2019-03-14 2479194
Spots:
[2, 9, 11, 15, 22, 26, 28, 31, 33, 36, 44, 46, 49, 61, 62, 65, 67, 68, 77, 79]
Bonus: 2
Mean: 41.55
Std_dev: 23.75195282830224
Variance: 564.1552631578948
Median: 40.0
Avg Distance: 4.052631578947368
2019-03-14 2479195
Spots:
[1, 3, 6, 7, 18, 25, 26, 35, 38, 39, 42, 48, 50, 57, 58, 67, 70, 75, 76, 77]
Bonus: 3
Mean: 40.9
Std_dev: 25.499019588995967
Variance: 650.2
Median: 40.5
Avg Distance: 4.0
2019-03-14 2479196
Spots:
[4, 6, 9, 12, 17, 24, 28, 31, 32, 37, 38, 39, 40, 44, 52, 53, 62, 65, 67, 71]
Bonus: 52
Mean: 36.55
Std_dev: 20.74272224940086
Variance: 430.2605263157895
Median: 37.5
Avg Distance: 3.526315789473684
2019-03-14 2479197
Spots:
[9, 12, 13, 18, 21, 27, 29, 30, 34, 35, 40, 41, 46, 51, 53, 60, 64, 65, 69, 70]
Bonus: 40
Mean: 39.35
Std_dev: 19.775782638049208
Variance: 391.0815789473684
Median: 37.5
Avg Distance: 3.210526315789474
2019-03-14 2479198
Spots:
[5, 11, 17, 18, 22, 25, 30, 32, 33, 34, 39, 40, 44, 49, 53, 55, 66, 68, 72, 79]
Bonus: 17
Mean: 39.6
Std_dev: 20.989721795503428
Variance: 440.5684210526316
Median: 36.5
Avg Distance: 3.8947368421052633
2019-03-14 2479199
Spots:
[10, 12, 14, 16, 21, 25, 27, 31, 34, 43, 45, 46, 47, 48, 52, 54, 65, 71, 72, 79]
Bonus: 71
Mean: 40.6
Std_dev: 21.094773610641347
Variance: 444.9894736842105
Median: 44.0
Avg Distance: 3.6315789473684212
2019-03-14 2479200
Spots:
[1, 4, 5, 13, 16, 20, 21, 35, 40, 48, 50, 51, 52, 54, 55, 58, 60, 61, 64, 69]
Bonus: 61
Mean: 38.85
Std_dev: 22.406002485236428
Variance: 502.02894736842103
Median: 49.0
Avg Distance: 3.5789473684210527
2019-03-14 2479201
Spots:
[6, 9, 11, 26, 28, 35, 38, 41, 42, 44, 46, 50, 55, 56, 62, 64, 69, 72, 73, 77]
Bonus: 28
Mean: 45.2
Std_dev: 21.529905761643807
Variance: 463.53684210526313
Median: 45.0
Avg Distance: 3.736842105263158
2019-03-14 2479202
Spots:
[3, 6, 10, 14, 24, 25, 27, 30, 32, 35, 36, 37, 40, 51, 60, 63, 74, 75, 76, 77]
Bonus: 36
Mean: 39.75
Std_dev: 24.126585031105375
Variance: 582.0921052631579
Median: 35.5
Avg Distance: 3.8947368421052633
2019-03-14 2479203
Spots:
[9, 16, 17, 18, 19, 20, 21, 22, 31, 34, 45, 47, 48, 55, 56, 59, 60, 62, 64, 67]
Bonus: 17
Mean: 38.5
Std_dev: 19.624099040666675
Variance: 385.10526315789474
Median: 39.5
Avg Distance: 3.0526315789473686
2019-03-14 2479204
Spots:
[3, 6, 11, 16, 19, 21, 23, 24, 28, 29, 36, 42, 45, 47, 54, 56, 58, 66, 73, 77]
Bonus: 6
Mean: 36.7
Std_dev: 22.17181710379667
Variance: 491.58947368421053
Median: 32.5
Avg Distance: 3.8947368421052633
2019-03-14 2479205
Spots:
[4, 6, 11, 13, 18, 24, 28, 31, 36, 40, 47, 51, 56, 57, 64, 71, 72, 75, 76, 78]
Bonus: 11
Mean: 42.9
Std_dev: 25.21048236453701
Variance: 635.5684210526316
Median: 43.5
Avg Distance: 3.8947368421052633
2019-03-14 2479206
Spots:
[1, 2, 5, 13, 22, 24, 27, 28, 30, 36, 39, 42, 49, 53, 56, 61, 65, 66, 68, 80]
Bonus: 65
Mean: 38.35
Std_dev: 23.51992436436102
Variance: 553.1868421052632
Median: 37.5
Avg Distance: 4.157894736842105
2019-03-14 2479207
Spots:
[3, 4, 8, 13, 17, 18, 27, 30, 33, 41, 46, 48, 49, 50, 60, 63, 65, 70, 71, 76]
Bonus: 3
Mean: 39.6
Std_dev: 23.77393530739074
Variance: 565.2
Median: 43.5
Avg Distance: 3.8421052631578947
2019-03-14 2479208
Spots:
[2, 3, 4, 6, 8, 9, 10, 17, 18, 19, 20, 28, 29, 44, 61, 62, 67, 75, 76, 77]
Bonus: 29
Mean: 31.75
Std_dev: 27.594574218780572
Variance: 761.4605263157895
Median: 19.5
Avg Distance: 3.9473684210526314
2019-03-14 2479209
Spots:
[2, 6, 14, 17, 24, 27, 28, 30, 32, 38, 39, 41, 43, 45, 55, 58, 59, 70, 73, 79]
Bonus: 30
Mean: 39
Std_dev: 21.73767043152218
Variance: 472.5263157894737
Median: 38.5
Avg Distance: 4.052631578947368
2019-03-14 2479210
Spots:
[1, 3, 5, 6, 7, 12, 16, 17, 29, 31, 41, 45, 49, 51, 54, 56, 63, 69, 76, 78]
Bonus: 41
Mean: 35.45
Std_dev: 25.982737184117983
Variance: 675.1026315789474
Median: 36.0
Avg Distance: 4.052631578947368
2019-03-14 2479211
Spots:
[1, 12, 15, 18, 22, 23, 25, 33, 36, 38, 39, 41, 44, 47, 54, 58, 61, 63, 68, 73]
Bonus: 44
Mean: 38.55
Std_dev: 20.14284514477326
Variance: 405.7342105263158
Median: 38.5
Avg Distance: 3.789473684210526
2019-03-14 2479212
Spots:
[2, 7, 8, 10, 13, 18, 20, 21, 28, 34, 39, 40, 42, 43, 49, 51, 55, 65, 69, 77]
Bonus: 43
Mean: 34.55
Std_dev: 22.11566484596263
Variance: 489.10263157894735
Median: 36.5
Avg Distance: 3.9473684210526314
2019-03-14 2479213
Spots:
[1, 6, 8, 11, 15, 18, 21, 22, 24, 28, 29, 36, 38, 39, 51, 53, 54, 56, 61, 78]
Bonus: 21
Mean: 32.45
Std_dev: 20.982386096814384
Variance: 440.2605263157895
Median: 28.5
Avg Distance: 4.052631578947368
2019-03-14 2479214
Spots:
[3, 6, 9, 18, 22, 24, 28, 29, 31, 35, 39, 50, 59, 65, 68, 69, 70, 74, 78, 79]
Bonus: 29
Mean: 42.8
Std_dev: 25.646585901851587
Variance: 657.7473684210527
Median: 37.0
Avg Distance: 4.0
2019-03-14 2479215
Spots:
[3, 12, 16, 18, 21, 30, 32, 34, 36, 40, 45, 47, 49, 56, 57, 59, 63, 75, 78, 80]
Bonus: 56
Mean: 42.55
Std_dev: 22.382970500383827
Variance: 500.9973684210526
Median: 42.5
Avg Distance: 4.052631578947368
2019-03-14 2479216
Spots:
[4, 6, 8, 11, 12, 13, 14, 18, 22, 25, 26, 27, 37, 46, 53, 57, 60, 62, 72, 74]
Bonus: 57
Mean: 32.35
Std_dev: 23.283775693094018
Variance: 542.1342105263158
Median: 25.5
Avg Distance: 3.6842105263157894
2019-03-14 2479217
Spots:
[3, 4, 7, 15, 18, 20, 27, 28, 29, 33, 38, 41, 46, 49, 53, 68, 69, 73, 76, 79]
Bonus: 27
Mean: 38.8
Std_dev: 24.64399147438324
Variance: 607.3263157894737
Median: 35.5
Avg Distance: 4.0
2019-03-14 2479218
Spots:
[3, 11, 13, 20, 21, 25, 27, 30, 33, 41, 46, 48, 56, 59, 60, 64, 68, 69, 72, 76]
Bonus: 76
Mean: 42.1
Std_dev: 22.703813730180592
Variance: 515.4631578947368
Median: 43.5
Avg Distance: 3.8421052631578947
2019-03-14 2479219
Spots:
[7, 9, 14, 16, 28, 29, 32, 36, 41, 42, 43, 45, 46, 47, 48, 50, 58, 65, 70, 80]
Bonus: 42
Mean: 40.3
Std_dev: 19.711337907541008
Variance: 388.53684210526313
Median: 42.5
Avg Distance: 3.8421052631578947
2019-03-14 2479220
Spots:
[3, 8, 14, 15, 18, 20, 22, 25, 28, 33, 34, 39, 40, 42, 43, 44, 58, 68, 71, 78]
Bonus: 71
Mean: 35.15
Std_dev: 21.06200120446398
Variance: 443.6078947368421
Median: 33.5
Avg Distance: 3.9473684210526314
2019-03-14 2479221
Spots:
[3, 5, 6, 10, 13, 15, 17, 18, 19, 20, 28, 32, 39, 47, 56, 63, 64, 70, 77, 79]
Bonus: 39
Mean: 34.05
Std_dev: 25.709869086034892
Variance: 660.9973684210527
Median: 24.0
Avg Distance: 4.0
2019-03-14 2479222
Spots:
[4, 9, 12, 21, 25, 26, 30, 34, 36, 40, 42, 50, 51, 53, 57, 59, 60, 61, 63, 71]
Bonus: 26
Mean: 40.2
Std_dev: 19.667231630303235
Variance: 386.8
Median: 41.0
Avg Distance: 3.526315789473684
2019-03-14 2479223
Spots:
[2, 8, 9, 26, 27, 28, 30, 46, 50, 51, 54, 57, 58, 59, 60, 66, 68, 69, 75, 77]
Bonus: 58
Mean: 46
Std_dev: 22.987410742221034
Variance: 528.421052631579
Median: 52.5
Avg Distance: 3.9473684210526314
2019-03-14 2479224
Spots:
[1, 3, 9, 10, 11, 18, 23, 28, 29, 32, 40, 52, 53, 57, 61, 70, 71, 75, 78, 79]
Bonus: 40
Mean: 40
Std_dev: 26.938526509932124
Variance: 725.6842105263158
Median: 36.0
Avg Distance: 4.105263157894737
2019-03-14 2479225
Spots:
[4, 5, 7, 8, 20, 24, 25, 31, 36, 38, 42, 43, 44, 45, 47, 48, 57, 68, 77, 78]
Bonus: 77
Mean: 37.35
Std_dev: 22.39425443230802
Variance: 501.5026315789474
Median: 40.0
Avg Distance: 3.8947368421052633
2019-03-14 2479226
Spots:
[1, 5, 10, 12, 13, 15, 17, 18, 20, 23, 38, 39, 54, 58, 64, 65, 69, 71, 78, 80]
Bonus: 20
Mean: 37.5
Std_dev: 27.079804088539564
Variance: 733.3157894736842
Median: 30.5
Avg Distance: 4.157894736842105
2019-03-14 2479227
Spots:
[8, 10, 13, 16, 18, 21, 24, 40, 41, 42, 44, 46, 57, 63, 64, 65, 68, 70, 71, 77]
Bonus: 65
Mean: 42.9
Std_dev: 23.228612120672032
Variance: 539.5684210526316
Median: 43.0
Avg Distance: 3.6315789473684212
2019-03-14 2479228
Spots:
[4, 11, 14, 18, 19, 28, 33, 34, 36, 45, 46, 48, 56, 57, 60, 61, 70, 75, 79, 80]
Bonus: 61
Mean: 43.7
Std_dev: 23.470249925787908
Variance: 550.8526315789474
Median: 45.5
Avg Distance: 4.0
2019-03-14 2479229
Spots:
[3, 7, 8, 9, 15, 22, 24, 26, 28, 34, 37, 41, 46, 49, 51, 53, 54, 57, 68, 75]
Bonus: 51
Mean: 35.35
Std_dev: 21.154258001143585
Variance: 447.50263157894733
Median: 35.5
Avg Distance: 3.789473684210526
2019-03-14 2479230
Spots:
[1, 4, 5, 7, 15, 17, 23, 27, 28, 31, 43, 44, 48, 49, 50, 54, 55, 76, 78, 80]
Bonus: 54
Mean: 36.75
Std_dev: 24.9079885726817
Variance: 620.4078947368421
Median: 37.0
Avg Distance: 4.157894736842105
2019-03-14 2479231
Spots:
[1, 2, 13, 16, 24, 26, 31, 34, 37, 44, 45, 49, 55, 57, 62, 67, 69, 70, 71, 78]
Bonus: 31
Mean: 42.55
Std_dev: 23.74530424492831
Variance: 563.8394736842105
Median: 44.5
Avg Distance: 4.052631578947368
2019-03-14 2479232
Spots:
[2, 5, 7, 17, 18, 31, 35, 40, 41, 42, 47, 55, 64, 66, 68, 69, 70, 71, 77, 80]
Bonus: 64
Mean: 45.25
Std_dev: 25.45558567594278
Variance: 647.9868421052631
Median: 44.5
Avg Distance: 4.105263157894737
2019-03-14 2479233
Spots:
[1, 3, 14, 19, 25, 27, 29, 38, 42, 44, 47, 48, 50, 51, 54, 55, 57, 60, 63, 76]
Bonus: 19
Mean: 40.15
Std_dev: 20.280337898150464
Variance: 411.2921052631579
Median: 45.5
Avg Distance: 3.9473684210526314
2019-03-14 2479234
Spots:
[3, 15, 19, 28, 35, 38, 40, 42, 44, 47, 48, 56, 59, 60, 63, 64, 69, 71, 72, 76]
Bonus: 28
Mean: 47.45
Std_dev: 20.358562145485102
Variance: 414.47105263157897
Median: 47.5
Avg Distance: 3.8421052631578947
2019-03-14 2479235
Spots:
[2, 6, 9, 10, 13, 17, 19, 30, 35, 36, 41, 48, 54, 57, 59, 62, 69, 71, 74, 80]
Bonus: 62
Mean: 39.6
Std_dev: 25.39249785602868
Variance: 644.7789473684211
Median: 38.5
Avg Distance: 4.105263157894737
2019-03-14 2479236
Spots:
[6, 7, 13, 14, 21, 25, 28, 29, 34, 41, 42, 43, 44, 45, 48, 50, 52, 56, 62, 74]
Bonus: 34
Mean: 36.7
Std_dev: 18.60701622054377
Variance: 346.2210526315789
Median: 41.5
Avg Distance: 3.5789473684210527
2019-03-14 2479237
Spots:
[1, 3, 6, 10, 11, 17, 19, 21, 32, 40, 45, 46, 50, 51, 54, 58, 63, 66, 76, 77]
Bonus: 1
Mean: 37.3
Std_dev: 24.823800124710537
Variance: 616.2210526315789
Median: 42.5
Avg Distance: 4.0
2019-03-14 2479238
Spots:
[12, 14, 18, 22, 26, 33, 34, 35, 39, 41, 43, 45, 49, 52, 54, 55, 56, 58, 68, 77]
Bonus: 77
Mean: 41.55
Std_dev: 17.68280461203393
Variance: 312.6815789473684
Median: 42.0
Avg Distance: 3.4210526315789473
2019-03-14 2479239
Spots:
[2, 7, 8, 9, 17, 20, 23, 28, 31, 34, 53, 56, 62, 63, 65, 66, 67, 68, 72, 73]
Bonus: 20
Mean: 41.2
Std_dev: 25.477750871568006
Variance: 649.1157894736842
Median: 43.5
Avg Distance: 3.736842105263158
2019-03-14 2479240
Spots:
[5, 17, 19, 21, 26, 31, 34, 35, 38, 40, 43, 49, 53, 55, 57, 61, 65, 67, 69, 79]
Bonus: 79
Mean: 43.2
Std_dev: 20.030503054880548
Variance: 401.22105263157897
Median: 41.5
Avg Distance: 3.8947368421052633
2019-03-14 2479241
Spots:
[2, 9, 23, 24, 25, 36, 40, 41, 50, 51, 53, 56, 60, 62, 63, 64, 65, 67, 69, 80]
Bonus: 2
Mean: 47
Std_dev: 21.327027576836812
Variance: 454.8421052631579
Median: 52.0
Avg Distance: 4.105263157894737
2019-03-14 2479242
Spots:
[4, 7, 14, 15, 30, 31, 37, 46, 49, 51, 52, 53, 54, 64, 68, 70, 71, 72, 75, 80]
Bonus: 64
Mean: 47.15
Std_dev: 23.698267758147264
Variance: 561.6078947368421
Median: 51.5
Avg Distance: 4.0
2019-03-14 2479243
Spots:
[4, 5, 10, 12, 15, 23, 29, 31, 32, 33, 35, 36, 38, 41, 45, 51, 54, 64, 67, 74]
Bonus: 10
Mean: 34.95
Std_dev: 20.22628565948151
Variance: 409.10263157894735
Median: 34.0
Avg Distance: 3.6842105263157894
2019-03-14 2479244
Spots:
[1, 3, 5, 6, 7, 18, 20, 28, 30, 39, 43, 49, 53, 57, 61, 62, 64, 66, 71, 79]
Bonus: 39
Mean: 38.1
Std_dev: 25.776161977994114
Variance: 664.4105263157895
Median: 41.0
Avg Distance: 4.105263157894737
2019-03-14 2479245
Spots:
[5, 10, 14, 23, 34, 36, 38, 45, 46, 48, 52, 53, 54, 57, 61, 62, 63, 65, 74, 77]
Bonus: 23
Mean: 45.85
Std_dev: 20.504877468543917
Variance: 420.45
Median: 50.0
Avg Distance: 3.789473684210526
2019-03-14 2479246
Spots:
[2, 6, 8, 11, 12, 13, 14, 23, 25, 28, 29, 30, 38, 45, 53, 54, 63, 66, 73, 79]
Bonus: 13
Mean: 33.6
Std_dev: 23.97674311757783
Variance: 574.8842105263158
Median: 28.5
Avg Distance: 4.052631578947368
2019-03-14 2479247
Spots:
[6, 10, 12, 17, 18, 23, 31, 41, 48, 50, 52, 55, 56, 61, 63, 65, 66, 71, 74, 75]
Bonus: 55
Mean: 44.7
Std_dev: 23.151901138260534
Variance: 536.0105263157894
Median: 51.0
Avg Distance: 3.6315789473684212
2019-03-14 2479248
Spots:
[2, 8, 10, 11, 14, 18, 21, 22, 26, 30, 33, 40, 56, 58, 59, 60, 62, 67, 73, 74]
Bonus: 60
Mean: 37.2
Std_dev: 24.106343345138107
Variance: 581.1157894736842
Median: 31.5
Avg Distance: 3.789473684210526
2019-03-14 2479249
Spots:
[2, 4, 6, 7, 8, 13, 14, 18, 22, 31, 35, 43, 45, 46, 51, 56, 65, 66, 79, 80]
Bonus: 8
Mean: 34.55
Std_dev: 25.75486668369178
Variance: 663.3131578947368
Median: 33.0
Avg Distance: 4.105263157894737
2019-03-14 2479250
Spots:
[7, 9, 12, 25, 28, 29, 35, 36, 37, 38, 39, 41, 42, 44, 53, 55, 62, 67, 73, 75]
Bonus: 44
Mean: 40.35
Std_dev: 19.626177470543343
Variance: 385.18684210526317
Median: 38.5
Avg Distance: 3.5789473684210527
2019-03-14 2479251
Spots:
[1, 6, 12, 16, 17, 22, 23, 27, 31, 38, 39, 40, 46, 53, 54, 58, 61, 63, 70, 73]
Bonus: 61
Mean: 37.5
Std_dev: 21.755821967319097
Variance: 473.3157894736842
Median: 38.5
Avg Distance: 3.789473684210526
2019-03-14 2479252
Spots:
[5, 12, 19, 21, 30, 32, 33, 35, 36, 37, 38, 42, 45, 46, 50, 55, 57, 73, 74, 79]
Bonus: 57
Mean: 40.95
Std_dev: 19.874540709688176
Variance: 394.9973684210526
Median: 37.5
Avg Distance: 3.8947368421052633
2019-03-14 2479253
Spots:
[3, 8, 12, 16, 18, 19, 21, 27, 30, 38, 44, 45, 46, 49, 51, 55, 62, 66, 73, 80]
Bonus: 8
Mean: 38.15
Std_dev: 22.474020088701717
Variance: 505.0815789473684
Median: 41.0
Avg Distance: 4.052631578947368
2019-03-14 2479254
Spots:
[2, 7, 8, 10, 20, 21, 22, 26, 30, 35, 38, 44, 50, 51, 58, 63, 74, 76, 77, 79]
Bonus: 10
Mean: 39.55
Std_dev: 25.43821203581233
Variance: 647.1026315789474
Median: 36.5
Avg Distance: 4.052631578947368
2019-03-14 2479255
Spots:
[3, 7, 8, 9, 17, 24, 27, 30, 32, 35, 36, 37, 44, 45, 58, 64, 71, 72, 74, 79]
Bonus: 36
Mean: 38.6
Std_dev: 24.251749801221614
Variance: 588.1473684210526
Median: 35.5
Avg Distance: 4.0
2019-03-14 2479256
Spots:
[9, 11, 16, 19, 27, 32, 37, 39, 42, 46, 48, 51, 53, 55, 57, 60, 64, 65, 76, 78]
Bonus: 48
Mean: 44.25
Std_dev: 20.45502125975043
Variance: 418.4078947368421
Median: 47.0
Avg Distance: 3.6315789473684212
2019-03-14 2479257
Spots:
[1, 5, 11, 12, 19, 21, 23, 35, 40, 42, 51, 54, 57, 62, 68, 71, 73, 74, 78, 79]
Bonus: 79
Mean: 43.8
Std_dev: 26.40494371574344
Variance: 697.2210526315789
Median: 46.5
Avg Distance: 4.105263157894737
2019-03-14 2479258
Spots:
[1, 3, 5, 6, 8, 16, 17, 22, 29, 30, 34, 41, 43, 44, 50, 58, 62, 65, 67, 70]
Bonus: 43
Mean: 33.55
Std_dev: 23.324879420910197
Variance: 544.05
Median: 32.0
Avg Distance: 3.6315789473684212
2019-03-14 2479259
Spots:
[1, 2, 7, 10, 15, 20, 24, 26, 28, 31, 38, 42, 48, 50, 53, 61, 71, 77, 78, 79]
Bonus: 26
Mean: 38.05
Std_dev: 25.809983788408214
Variance: 666.1552631578948
Median: 34.5
Avg Distance: 4.105263157894737
2019-03-14 2479260
Spots:
[1, 4, 6, 7, 21, 30, 31, 33, 36, 37, 44, 46, 47, 53, 56, 65, 66, 72, 78, 79]
Bonus: 78
Mean: 40.6
Std_dev: 24.587973097688057
Variance: 604.5684210526316
Median: 40.5
Avg Distance: 4.105263157894737
2019-03-14 2479261
Spots:
[7, 8, 9, 11, 12, 13, 16, 27, 30, 31, 32, 38, 40, 47, 51, 63, 65, 68, 75, 77]
Bonus: 77
Mean: 36
Std_dev: 23.84599712629708
Variance: 568.6315789473684
Median: 31.5
Avg Distance: 3.6842105263157894
2019-03-14 2479262
Spots:
[2, 7, 9, 12, 15, 21, 25, 35, 36, 37, 38, 43, 44, 46, 49, 51, 61, 63, 75, 79]
Bonus: 75
Mean: 37.4
Std_dev: 22.227057953385508
Variance: 494.0421052631579
Median: 37.5
Avg Distance: 4.052631578947368
2019-03-14 2479263
Spots:
[1, 4, 7, 16, 21, 25, 28, 32, 33, 35, 49, 50, 52, 55, 58, 59, 63, 64, 67, 80]
Bonus: 50
Mean: 39.95
Std_dev: 22.96330023961575
Variance: 527.3131578947368
Median: 42.0
Avg Distance: 4.157894736842105
2019-03-14 2479264
Spots:
[7, 10, 12, 19, 20, 26, 27, 31, 37, 47, 53, 55, 56, 57, 65, 68, 69, 74, 77, 78]
Bonus: 56
Mean: 44.4
Std_dev: 23.939397169563506
Variance: 573.0947368421052
Median: 50.0
Avg Distance: 3.736842105263158
2019-03-14 2479265
Spots:
[2, 3, 4, 8, 10, 15, 27, 29, 36, 39, 48, 49, 50, 54, 57, 61, 64, 69, 72, 74]
Bonus: 61
Mean: 38.55
Std_dev: 24.805506604275124
Variance: 615.3131578947368
Median: 43.5
Avg Distance: 3.789473684210526
2019-03-14 2479266
Spots:
[7, 12, 14, 17, 19, 32, 37, 41, 42, 46, 47, 48, 50, 54, 55, 62, 63, 65, 69, 72]
Bonus: 37
Mean: 42.6
Std_dev: 20.045737176451468
Variance: 401.8315789473684
Median: 46.5
Avg Distance: 3.4210526315789473
2019-03-14 2479267
Spots:
[2, 4, 6, 10, 12, 23, 28, 31, 41, 46, 48, 50, 53, 54, 59, 63, 64, 65, 66, 68]
Bonus: 2
Mean: 39.65
Std_dev: 23.179562231913653
Variance: 537.2921052631579
Median: 47.0
Avg Distance: 3.473684210526316
2019-03-14 2479268
Spots:
[2, 4, 8, 20, 25, 31, 34, 36, 41, 42, 45, 49, 52, 55, 60, 61, 65, 71, 73, 78]
Bonus: 41
Mean: 42.6
Std_dev: 22.74203157151973
Variance: 517.2
Median: 43.5
Avg Distance: 4.0
2019-03-14 2479269
Spots:
[3, 4, 5, 6, 8, 11, 14, 16, 18, 29, 36, 37, 39, 48, 55, 57, 66, 72, 74, 77]
Bonus: 16
Mean: 33.75
Std_dev: 25.971391142846716
Variance: 674.5131578947369
Median: 32.5
Avg Distance: 3.8947368421052633
2019-03-14 2479270
Spots:
[9, 19, 24, 26, 33, 39, 43, 45, 47, 51, 54, 55, 58, 59, 64, 66, 72, 73, 74, 80]
Bonus: 24
Mean: 49.55
Std_dev: 19.882483695321792
Variance: 395.31315789473683
Median: 52.5
Avg Distance: 3.736842105263158
2019-03-14 2479271
Spots:
[12, 15, 17, 24, 26, 40, 42, 47, 48, 51, 53, 56, 64, 68, 69, 70, 72, 75, 76, 80]
Bonus: 26
Mean: 50.25
Std_dev: 22.002093201856
Variance: 484.0921052631579
Median: 52.0
Avg Distance: 3.5789473684210527
2019-03-14 2479272
Spots:
[2, 5, 8, 11, 13, 14, 28, 35, 47, 50, 53, 55, 56, 60, 61, 63, 67, 71, 74, 78]
Bonus: 71
Mean: 42.55
Std_dev: 25.584689089169594
Variance: 654.5763157894737
Median: 51.5
Avg Distance: 4.0
2019-03-14 2479273
Spots:
[4, 7, 12, 14, 17, 23, 24, 30, 31, 33, 35, 38, 41, 50, 54, 66, 71, 75, 76, 80]
Bonus: 12
Mean: 39.05
Std_dev: 24.295277860435956
Variance: 590.2605263157894
Median: 34.0
Avg Distance: 4.0
2019-03-14 2479274
Spots:
[1, 17, 18, 23, 27, 33, 34, 35, 37, 38, 39, 48, 51, 54, 57, 58, 66, 68, 70, 77]
Bonus: 70
Mean: 42.55
Std_dev: 20.14284514477326
Variance: 405.7342105263158
Median: 38.5
Avg Distance: 4.0
2019-03-14 2479275
Spots:
[4, 6, 7, 11, 19, 21, 23, 25, 38, 40, 45, 46, 49, 51, 55, 63, 65, 69, 77, 79]
Bonus: 7
Mean: 39.65
Std_dev: 24.140542443650354
Variance: 582.7657894736842
Median: 42.5
Avg Distance: 3.9473684210526314
2019-03-14 2479276
Spots:
[1, 6, 13, 14, 21, 22, 25, 30, 32, 37, 40, 42, 47, 48, 49, 52, 62, 76, 79, 80]
Bonus: 37
Mean: 38.8
Std_dev: 23.372498458883815
Variance: 546.2736842105263
Median: 38.5
Avg Distance: 4.157894736842105
2019-03-14 2479277
Spots:
[2, 9, 11, 19, 21, 27, 30, 40, 43, 46, 47, 48, 51, 53, 58, 61, 64, 71, 74, 75]
Bonus: 46
Mean: 42.5
Std_dev: 22.151392970337458
Variance: 490.6842105263158
Median: 46.5
Avg Distance: 3.8421052631578947
2019-03-14 2479278
Spots:
[8, 10, 13, 21, 25, 31, 35, 36, 37, 38, 43, 44, 50, 53, 56, 67, 69, 73, 77, 80]
Bonus: 25
Mean: 43.3
Std_dev: 22.16469454358725
Variance: 491.2736842105263
Median: 40.5
Avg Distance: 3.789473684210526
2019-03-14 2479279
Spots:
[4, 6, 15, 17, 19, 21, 24, 25, 27, 29, 36, 40, 47, 48, 56, 59, 60, 76, 79, 80]
Bonus: 27
Mean: 38.4
Std_dev: 23.720743753316974
Variance: 562.6736842105263
Median: 32.5
Avg Distance: 4.0
2019-03-14 2479280
Spots:
[3, 6, 8, 11, 12, 15, 19, 22, 23, 30, 32, 42, 46, 50, 55, 57, 63, 67, 77, 80]
Bonus: 11
Mean: 35.9
Std_dev: 24.66811280730012
Variance: 608.5157894736842
Median: 31.0
Avg Distance: 4.052631578947368
2019-03-14 2479281
Spots:
[4, 7, 8, 11, 24, 29, 32, 36, 38, 39, 42, 46, 47, 50, 56, 60, 64, 68, 71, 79]
Bonus: 36
Mean: 40.55
Std_dev: 22.234338071408473
Variance: 494.36578947368423
Median: 40.5
Avg Distance: 3.9473684210526314
2019-03-14 2479282
Spots:
[3, 14, 15, 18, 19, 26, 29, 33, 37, 38, 41, 43, 45, 48, 60, 61, 62, 77, 78, 79]
Bonus: 41
Mean: 41.3
Std_dev: 22.59273287912218
Variance: 510.4315789473684
Median: 39.5
Avg Distance: 4.0
2019-03-14 2479283
Spots:
[3, 4, 7, 16, 24, 25, 28, 35, 40, 48, 49, 50, 51, 54, 56, 58, 62, 70, 72, 80]
Bonus: 62
Mean: 41.6
Std_dev: 23.031785816448032
Variance: 530.4631578947368
Median: 48.5
Avg Distance: 4.052631578947368
2019-03-14 2479284
Spots:
[7, 15, 17, 21, 29, 33, 39, 40, 43, 48, 58, 60, 66, 67, 69, 73, 74, 76, 78, 80]
Bonus: 43
Mean: 49.65
Std_dev: 23.553466612659893
Variance: 554.7657894736842
Median: 53.0
Avg Distance: 3.8421052631578947
2019-03-14 2479285
Spots:
[1, 2, 4, 9, 20, 21, 26, 37, 38, 40, 48, 53, 55, 57, 61, 68, 74, 75, 77, 80]
Bonus: 55
Mean: 42.3
Std_dev: 26.564915524844142
Variance: 705.6947368421053
Median: 44.0
Avg Distance: 4.157894736842105
2019-03-14 2479286
Spots:
[2, 5, 8, 12, 18, 23, 28, 31, 41, 47, 48, 49, 53, 57, 62, 63, 65, 70, 73, 78]
Bonus: 12
Mean: 41.65
Std_dev: 24.218903013098977
Variance: 586.5552631578947
Median: 47.5
Avg Distance: 4.0
2019-03-14 2479287
Spots:
[7, 11, 21, 23, 24, 29, 39, 42, 43, 48, 49, 52, 55, 61, 65, 67, 68, 73, 76, 80]
Bonus: 48
Mean: 46.65
Std_dev: 21.962348163211175
Variance: 482.34473684210525
Median: 48.5
Avg Distance: 3.8421052631578947
2019-03-14 2479288
Spots:
[4, 10, 17, 18, 22, 32, 33, 35, 37, 40, 45, 49, 54, 57, 61, 65, 67, 68, 73, 74]
Bonus: 33
Mean: 43.05
Std_dev: 21.653916626401745
Variance: 468.8921052631579
Median: 42.5
Avg Distance: 3.6842105263157894
2019-03-14 2479289
Spots:
[3, 8, 12, 23, 26, 32, 33, 36, 39, 43, 46, 49, 50, 54, 55, 57, 70, 74, 75, 76]
Bonus: 74
Mean: 43.05
Std_dev: 21.90764106064606
Variance: 479.94473684210527
Median: 44.5
Avg Distance: 3.8421052631578947
2019-03-14 2479290
Spots:
[7, 9, 10, 13, 16, 20, 22, 23, 27, 28, 37, 53, 63, 66, 69, 71, 73, 74, 75, 80]
Bonus: 80
Mean: 41.8
Std_dev: 26.922109872742144
Variance: 724.8
Median: 32.5
Avg Distance: 3.8421052631578947
2019-03-14 2479291
Spots:
[4, 6, 7, 9, 12, 14, 15, 18, 22, 25, 30, 32, 35, 38, 39, 44, 63, 67, 76, 77]
Bonus: 63
Mean: 31.65
Std_dev: 23.349236435165565
Variance: 545.1868421052632
Median: 27.5
Avg Distance: 3.8421052631578947
2019-03-14 2479292
Spots:
[10, 12, 13, 22, 32, 41, 42, 43, 44, 45, 50, 54, 59, 63, 64, 67, 74, 76, 77, 79]
Bonus: 50
Mean: 48.35
Std_dev: 22.117568630056585
Variance: 489.18684210526317
Median: 47.5
Avg Distance: 3.6315789473684212
2019-03-14 2479293
Spots:
[5, 6, 10, 11, 12, 19, 22, 24, 25, 26, 27, 32, 42, 45, 52, 55, 59, 63, 64, 79]
Bonus: 32
Mean: 33.9
Std_dev: 22.030839628503543
Variance: 485.3578947368421
Median: 26.5
Avg Distance: 3.8947368421052633
2019-03-14 2479294
Spots:
[3, 4, 5, 7, 11, 15, 20, 24, 29, 32, 34, 36, 41, 48, 55, 62, 66, 70, 78, 79]
Bonus: 20
Mean: 35.95
Std_dev: 25.46922807914226
Variance: 648.6815789473684
Median: 33.0
Avg Distance: 4.0
2019-03-14 2479295
Spots:
[3, 4, 6, 7, 8, 10, 11, 14, 17, 22, 29, 35, 37, 41, 42, 59, 62, 70, 71, 76]
Bonus: 7
Mean: 31.2
Std_dev: 24.939083678773002
Variance: 621.957894736842
Median: 25.5
Avg Distance: 3.8421052631578947
2019-03-14 2479296
Spots:
[1, 5, 8, 14, 15, 19, 20, 23, 24, 26, 27, 34, 38, 40, 43, 49, 50, 52, 53, 58]
Bonus: 49
Mean: 29.95
Std_dev: 17.273268060030915
Variance: 298.36578947368423
Median: 26.5
Avg Distance: 3.0
2019-03-14 2479297
Spots:
[4, 6, 12, 13, 16, 22, 23, 25, 33, 34, 37, 39, 41, 42, 43, 54, 56, 58, 61, 64]
Bonus: 25
Mean: 34.15
Std_dev: 18.63295044015475
Variance: 347.18684210526317
Median: 35.5
Avg Distance: 3.1578947368421053
2019-03-14 2479298
Spots:
[8, 19, 23, 25, 28, 30, 31, 32, 35, 36, 39, 40, 44, 46, 49, 57, 63, 68, 71, 80]
Bonus: 68
Mean: 41.2
Std_dev: 18.746508446838
Variance: 351.43157894736845
Median: 37.5
Avg Distance: 3.789473684210526
2019-03-14 2479299
Spots:
[2, 4, 6, 22, 26, 29, 35, 43, 45, 47, 54, 55, 56, 60, 61, 64, 70, 74, 75, 77]
Bonus: 75
Mean: 45.25
Std_dev: 23.883213660159768
Variance: 570.4078947368421
Median: 50.5
Avg Distance: 3.9473684210526314
2019-03-14 2479300
Spots:
[1, 7, 11, 13, 17, 19, 20, 24, 26, 31, 42, 44, 45, 46, 48, 50, 55, 58, 63, 69]
Bonus: 1
Mean: 34.45
Std_dev: 20.04068230795601
Variance: 401.62894736842105
Median: 36.5
Avg Distance: 3.5789473684210527
2019-03-14 2479301
Spots:
[5, 7, 9, 14, 16, 18, 21, 27, 29, 32, 36, 38, 43, 55, 57, 58, 59, 64, 69, 77]
Bonus: 7
Mean: 36.7
Std_dev: 22.3867912183196
Variance: 501.1684210526316
Median: 34.0
Avg Distance: 3.789473684210526
2019-03-14 2479302
Spots:
[1, 5, 15, 16, 23, 24, 34, 44, 48, 51, 52, 53, 58, 60, 62, 63, 68, 70, 72, 79]
Bonus: 23
Mean: 44.9
Std_dev: 23.539216997217753
Variance: 554.0947368421052
Median: 51.5
Avg Distance: 4.105263157894737
2019-03-14 2479303
Spots:
[2, 3, 10, 14, 18, 21, 34, 35, 36, 38, 40, 46, 50, 52, 60, 64, 67, 68, 76, 79]
Bonus: 76
Mean: 40.65
Std_dev: 23.943519065984386
Variance: 573.2921052631579
Median: 39.0
Avg Distance: 4.052631578947368
2019-03-14 2479304
Spots:
[2, 6, 8, 9, 16, 17, 22, 24, 30, 31, 33, 34, 48, 51, 57, 61, 64, 70, 79, 80]
Bonus: 51
Mean: 37.1
Std_dev: 25.005052121100395
Variance: 625.2526315789473
Median: 32.0
Avg Distance: 4.105263157894737
2019-03-14 2479305
Spots:
[4, 5, 7, 16, 24, 28, 29, 33, 38, 51, 57, 58, 61, 67, 69, 70, 71, 72, 74, 76]
Bonus: 51
Mean: 45.5
Std_dev: 25.378192047089314
Variance: 644.0526315789474
Median: 54.0
Avg Distance: 3.789473684210526
2019-03-14 2479306
Spots:
[9, 10, 11, 12, 13, 14, 15, 18, 21, 43, 44, 48, 50, 56, 59, 67, 68, 72, 74, 75]
Bonus: 9
Mean: 38.95
Std_dev: 25.197065409748767
Variance: 634.8921052631579
Median: 43.5
Avg Distance: 3.473684210526316
2019-03-14 2479307
Spots:
[11, 14, 15, 20, 21, 27, 28, 29, 35, 41, 47, 49, 56, 58, 60, 61, 62, 69, 74, 77]
Bonus: 61
Mean: 42.7
Std_dev: 21.297640096597803
Variance: 453.58947368421053
Median: 44.0
Avg Distance: 3.473684210526316
2019-03-14 2479308
Spots:
[5, 8, 15, 22, 25, 28, 31, 34, 45, 46, 47, 49, 57, 63, 64, 67, 69, 72, 77, 79]
Bonus: 22
Mean: 45.15
Std_dev: 23.19545100592832
Variance: 538.0289473684211
Median: 46.5
Avg Distance: 3.8947368421052633
2019-03-14 2479309
Spots:
[2, 6, 11, 12, 13, 16, 22, 26, 27, 30, 31, 35, 44, 49, 65, 66, 70, 74, 75, 78]
Bonus: 66
Mean: 37.6
Std_dev: 25.580420143868672
Variance: 654.3578947368421
Median: 30.5
Avg Distance: 4.0
2019-03-14 2479310
Spots:
[4, 5, 12, 13, 17, 21, 26, 31, 33, 36, 38, 39, 46, 51, 54, 60, 67, 69, 70, 73]
Bonus: 17
Mean: 38.25
Std_dev: 22.386262234730147
Variance: 501.14473684210526
Median: 37.0
Avg Distance: 3.6315789473684212
2019-03-14 2479311
Spots:
[1, 11, 13, 20, 25, 26, 28, 40, 43, 44, 48, 51, 56, 61, 63, 65, 66, 70, 76, 80]
Bonus: 51
Mean: 44.35
Std_dev: 23.18183272351547
Variance: 537.3973684210526
Median: 46.0
Avg Distance: 4.157894736842105
2019-03-14 2479312
Spots:
[3, 5, 9, 11, 14, 15, 17, 21, 23, 27, 29, 33, 41, 43, 45, 48, 53, 58, 70, 73]
Bonus: 27
Mean: 31.9
Std_dev: 21.130920223068475
Variance: 446.5157894736842
Median: 28.0
Avg Distance: 3.6842105263157894
2019-03-14 2479313
Spots:
[7, 9, 21, 22, 23, 24, 31, 32, 34, 39, 45, 49, 50, 56, 58, 66, 67, 70, 75, 76]
Bonus: 34
Mean: 42.7
Std_dev: 21.67729833622942
Variance: 469.90526315789475
Median: 42.0
Avg Distance: 3.6315789473684212
2019-03-14 2479314
Spots:
[7, 9, 20, 21, 22, 39, 45, 47, 48, 49, 52, 60, 64, 66, 69, 71, 72, 74, 76, 79]
Bonus: 64
Mean: 49.5
Std_dev: 23.107301192935807
Variance: 533.9473684210526
Median: 50.5
Avg Distance: 3.789473684210526
2019-03-14 2479315
Spots:
[3, 9, 11, 12, 20, 21, 22, 28, 31, 36, 37, 46, 48, 51, 59, 61, 64, 65, 73, 77]
Bonus: 12
Mean: 38.7
Std_dev: 22.870574061329044
Variance: 523.0631578947368
Median: 36.5
Avg Distance: 3.8947368421052633
2019-03-14 2479316
Spots:
[5, 7, 16, 18, 19, 39, 40, 42, 45, 48, 49, 51, 52, 55, 58, 65, 68, 70, 71, 74]
Bonus: 74
Mean: 44.6
Std_dev: 21.529416840074518
Variance: 463.5157894736842
Median: 48.5
Avg Distance: 3.6315789473684212
2019-03-14 2479317
Spots:
[9, 10, 15, 18, 20, 25, 31, 32, 40, 43, 44, 45, 51, 58, 61, 63, 65, 66, 68, 80]
Bonus: 40
Mean: 42.2
Std_dev: 21.51278689523977
Variance: 462.8
Median: 43.5
Avg Distance: 3.736842105263158
2019-03-14 2479318
Spots:
[1, 4, 6, 7, 15, 18, 20, 30, 35, 45, 47, 52, 53, 60, 70, 71, 72, 74, 75, 76]
Bonus: 72
Mean: 41.55
Std_dev: 27.141878692297045
Variance: 736.6815789473684
Median: 46.0
Avg Distance: 3.9473684210526314
2019-03-14 2479319
Spots:
[2, 3, 5, 16, 17, 18, 22, 23, 28, 32, 40, 43, 49, 59, 67, 70, 72, 73, 75, 77]
Bonus: 32
Mean: 39.55
Std_dev: 26.388743613019628
Variance: 696.3657894736842
Median: 36.0
Avg Distance: 3.9473684210526314
2019-03-14 2479320
Spots:
[1, 3, 15, 16, 20, 27, 28, 31, 32, 36, 39, 45, 49, 50, 53, 54, 62, 72, 75, 77]
Bonus: 3
Mean: 39.25
Std_dev: 22.51052385464466
Variance: 506.7236842105263
Median: 37.5
Avg Distance: 4.0
2019-03-14 2479321
Spots:
[3, 4, 9, 14, 15, 19, 20, 21, 26, 29, 40, 42, 53, 59, 62, 63, 71, 75, 77, 79]
Bonus: 26
Mean: 39.05
Std_dev: 26.208626542860994
Variance: 686.8921052631579
Median: 34.5
Avg Distance: 4.0
2019-03-14 2479322
Spots:
[5, 9, 10, 14, 19, 21, 26, 29, 35, 36, 44, 48, 49, 51, 56, 58, 61, 63, 70, 78]
Bonus: 49
Mean: 39.1
Std_dev: 21.862970376511296
Variance: 477.9894736842105
Median: 40.0
Avg Distance: 3.8421052631578947
2019-03-14 2479323
Spots:
[4, 7, 10, 16, 18, 22, 24, 27, 28, 30, 31, 33, 36, 38, 44, 53, 56, 65, 69, 73]
Bonus: 18
Mean: 34.2
Std_dev: 20.275990468376243
Variance: 411.11578947368423
Median: 30.5
Avg Distance: 3.6315789473684212
2019-03-14 2479324
Spots:
[9, 10, 17, 23, 25, 26, 28, 41, 46, 49, 54, 57, 58, 59, 61, 63, 64, 69, 71, 79]
Bonus: 49
Mean: 45.45
Std_dev: 21.52960018696414
Variance: 463.5236842105263
Median: 51.5
Avg Distance: 3.6842105263157894
2019-03-14 2479325
Spots:
[1, 7, 9, 11, 13, 20, 23, 29, 32, 37, 40, 46, 47, 49, 51, 53, 58, 67, 68, 74]
Bonus: 7
Mean: 36.75
Std_dev: 22.07850824480199
Variance: 487.4605263157895
Median: 38.5
Avg Distance: 3.8421052631578947
2019-03-14 2479326
Spots:
[15, 16, 20, 21, 23, 26, 29, 42, 44, 47, 48, 49, 54, 62, 64, 65, 68, 70, 71, 73]
Bonus: 70
Mean: 45.35
Std_dev: 20.293309760919524
Variance: 411.81842105263155
Median: 47.5
Avg Distance: 3.0526315789473686
2019-03-14 2479327
Spots:
[5, 8, 16, 20, 23, 24, 29, 32, 35, 38, 40, 44, 50, 55, 58, 68, 70, 74, 78, 80]
Bonus: 58
Mean: 42.35
Std_dev: 23.421256651979515
Variance: 548.5552631578947
Median: 39.0
Avg Distance: 3.9473684210526314
2019-03-14 2479328
Spots:
[4, 7, 8, 12, 14, 17, 18, 19, 20, 23, 25, 32, 42, 48, 51, 56, 57, 59, 71, 80]
Bonus: 48
Mean: 33.15
Std_dev: 22.962841837698527
Variance: 527.2921052631579
Median: 24.0
Avg Distance: 4.0
2019-03-14 2479329
Spots:
[1, 3, 7, 9, 15, 22, 25, 27, 28, 33, 34, 35, 48, 53, 55, 57, 59, 64, 65, 66]
Bonus: 9
Mean: 35.3
Std_dev: 21.86104442056451
Variance: 477.90526315789475
Median: 33.5
Avg Distance: 3.4210526315789473
2019-03-14 2479330
Spots:
[12, 16, 26, 31, 32, 37, 38, 39, 41, 42, 47, 63, 66, 67, 69, 72, 74, 76, 78, 79]
Bonus: 76
Mean: 50.25
Std_dev: 21.62326962958387
Variance: 467.5657894736842
Median: 44.5
Avg Distance: 3.526315789473684
2019-03-14 2479331
Spots:
[1, 2, 5, 8, 12, 19, 28, 29, 36, 44, 49, 51, 53, 55, 66, 68, 69, 70, 72, 76]
Bonus: 69
Mean: 40.65
Std_dev: 26.000556674202596
Variance: 676.0289473684211
Median: 46.5
Avg Distance: 3.9473684210526314
2019-03-14 2479332
Spots:
[1, 2, 5, 8, 22, 23, 25, 26, 29, 34, 36, 43, 49, 53, 55, 56, 58, 59, 60, 72]
Bonus: 1
Mean: 35.8
Std_dev: 21.663940449269003
Variance: 469.3263157894737
Median: 35.0
Avg Distance: 3.736842105263158
2019-03-14 2479333
Spots:
[1, 2, 8, 10, 13, 22, 26, 30, 41, 44, 46, 47, 48, 58, 59, 61, 62, 68, 73, 79]
Bonus: 22
Mean: 39.9
Std_dev: 24.503275828259973
Variance: 600.4105263157895
Median: 45.0
Avg Distance: 4.105263157894737
2019-03-14 2479334
Spots:
[14, 17, 18, 20, 27, 28, 31, 34, 38, 43, 44, 48, 49, 50, 56, 64, 69, 70, 71, 74]
Bonus: 27
Mean: 43.25
Std_dev: 19.563324978400946
Variance: 382.7236842105263
Median: 43.5
Avg Distance: 3.1578947368421053
2019-03-14 2479335
Spots:
[4, 6, 7, 10, 11, 13, 17, 18, 29, 32, 35, 46, 48, 51, 57, 64, 67, 70, 75, 80]
Bonus: 67
Mean: 37
Std_dev: 25.745720134872087
Variance: 662.8421052631579
Median: 33.5
Avg Distance: 4.0
2019-03-14 2479336
Spots:
[5, 12, 13, 14, 17, 20, 23, 24, 28, 29, 30, 53, 54, 60, 61, 66, 71, 72, 75, 78]
Bonus: 54
Mean: 40.25
Std_dev: 24.9079885726817
Variance: 620.4078947368421
Median: 29.5
Avg Distance: 3.8421052631578947
2019-03-14 2479337
Spots:
[1, 2, 6, 8, 15, 23, 34, 37, 39, 44, 46, 48, 53, 55, 56, 61, 64, 69, 71, 73]
Bonus: 55
Mean: 40.25
Std_dev: 23.817010727629107
Variance: 567.25
Median: 45.0
Avg Distance: 3.789473684210526
2019-03-14 2479338
Spots:
[1, 6, 16, 24, 27, 38, 41, 42, 46, 48, 52, 56, 61, 63, 68, 71, 73, 75, 76, 79]
Bonus: 61
Mean: 48.15
Std_dev: 23.73599309953246
Variance: 563.3973684210526
Median: 50.0
Avg Distance: 4.105263157894737
2019-03-14 2479339
Spots:
[2, 7, 8, 13, 14, 18, 23, 24, 28, 29, 33, 34, 35, 37, 41, 43, 51, 55, 57, 73]
Bonus: 73
Mean: 31.25
Std_dev: 18.606379777405724
Variance: 346.19736842105266
Median: 31.0
Avg Distance: 3.736842105263158
2019-03-14 2479340
Spots:
[3, 8, 12, 13, 20, 24, 33, 37, 43, 44, 46, 48, 52, 54, 56, 62, 65, 68, 78, 79]
Bonus: 33
Mean: 42.25
Std_dev: 23.05342764787461
Variance: 531.4605263157895
Median: 45.0
Avg Distance: 4.0
2019-03-14 2479341
Spots:
[4, 7, 9, 13, 24, 29, 33, 40, 41, 52, 56, 59, 60, 62, 63, 65, 68, 73, 75, 77]
Bonus: 68
Mean: 45.5
Std_dev: 24.2389421342903
Variance: 587.5263157894736
Median: 54.0
Avg Distance: 3.8421052631578947
2019-03-14 2479342
Spots:
[3, 7, 12, 13, 15, 17, 30, 39, 48, 50, 53, 56, 62, 65, 66, 67, 69, 72, 77, 79]
Bonus: 12
Mean: 45
Std_dev: 25.735496682086477
Variance: 662.3157894736842
Median: 51.5
Avg Distance: 4.0
2019-03-14 2479343
Spots:
[7, 8, 19, 20, 24, 31, 32, 33, 36, 38, 42, 46, 51, 55, 58, 62, 63, 70, 78, 80]
Bonus: 62
Mean: 42.65
Std_dev: 21.70441381257205
Variance: 471.0815789473684
Median: 40.0
Avg Distance: 3.8421052631578947
2019-03-14 2479344
Spots:
[1, 2, 4, 10, 11, 12, 27, 38, 48, 49, 50, 51, 52, 56, 60, 72, 73, 74, 76, 80]
Bonus: 1
Mean: 42.3
Std_dev: 27.322826393059398
Variance: 746.5368421052632
Median: 49.5
Avg Distance: 4.157894736842105
2019-03-14 2479345
Spots:
[1, 16, 19, 24, 25, 35, 38, 43, 44, 47, 51, 52, 56, 59, 64, 67, 68, 73, 74, 79]
Bonus: 68
Mean: 46.75
Std_dev: 21.70101865181254
Variance: 470.9342105263158
Median: 49.0
Avg Distance: 4.105263157894737
2019-03-14 2479346
Spots:
[1, 11, 15, 18, 24, 25, 31, 34, 35, 37, 40, 45, 46, 47, 52, 54, 65, 68, 71, 73]
Bonus: 35
Mean: 39.6
Std_dev: 20.530849701697303
Variance: 421.5157894736842
Median: 38.5
Avg Distance: 3.789473684210526
2019-03-14 2479347
Spots:
[2, 5, 11, 14, 18, 22, 26, 33, 40, 51, 63, 65, 67, 68, 69, 71, 73, 74, 75, 80]
Bonus: 80
Mean: 46.35
Std_dev: 27.234411282323265
Variance: 741.7131578947368
Median: 57.0
Avg Distance: 4.105263157894737
2019-03-14 2479348
Spots:
[2, 10, 15, 16, 20, 28, 36, 38, 45, 46, 53, 54, 55, 56, 57, 60, 67, 71, 78, 80]
Bonus: 54
Mean: 44.35
Std_dev: 23.01092417915776
Variance: 529.5026315789473
Median: 49.5
Avg Distance: 4.105263157894737
2019-03-14 2479349
Spots:
[2, 4, 6, 20, 24, 25, 27, 29, 35, 47, 51, 52, 54, 55, 59, 60, 65, 70, 76, 78]
Bonus: 4
Mean: 41.95
Std_dev: 23.81612677865236
Variance: 567.2078947368421
Median: 49.0
Avg Distance: 4.0
2019-03-14 2479350
Spots:
[3, 5, 9, 14, 20, 21, 26, 29, 33, 36, 40, 43, 52, 54, 57, 64, 66, 67, 76, 80]
Bonus: 54
Mean: 39.75
Std_dev: 23.938242911379493
Variance: 573.0394736842105
Median: 38.0
Avg Distance: 4.052631578947368
2019-03-14 2479351
Spots:
[1, 3, 10, 15, 17, 20, 21, 29, 30, 32, 33, 45, 47, 52, 62, 66, 72, 73, 75, 79]
Bonus: 62
Mean: 39.1
Std_dev: 25.401823390830575
Variance: 645.2526315789473
Median: 32.5
Avg Distance: 4.105263157894737
2019-03-14 2479352
Spots:
[9, 11, 12, 14, 15, 20, 21, 25, 32, 34, 39, 44, 49, 53, 54, 55, 57, 61, 62, 74]
Bonus: 57
Mean: 37.05
Std_dev: 20.33528175881825
Variance: 413.5236842105263
Median: 36.5
Avg Distance: 3.4210526315789473
2019-03-14 2479353
Spots:
[10, 13, 19, 26, 27, 30, 32, 35, 41, 48, 49, 50, 52, 56, 58, 61, 63, 64, 72, 74]
Bonus: 58
Mean: 44
Std_dev: 19.194297398747864
Variance: 368.42105263157896
Median: 48.5
Avg Distance: 3.3684210526315788
2019-03-14 2479354
Spots:
[4, 7, 8, 11, 15, 17, 21, 28, 30, 36, 37, 39, 42, 48, 54, 56, 68, 72, 77, 78]
Bonus: 28
Mean: 37.4
Std_dev: 24.10590667952785
Variance: 581.0947368421052
Median: 36.5
Avg Distance: 3.8947368421052633
2019-03-14 2479355
Spots:
[2, 4, 6, 11, 20, 21, 23, 27, 29, 33, 35, 38, 41, 47, 50, 53, 54, 55, 64, 80]
Bonus: 64
Mean: 34.65
Std_dev: 21.149281436095123
Variance: 447.29210526315785
Median: 34.0
Avg Distance: 4.105263157894737
2019-03-14 2479356
Spots:
[8, 13, 25, 27, 31, 40, 44, 45, 47, 49, 57, 58, 59, 66, 69, 70, 71, 72, 76, 79]
Bonus: 79
Mean: 50.3
Std_dev: 21.113976413740733
Variance: 445.8
Median: 53.0
Avg Distance: 3.736842105263158
2019-03-14 2479357
Spots:
[5, 6, 7, 19, 21, 23, 24, 29, 35, 36, 38, 43, 51, 60, 61, 65, 67, 73, 77, 79]
Bonus: 79
Mean: 40.95
Std_dev: 24.35369851950515
Variance: 593.1026315789474
Median: 37.0
Avg Distance: 3.8947368421052633
2019-03-14 2479358
Spots:
[2, 5, 12, 16, 21, 23, 25, 30, 32, 37, 47, 54, 56, 57, 61, 64, 70, 72, 76, 80]
Bonus: 47
Mean: 42
Std_dev: 24.734378376749444
Variance: 611.7894736842105
Median: 42.0
Avg Distance: 4.105263157894737
2019-03-14 2479359
Spots:
[2, 3, 11, 25, 26, 27, 31, 33, 36, 50, 54, 58, 59, 61, 65, 69, 73, 75, 77, 78]
Bonus: 50
Mean: 45.65
Std_dev: 24.88558026776064
Variance: 619.2921052631579
Median: 52.0
Avg Distance: 4.0
2019-03-14 2479360
Spots:
[2, 10, 25, 26, 31, 32, 33, 36, 39, 42, 49, 54, 59, 60, 61, 62, 63, 68, 71, 77]
Bonus: 2
Mean: 45
Std_dev: 20.62956488558159
Variance: 425.57894736842104
Median: 45.5
Avg Distance: 3.9473684210526314
2019-03-14 2479361
Spots:
[1, 5, 15, 16, 21, 25, 28, 31, 36, 39, 40, 43, 47, 50, 57, 60, 65, 69, 74, 78]
Bonus: 1
Mean: 40
Std_dev: 22.580848895515537
Variance: 509.89473684210526
Median: 39.5
Avg Distance: 4.052631578947368
2019-03-14 2479362
Spots:
[8, 9, 19, 20, 30, 31, 35, 38, 41, 42, 44, 53, 62, 67, 70, 71, 72, 73, 75, 80]
Bonus: 30
Mean: 47
Std_dev: 23.235635064316735
Variance: 539.8947368421053
Median: 43.0
Avg Distance: 3.789473684210526
2019-03-14 2479363
Spots:
[13, 15, 20, 21, 28, 31, 36, 38, 39, 42, 44, 47, 53, 58, 60, 65, 66, 68, 71, 76]
Bonus: 58
Mean: 44.55
Std_dev: 19.53532562739667
Variance: 381.62894736842105
Median: 43.0
Avg Distance: 3.3157894736842106
2019-03-14 2479364
Spots:
[2, 4, 8, 12, 20, 22, 24, 26, 33, 37, 38, 39, 44, 47, 50, 57, 60, 64, 66, 75]
Bonus: 12
Mean: 36.4
Std_dev: 21.592883818030128
Variance: 466.2526315789474
Median: 37.5
Avg Distance: 3.8421052631578947
2019-03-14 2479365
Spots:
[11, 12, 15, 18, 21, 23, 27, 31, 43, 45, 50, 55, 59, 64, 66, 69, 72, 73, 76, 79]
Bonus: 12
Mean: 45.45
Std_dev: 23.82275559649904
Variance: 567.5236842105263
Median: 47.5
Avg Distance: 3.5789473684210527
2019-03-14 2479366
Spots:
[3, 6, 9, 10, 12, 15, 18, 20, 25, 27, 34, 39, 42, 57, 60, 68, 72, 74, 77, 78]
Bonus: 15
Mean: 37.3
Std_dev: 26.590659222643144
Variance: 707.0631578947368
Median: 30.5
Avg Distance: 3.9473684210526314
2019-03-14 2479367
Spots:
[9, 10, 12, 13, 17, 20, 21, 22, 27, 34, 37, 48, 49, 52, 53, 60, 63, 68, 71, 74]
Bonus: 17
Mean: 38
Std_dev: 22.254508709354536
Variance: 495.2631578947368
Median: 35.5
Avg Distance: 3.4210526315789473
2019-03-14 2479368
Spots:
[1, 4, 5, 6, 9, 16, 19, 23, 27, 29, 31, 38, 40, 51, 52, 53, 69, 70, 71, 74]
Bonus: 23
Mean: 34.4
Std_dev: 24.607230430783638
Variance: 605.5157894736842
Median: 30.0
Avg Distance: 3.8421052631578947
2019-03-14 2479369
Spots:
[9, 11, 24, 31, 33, 34, 39, 43, 47, 52, 53, 60, 61, 64, 66, 70, 71, 72, 75, 78]
Bonus: 31
Mean: 49.65
Std_dev: 21.001942266070735
Variance: 441.0815789473684
Median: 52.5
Avg Distance: 3.6315789473684212
2019-03-14 2479370
Spots:
[1, 12, 14, 15, 17, 24, 26, 30, 37, 39, 41, 42, 43, 53, 54, 57, 58, 66, 78, 80]
Bonus: 14
Mean: 39.35
Std_dev: 22.24333134837685
Variance: 494.7657894736842
Median: 40.0
Avg Distance: 4.157894736842105
2019-03-14 2479371
Spots:
[5, 7, 9, 15, 24, 32, 36, 44, 45, 47, 48, 53, 55, 57, 59, 64, 70, 75, 76, 79]
Bonus: 15
Mean: 45
Std_dev: 23.454322909815467
Variance: 550.1052631578947
Median: 47.5
Avg Distance: 3.8947368421052633
2019-03-14 2479372
Spots:
[3, 8, 18, 19, 23, 28, 30, 38, 41, 42, 46, 48, 50, 56, 57, 59, 60, 67, 76, 79]
Bonus: 28
Mean: 42.4
Std_dev: 21.517190190269048
Variance: 462.9894736842105
Median: 44.0
Avg Distance: 4.0
2019-03-14 2479373
Spots:
[11, 18, 22, 23, 24, 25, 26, 27, 28, 31, 37, 39, 43, 57, 63, 64, 67, 76, 79, 80]
Bonus: 39
Mean: 42
Std_dev: 22.346552777836486
Variance: 499.36842105263156
Median: 34.0
Avg Distance: 3.6315789473684212
2019-03-14 2479374
Spots:
[10, 11, 12, 16, 19, 20, 21, 26, 28, 30, 32, 44, 45, 46, 49, 53, 54, 61, 63, 70]
Bonus: 54
Mean: 35.5
Std_dev: 18.911149593490304
Variance: 357.63157894736844
Median: 31.0
Avg Distance: 3.1578947368421053
2019-03-14 2479375
Spots:
[4, 5, 12, 13, 17, 18, 27, 36, 37, 38, 42, 47, 56, 58, 67, 68, 72, 73, 78, 79]
Bonus: 78
Mean: 42.35
Std_dev: 25.503921267130668
Variance: 650.45
Median: 40.0
Avg Distance: 3.9473684210526314
2019-03-14 2479376
Spots:
[12, 14, 15, 21, 24, 27, 30, 34, 35, 45, 54, 56, 63, 65, 68, 70, 72, 75, 76, 80]
Bonus: 68
Mean: 46.8
Std_dev: 23.58322329650109
Variance: 556.1684210526316
Median: 49.5
Avg Distance: 3.5789473684210527
2019-03-14 2479377
Spots:
[4, 5, 7, 8, 15, 16, 28, 30, 35, 37, 38, 42, 46, 54, 59, 64, 69, 74, 76, 78]
Bonus: 74
Mean: 39.25
Std_dev: 25.14772146212937
Variance: 632.4078947368421
Median: 37.5
Avg Distance: 3.8947368421052633
2019-03-14 2479378
Spots:
[4, 6, 9, 11, 14, 16, 18, 22, 38, 42, 45, 48, 51, 52, 62, 67, 68, 69, 70, 71]
Bonus: 68
Mean: 39.15
Std_dev: 24.45247807913395
Variance: 597.9236842105263
Median: 43.5
Avg Distance: 3.526315789473684
2019-03-14 2479379
Spots:
[4, 7, 15, 28, 30, 41, 42, 45, 46, 50, 52, 55, 57, 62, 63, 71, 72, 73, 74, 80]
Bonus: 28
Mean: 48.35
Std_dev: 22.39190408207959
Variance: 501.39736842105265
Median: 51.0
Avg Distance: 4.0
2019-03-14 2479380
Spots:
[10, 11, 18, 19, 22, 24, 27, 31, 32, 39, 45, 46, 51, 55, 61, 66, 67, 71, 72, 73]
Bonus: 51
Mean: 42
Std_dev: 21.530883571475208
Variance: 463.57894736842104
Median: 42.0
Avg Distance: 3.3157894736842106
2019-03-14 2479381
Spots:
[7, 12, 19, 21, 24, 25, 29, 32, 43, 44, 48, 50, 52, 53, 62, 63, 64, 65, 77, 78]
Bonus: 7
Mean: 43.4
Std_dev: 21.323078675710182
Variance: 454.6736842105263
Median: 46.0
Avg Distance: 3.736842105263158
2019-03-14 2479382
Spots:
[3, 6, 10, 16, 18, 31, 35, 38, 40, 43, 44, 45, 46, 51, 54, 58, 59, 75, 78, 79]
Bonus: 6
Mean: 41.45
Std_dev: 22.746833209320183
Variance: 517.4184210526315
Median: 43.5
Avg Distance: 4.0
2019-03-14 2479383
Spots:
[5, 12, 13, 17, 24, 25, 28, 34, 35, 40, 43, 44, 45, 46, 48, 49, 51, 55, 61, 74]
Bonus: 35
Mean: 37.45
Std_dev: 17.765949098441688
Variance: 315.62894736842105
Median: 41.5
Avg Distance: 3.6315789473684212
2019-03-14 2479384
Spots:
[10, 15, 18, 24, 28, 33, 36, 38, 39, 42, 47, 53, 55, 56, 59, 60, 62, 63, 66, 75]
Bonus: 60
Mean: 43.95
Std_dev: 18.55993137464627
Variance: 344.47105263157897
Median: 44.5
Avg Distance: 3.4210526315789473
2019-03-14 2479385
Spots:
[13, 14, 15, 17, 23, 24, 25, 31, 32, 33, 36, 47, 53, 55, 57, 58, 64, 66, 76, 78]
Bonus: 55
Mean: 40.85
Std_dev: 21.24115915163914
Variance: 451.18684210526317
Median: 34.5
Avg Distance: 3.4210526315789473
2019-03-14 2479386
Spots:
[1, 12, 15, 16, 19, 20, 21, 22, 33, 35, 36, 44, 46, 47, 49, 50, 53, 55, 70, 71]
Bonus: 16
Mean: 35.75
Std_dev: 19.598267914873446
Variance: 384.0921052631579
Median: 35.5
Avg Distance: 3.6842105263157894
2019-03-14 2479387
Spots:
[8, 10, 12, 15, 21, 30, 33, 34, 37, 47, 50, 51, 52, 54, 64, 69, 70, 73, 77, 79]
Bonus: 21
Mean: 44.3
Std_dev: 23.423110495046508
Variance: 548.6421052631579
Median: 48.5
Avg Distance: 3.736842105263158
2019-03-14 2479388
Spots:
[1, 2, 4, 13, 15, 20, 23, 26, 28, 29, 30, 35, 44, 56, 59, 65, 68, 70, 74, 79]
Bonus: 15
Mean: 37.05
Std_dev: 25.479558370129617
Variance: 649.2078947368421
Median: 29.5
Avg Distance: 4.105263157894737
2019-03-14 2479389
Spots:
[1, 2, 5, 8, 15, 20, 30, 33, 43, 50, 51, 58, 60, 62, 64, 67, 72, 73, 77, 78]
Bonus: 15
Mean: 43.45
Std_dev: 26.96874409190641
Variance: 727.3131578947368
Median: 50.5
Avg Distance: 4.052631578947368
2019-03-14 2479390
Spots:
[1, 10, 11, 12, 16, 20, 23, 28, 29, 32, 36, 37, 44, 46, 54, 62, 65, 68, 69, 76]
Bonus: 20
Mean: 36.95
Std_dev: 22.661060968333462
Variance: 513.5236842105263
Median: 34.0
Avg Distance: 3.9473684210526314
2019-03-14 2479391
Spots:
[6, 7, 10, 11, 15, 20, 22, 27, 28, 30, 35, 37, 39, 49, 51, 57, 65, 66, 69, 80]
Bonus: 37
Mean: 36.2
Std_dev: 22.626486575180916
Variance: 511.95789473684215
Median: 32.5
Avg Distance: 3.8947368421052633
2019-03-14 2479392
Spots:
[8, 9, 11, 15, 23, 25, 31, 33, 36, 38, 43, 46, 48, 49, 51, 56, 58, 59, 66, 68]
Bonus: 33
Mean: 38.65
Std_dev: 18.90495618670016
Variance: 357.39736842105265
Median: 40.5
Avg Distance: 3.1578947368421053
2019-03-14 2479393
Spots:
[7, 13, 16, 20, 22, 27, 31, 41, 43, 45, 46, 48, 49, 50, 51, 59, 62, 69, 72, 74]
Bonus: 41
Mean: 42.25
Std_dev: 19.960157683165782
Variance: 398.4078947368421
Median: 45.5
Avg Distance: 3.526315789473684
2019-03-14 2479394
Spots:
[1, 5, 11, 19, 22, 29, 30, 33, 39, 43, 45, 50, 56, 57, 59, 63, 65, 68, 70, 73]
Bonus: 11
Mean: 41.9
Std_dev: 22.3816183978117
Variance: 500.93684210526317
Median: 44.0
Avg Distance: 3.789473684210526
2019-03-14 2479395
Spots:
[5, 9, 13, 16, 25, 26, 28, 29, 37, 38, 39, 46, 48, 50, 54, 56, 63, 66, 71, 74]
Bonus: 63
Mean: 39.65
Std_dev: 20.726984699585277
Variance: 429.6078947368421
Median: 38.5
Avg Distance: 3.6315789473684212
2019-03-14 2479396
Spots:
[2, 7, 8, 11, 16, 21, 23, 24, 33, 35, 36, 37, 40, 41, 48, 62, 65, 72, 75, 77]
Bonus: 36
Mean: 36.65
Std_dev: 23.560169331890812
Variance: 555.0815789473684
Median: 35.5
Avg Distance: 3.9473684210526314
2019-03-14 2479397
Spots:
[4, 5, 13, 18, 22, 31, 35, 40, 47, 58, 61, 62, 64, 65, 68, 70, 71, 72, 73, 80]
Bonus: 5
Mean: 47.95
Std_dev: 24.875426470821825
Variance: 618.7868421052632
Median: 59.5
Avg Distance: 4.0
2019-03-14 2479398
Spots:
[2, 4, 10, 24, 25, 26, 33, 37, 42, 47, 49, 50, 54, 56, 57, 59, 61, 71, 72, 77]
Bonus: 37
Mean: 42.8
Std_dev: 22.182496656028977
Variance: 492.06315789473683
Median: 48.0
Avg Distance: 3.9473684210526314
2019-03-14 2479399
Spots:
[1, 4, 6, 11, 12, 15, 17, 22, 26, 29, 30, 33, 39, 42, 43, 45, 58, 61, 65, 66]
Bonus: 29
Mean: 31.25
Std_dev: 20.66748017640528
Variance: 427.14473684210526
Median: 29.5
Avg Distance: 3.4210526315789473
2019-03-14 2479400
Spots:
[5, 6, 12, 19, 23, 27, 30, 31, 41, 42, 44, 45, 53, 54, 55, 62, 66, 69, 74, 80]
Bonus: 42
Mean: 41.9
Std_dev: 22.437984711081718
Variance: 503.46315789473687
Median: 43.0
Avg Distance: 3.9473684210526314
2019-03-14 2479401
Spots:
[4, 13, 14, 16, 18, 22, 24, 25, 27, 31, 34, 35, 36, 49, 54, 57, 58, 60, 67, 77]
Bonus: 36
Mean: 36.05
Std_dev: 20.479707543142105
Variance: 419.4184210526316
Median: 32.5
Avg Distance: 3.8421052631578947
2019-03-14 2479402
Spots:
[8, 16, 17, 24, 28, 29, 30, 33, 35, 43, 46, 51, 53, 58, 59, 60, 62, 64, 65, 72]
Bonus: 46
Mean: 42.65
Std_dev: 18.9355555281036
Variance: 358.55526315789473
Median: 44.5
Avg Distance: 3.3684210526315788
2019-03-14 2479403
Spots:
[4, 15, 18, 23, 30, 32, 33, 35, 39, 40, 44, 45, 52, 54, 56, 62, 64, 68, 72, 79]
Bonus: 68
Mean: 43.25
Std_dev: 20.193472108319405
Variance: 407.7763157894737
Median: 42.0
Avg Distance: 3.9473684210526314
2019-03-14 2479404
Spots:
[2, 4, 6, 9, 11, 15, 20, 21, 24, 29, 35, 39, 40, 42, 45, 53, 57, 62, 70, 78]
Bonus: 53
Mean: 33.1
Std_dev: 22.768630312686565
Variance: 518.4105263157894
Median: 32.0
Avg Distance: 4.0
2019-03-14 2479405
Spots:
[2, 5, 6, 7, 14, 21, 34, 38, 43, 46, 47, 49, 58, 60, 62, 64, 71, 76, 77, 78]
Bonus: 47
Mean: 42.9
Std_dev: 26.007893538612265
Variance: 676.4105263157895
Median: 46.5
Avg Distance: 4.0
2019-03-14 2479406
Spots:
[3, 9, 10, 11, 14, 17, 19, 26, 29, 34, 35, 43, 45, 54, 60, 62, 67, 69, 70, 76]
Bonus: 76
Mean: 37.65
Std_dev: 23.912725086293104
Variance: 571.8184210526316
Median: 34.5
Avg Distance: 3.8421052631578947
2019-03-14 2479407
Spots:
[6, 7, 14, 17, 29, 33, 43, 50, 55, 56, 57, 61, 62, 64, 67, 68, 72, 75, 76, 77]
Bonus: 62
Mean: 49.45
Std_dev: 23.665375551636615
Variance: 560.05
Median: 56.5
Avg Distance: 3.736842105263158
2019-03-14 2479408
Spots:
[5, 10, 15, 18, 19, 20, 23, 30, 33, 36, 40, 41, 42, 48, 49, 50, 63, 64, 65, 77]
Bonus: 64
Mean: 37.4
Std_dev: 20.18702032182274
Variance: 407.5157894736842
Median: 38.0
Avg Distance: 3.789473684210526
2019-03-14 2479409
Spots:
[14, 18, 28, 31, 32, 34, 36, 37, 38, 40, 47, 52, 53, 56, 58, 66, 69, 74, 75, 78]
Bonus: 53
Mean: 46.8
Std_dev: 19.01965742123271
Variance: 361.7473684210526
Median: 43.5
Avg Distance: 3.3684210526315788
2019-03-14 2479410
Spots:
[1, 3, 6, 8, 13, 25, 28, 33, 37, 43, 46, 51, 52, 59, 61, 67, 70, 73, 76, 79]
Bonus: 67
Mean: 41.55
Std_dev: 25.980711468723342
Variance: 674.9973684210527
Median: 44.5
Avg Distance: 4.105263157894737
2019-03-14 2479411
Spots:
[8, 10, 11, 15, 23, 24, 26, 27, 40, 41, 42, 43, 45, 47, 58, 65, 68, 72, 74, 79]
Bonus: 40
Mean: 40.9
Std_dev: 22.717718565958712
Variance: 516.0947368421052
Median: 41.5
Avg Distance: 3.736842105263158
2019-03-14 2479412
Spots:
[13, 15, 18, 19, 23, 28, 41, 47, 52, 56, 57, 58, 61, 62, 63, 68, 69, 75, 77, 80]
Bonus: 57
Mean: 49.1
Std_dev: 22.232976929729737
Variance: 494.30526315789473
Median: 56.5
Avg Distance: 3.526315789473684
2019-03-14 2479413
Spots:
[3, 7, 11, 12, 18, 20, 24, 25, 35, 37, 41, 43, 48, 59, 66, 69, 71, 75, 78, 79]
Bonus: 78
Mean: 41.05
Std_dev: 25.713963030556805
Variance: 661.2078947368421
Median: 39.0
Avg Distance: 4.0
2019-03-14 2479414
Spots:
[3, 5, 6, 9, 13, 18, 21, 26, 32, 41, 43, 45, 49, 53, 58, 62, 63, 77, 79, 80]
Bonus: 79
Mean: 39.15
Std_dev: 25.795297409044398
Variance: 665.3973684210526
Median: 42.0
Avg Distance: 4.052631578947368
2019-03-14 2479415
Spots:
[6, 7, 9, 10, 13, 24, 25, 27, 32, 51, 56, 61, 64, 65, 72, 74, 75, 77, 79, 80]
Bonus: 65
Mean: 45.35
Std_dev: 27.994877350950063
Variance: 783.7131578947368
Median: 53.5
Avg Distance: 3.8947368421052633
2019-03-14 2479416
Spots:
[1, 2, 4, 5, 8, 14, 15, 18, 21, 23, 28, 30, 36, 39, 40, 43, 51, 64, 69, 70]
Bonus: 4
Mean: 29.05
Std_dev: 22.0704017085994
Variance: 487.1026315789474
Median: 25.5
Avg Distance: 3.6315789473684212
2019-03-14 2479417
Spots:
[1, 7, 8, 10, 15, 18, 20, 22, 29, 32, 37, 39, 41, 59, 63, 68, 70, 71, 74, 77]
Bonus: 37
Mean: 38.05
Std_dev: 25.69758333917188
Variance: 660.3657894736842
Median: 34.5
Avg Distance: 4.0
2019-03-14 2479418
Spots:
[3, 9, 12, 19, 23, 27, 34, 52, 53, 54, 57, 61, 63, 65, 66, 68, 73, 75, 77, 78]
Bonus: 12
Mean: 48.45
Std_dev: 24.709842488155882
Variance: 610.5763157894737
Median: 55.5
Avg Distance: 3.9473684210526314
2019-03-14 2479419
Spots:
[1, 2, 11, 14, 19, 24, 36, 41, 43, 45, 46, 49, 51, 52, 56, 61, 64, 67, 68, 71]
Bonus: 51
Mean: 41.05
Std_dev: 22.167959334422996
Variance: 491.4184210526316
Median: 45.5
Avg Distance: 3.6842105263157894
2019-03-14 2479420
Spots:
[6, 7, 8, 11, 16, 17, 19, 26, 32, 35, 36, 41, 42, 46, 50, 55, 60, 71, 78, 80]
Bonus: 42
Mean: 36.8
Std_dev: 23.534073841537666
Variance: 553.8526315789474
Median: 35.5
Avg Distance: 3.8947368421052633
2019-03-14 2479421
Spots:
[5, 8, 10, 14, 15, 23, 25, 37, 38, 42, 43, 44, 46, 47, 50, 52, 56, 57, 69, 76]
Bonus: 25
Mean: 37.85
Std_dev: 20.422575228099134
Variance: 417.0815789473684
Median: 42.5
Avg Distance: 3.736842105263158
2019-03-14 2479422
Spots:
[6, 8, 10, 14, 15, 18, 19, 22, 25, 32, 44, 48, 54, 57, 61, 65, 71, 77, 78, 79]
Bonus: 78
Mean: 40.15
Std_dev: 26.000556674202596
Variance: 676.0289473684211
Median: 38.0
Avg Distance: 3.8421052631578947
2019-03-14 2479423
Spots:
[12, 13, 16, 24, 25, 29, 30, 31, 35, 36, 38, 41, 45, 47, 62, 67, 73, 76, 77, 80]
Bonus: 62
Mean: 42.85
Std_dev: 22.23859849805951
Variance: 494.55526315789473
Median: 37.0
Avg Distance: 3.5789473684210527
2019-03-14 2479424
Spots:
[7, 9, 13, 15, 20, 25, 32, 40, 47, 49, 51, 55, 58, 63, 65, 70, 74, 75, 76, 79]
Bonus: 25
Mean: 46.15
Std_dev: 24.482593171905883
Variance: 599.3973684210526
Median: 50.0
Avg Distance: 3.789473684210526
2019-03-14 2479425
Spots:
[2, 5, 8, 11, 14, 17, 22, 26, 28, 34, 42, 44, 45, 53, 61, 63, 66, 67, 70, 77]
Bonus: 63
Mean: 37.75
Std_dev: 24.27447218787671
Variance: 589.25
Median: 38.0
Avg Distance: 3.9473684210526314
2019-03-14 2479426
Spots:
[2, 8, 11, 17, 23, 24, 25, 26, 27, 29, 32, 34, 42, 46, 47, 57, 61, 70, 73, 80]
Bonus: 73
Mean: 36.7
Std_dev: 22.223979462686128
Variance: 493.90526315789475
Median: 30.5
Avg Distance: 4.105263157894737
2019-03-14 2479427
Spots:
[8, 15, 16, 17, 29, 33, 36, 47, 48, 51, 58, 60, 61, 64, 65, 67, 68, 73, 78, 79]
Bonus: 17
Mean: 48.65
Std_dev: 22.49040731184368
Variance: 505.81842105263155
Median: 54.5
Avg Distance: 3.736842105263158
2019-03-14 2479428
Spots:
[3, 5, 9, 14, 19, 22, 24, 31, 33, 37, 40, 42, 52, 55, 59, 64, 71, 72, 78, 79]
Bonus: 14
Mean: 40.45
Std_dev: 24.758783661986563
Variance: 612.9973684210527
Median: 38.5
Avg Distance: 4.0
2019-03-14 2479429
Spots:
[2, 8, 9, 10, 11, 14, 21, 24, 26, 28, 34, 46, 49, 52, 54, 66, 69, 78, 79, 80]
Bonus: 28
Mean: 38
Std_dev: 26.45552374915502
Variance: 699.8947368421053
Median: 31.0
Avg Distance: 4.105263157894737
2019-03-14 2479430
Spots:
[1, 9, 11, 13, 29, 34, 37, 39, 41, 44, 54, 58, 60, 61, 69, 70, 72, 73, 77, 78]
Bonus: 58
Mean: 46.5
Std_dev: 24.515301344262525
Variance: 601.0
Median: 49.0
Avg Distance: 4.052631578947368
2019-03-14 2479431
Spots:
[6, 9, 10, 12, 15, 18, 23, 25, 30, 36, 43, 45, 51, 52, 53, 55, 58, 59, 69, 80]
Bonus: 10
Mean: 37.45
Std_dev: 22.039378632945073
Variance: 485.7342105263158
Median: 39.5
Avg Distance: 3.8947368421052633
2019-03-14 2479432
Spots:
[1, 4, 6, 8, 17, 20, 25, 26, 27, 37, 44, 52, 55, 56, 63, 64, 65, 69, 76, 78]
Bonus: 64
Mean: 39.65
Std_dev: 25.62333434894637
Variance: 656.5552631578947
Median: 40.5
Avg Distance: 4.052631578947368
2019-03-14 2479433
Spots:
[3, 4, 5, 12, 15, 16, 18, 19, 30, 31, 33, 34, 38, 42, 43, 45, 55, 67, 72, 75]
Bonus: 5
Mean: 32.85
Std_dev: 22.11042859447955
Variance: 488.87105263157895
Median: 32.0
Avg Distance: 3.789473684210526
2019-03-14 2479434
Spots:
[1, 4, 5, 10, 13, 24, 26, 30, 32, 39, 44, 49, 58, 59, 60, 64, 67, 71, 73, 79]
Bonus: 1
Mean: 40.4
Std_dev: 25.487664715143655
Variance: 649.6210526315789
Median: 41.5
Avg Distance: 4.105263157894737
2019-03-14 2479435
Spots:
[1, 5, 13, 30, 32, 41, 43, 46, 52, 53, 57, 61, 62, 63, 64, 69, 71, 73, 78, 79]
Bonus: 79
Mean: 49.65
Std_dev: 23.295075151537706
Variance: 542.6605263157895
Median: 55.0
Avg Distance: 4.105263157894737
