2019-03-15 2479436
Spots:
[2, 4, 6, 10, 12, 13, 20, 26, 30, 33, 35, 37, 38, 39, 40, 41, 50, 62, 73, 79]
Bonus: 37
Mean: 32.5
Std_dev: 21.960490839112335
Variance: 482.2631578947368
Median: 34.0
Avg Distance: 4.052631578947368
2019-03-15 2479437
Spots:
[4, 6, 9, 17, 25, 26, 30, 32, 37, 39, 45, 51, 54, 57, 60, 62, 66, 67, 71, 76]
Bonus: 17
Mean: 41.7
Std_dev: 22.543758618109337
Variance: 508.22105263157897
Median: 42.0
Avg Distance: 3.789473684210526
2019-03-15 2479438
Spots:
[5, 8, 9, 12, 14, 24, 26, 27, 29, 41, 46, 49, 52, 54, 62, 65, 69, 72, 75, 77]
Bonus: 29
Mean: 40.8
Std_dev: 24.52195579046406
Variance: 601.3263157894737
Median: 43.5
Avg Distance: 3.789473684210526
2019-03-15 2479439
Spots:
[3, 11, 15, 16, 17, 26, 29, 31, 32, 38, 41, 46, 51, 53, 55, 59, 61, 66, 68, 78]
Bonus: 55
Mean: 39.8
Std_dev: 21.35317060150183
Variance: 455.9578947368421
Median: 39.5
Avg Distance: 3.9473684210526314
2019-03-15 2479440
Spots:
[3, 4, 10, 17, 21, 24, 30, 32, 36, 38, 41, 44, 47, 49, 55, 62, 65, 69, 71, 78]
Bonus: 65
Mean: 39.8
Std_dev: 22.50286531463096
Variance: 506.37894736842105
Median: 39.5
Avg Distance: 3.9473684210526314
2019-03-15 2479441
Spots:
[7, 9, 11, 12, 13, 21, 26, 38, 44, 45, 47, 49, 52, 53, 54, 56, 59, 62, 65, 69]
Bonus: 59
Mean: 39.6
Std_dev: 20.785622561356153
Variance: 432.0421052631579
Median: 46.0
Avg Distance: 3.263157894736842
2019-03-15 2479442
Spots:
[2, 5, 9, 18, 22, 23, 25, 32, 33, 39, 42, 44, 50, 53, 54, 68, 71, 73, 76, 78]
Bonus: 2
Mean: 40.85
Std_dev: 24.18193105344741
Variance: 584.7657894736842
Median: 40.5
Avg Distance: 4.0
2019-03-15 2479443
Spots:
[3, 4, 9, 13, 22, 29, 31, 32, 33, 36, 39, 50, 53, 56, 58, 60, 65, 68, 73, 78]
Bonus: 13
Mean: 40.6
Std_dev: 23.163946577658816
Variance: 536.5684210526316
Median: 37.5
Avg Distance: 3.9473684210526314
2019-03-15 2479444
Spots:
[8, 10, 13, 15, 17, 23, 24, 25, 29, 32, 37, 38, 40, 52, 64, 65, 68, 73, 75, 79]
Bonus: 29
Mean: 39.35
Std_dev: 23.764801481890906
Variance: 564.7657894736842
Median: 34.5
Avg Distance: 3.736842105263158
2019-03-15 2479445
Spots:
[4, 7, 9, 14, 20, 22, 30, 32, 33, 37, 41, 43, 45, 46, 48, 49, 54, 58, 65, 76]
Bonus: 41
Mean: 36.65
Std_dev: 19.735821026218986
Variance: 389.5026315789474
Median: 39.0
Avg Distance: 3.789473684210526
2019-03-15 2479446
Spots:
[1, 4, 6, 11, 24, 26, 28, 29, 35, 36, 41, 46, 49, 52, 57, 58, 65, 71, 74, 80]
Bonus: 4
Mean: 39.65
Std_dev: 23.82673200199173
Variance: 567.7131578947368
Median: 38.5
Avg Distance: 4.157894736842105
2019-03-15 2479447
Spots:
[2, 4, 14, 18, 19, 25, 28, 30, 31, 41, 48, 55, 59, 62, 63, 67, 68, 75, 77, 78]
Bonus: 63
Mean: 43.2
Std_dev: 25.02756375215976
Variance: 626.3789473684211
Median: 44.5
Avg Distance: 4.0
2019-03-15 2479448
Spots:
[1, 2, 12, 13, 14, 16, 17, 19, 30, 37, 41, 44, 46, 50, 62, 63, 66, 71, 74, 80]
Bonus: 30
Mean: 37.9
Std_dev: 25.422534554168568
Variance: 646.3052631578947
Median: 39.0
Avg Distance: 4.157894736842105
2019-03-15 2479449
Spots:
[1, 2, 3, 6, 9, 14, 21, 25, 28, 39, 42, 43, 46, 47, 52, 62, 65, 68, 70, 77]
Bonus: 65
Mean: 36
Std_dev: 25.070427116215505
Variance: 628.5263157894736
Median: 40.5
Avg Distance: 4.0
2019-03-15 2479450
Spots:
[8, 9, 16, 21, 25, 26, 27, 33, 47, 52, 53, 55, 58, 60, 68, 69, 70, 74, 78, 79]
Bonus: 53
Mean: 46.4
Std_dev: 23.729617292364942
Variance: 563.0947368421052
Median: 52.5
Avg Distance: 3.736842105263158
2019-03-15 2479451
Spots:
[3, 4, 8, 11, 12, 20, 21, 24, 26, 35, 37, 38, 49, 54, 57, 61, 66, 71, 74, 80]
Bonus: 11
Mean: 37.55
Std_dev: 24.96834838455743
Variance: 623.4184210526316
Median: 36.0
Avg Distance: 4.052631578947368
2019-03-15 2479452
Spots:
[1, 7, 12, 14, 15, 20, 26, 27, 29, 30, 32, 36, 38, 39, 44, 47, 49, 55, 71, 78]
Bonus: 29
Mean: 33.5
Std_dev: 20.127226911770403
Variance: 405.10526315789474
Median: 31.0
Avg Distance: 4.052631578947368
2019-03-15 2479453
Spots:
[1, 5, 13, 17, 18, 26, 27, 28, 30, 33, 36, 39, 44, 47, 50, 52, 53, 58, 76, 77]
Bonus: 26
Mean: 36.5
Std_dev: 21.00751745146685
Variance: 441.3157894736842
Median: 34.5
Avg Distance: 4.0
2019-03-15 2479454
Spots:
[4, 5, 11, 13, 16, 20, 24, 28, 29, 45, 47, 48, 52, 55, 56, 57, 61, 78, 79, 80]
Bonus: 29
Mean: 40.4
Std_dev: 24.754372287909487
Variance: 612.7789473684211
Median: 46.0
Avg Distance: 4.0
2019-03-15 2479455
Spots:
[9, 13, 15, 17, 19, 20, 21, 26, 31, 38, 41, 44, 49, 54, 59, 63, 64, 74, 77, 79]
Bonus: 19
Mean: 40.65
Std_dev: 23.083999927039915
Variance: 532.8710526315789
Median: 39.5
Avg Distance: 3.6842105263157894
2019-03-15 2479456
Spots:
[1, 16, 19, 24, 31, 32, 41, 50, 51, 53, 54, 56, 58, 60, 64, 65, 66, 70, 71, 73]
Bonus: 51
Mean: 47.75
Std_dev: 20.687842857709047
Variance: 427.9868421052632
Median: 53.5
Avg Distance: 3.789473684210526
2019-03-15 2479457
Spots:
[6, 7, 15, 17, 19, 23, 25, 30, 38, 40, 42, 46, 47, 49, 55, 56, 59, 67, 71, 79]
Bonus: 49
Mean: 39.55
Std_dev: 21.37010947438895
Variance: 456.68157894736845
Median: 41.0
Avg Distance: 3.8421052631578947
2019-03-15 2479458
Spots:
[1, 9, 11, 14, 16, 17, 20, 22, 27, 29, 35, 42, 46, 48, 53, 69, 75, 76, 77, 80]
Bonus: 14
Mean: 38.35
Std_dev: 25.846255964228572
Variance: 668.0289473684211
Median: 32.0
Avg Distance: 4.157894736842105
2019-03-15 2479459
Spots:
[7, 9, 12, 15, 23, 26, 29, 32, 35, 36, 42, 46, 51, 52, 54, 68, 74, 75, 78, 79]
Bonus: 54
Mean: 42.15
Std_dev: 23.740427433743523
Variance: 563.6078947368421
Median: 39.0
Avg Distance: 3.789473684210526
2019-03-15 2479460
Spots:
[2, 3, 6, 7, 15, 17, 18, 22, 25, 36, 37, 43, 50, 53, 54, 55, 61, 75, 76, 77]
Bonus: 2
Mean: 36.6
Std_dev: 25.203174403237384
Variance: 635.2
Median: 36.5
Avg Distance: 3.9473684210526314
2019-03-15 2479461
Spots:
[3, 6, 17, 19, 20, 22, 25, 26, 31, 32, 34, 37, 47, 51, 61, 63, 69, 73, 76, 78]
Bonus: 76
Mean: 39.5
Std_dev: 23.658758253662917
Variance: 559.7368421052631
Median: 33.0
Avg Distance: 3.9473684210526314
2019-03-15 2479462
Spots:
[1, 4, 8, 11, 13, 14, 15, 21, 22, 45, 49, 53, 60, 64, 67, 69, 73, 74, 75, 78]
Bonus: 69
Mean: 40.8
Std_dev: 28.208994459587757
Variance: 795.7473684210527
Median: 47.0
Avg Distance: 4.052631578947368
2019-03-15 2479463
Spots:
[1, 11, 13, 17, 22, 23, 29, 32, 36, 40, 43, 45, 51, 53, 54, 58, 67, 70, 75, 80]
Bonus: 32
Mean: 41
Std_dev: 22.608801267135817
Variance: 511.1578947368421
Median: 41.5
Avg Distance: 4.157894736842105
2019-03-15 2479464
Spots:
[1, 15, 18, 19, 21, 22, 23, 24, 27, 30, 39, 43, 49, 51, 57, 60, 64, 70, 71, 79]
Bonus: 51
Mean: 39.15
Std_dev: 22.259888399966147
Variance: 495.5026315789474
Median: 34.5
Avg Distance: 4.105263157894737
2019-03-15 2479465
Spots:
[2, 6, 7, 9, 16, 17, 21, 23, 31, 40, 44, 45, 47, 55, 57, 62, 68, 69, 70, 71]
Bonus: 69
Mean: 38
Std_dev: 24.039441275580955
Variance: 577.8947368421053
Median: 42.0
Avg Distance: 3.6315789473684212
2019-03-15 2479466
Spots:
[4, 11, 12, 13, 14, 17, 18, 20, 22, 24, 28, 29, 31, 44, 48, 54, 60, 70, 72, 80]
Bonus: 13
Mean: 33.55
Std_dev: 22.979338545745826
Variance: 528.05
Median: 26.0
Avg Distance: 4.0
2019-03-15 2479467
Spots:
[4, 9, 10, 17, 19, 20, 21, 25, 30, 33, 39, 41, 44, 48, 49, 52, 57, 67, 68, 73]
Bonus: 44
Mean: 36.3
Std_dev: 20.756989945050975
Variance: 430.85263157894735
Median: 36.0
Avg Distance: 3.6315789473684212
2019-03-15 2479468
Spots:
[6, 9, 15, 20, 25, 26, 35, 39, 41, 47, 49, 54, 57, 62, 64, 66, 70, 71, 75, 80]
Bonus: 57
Mean: 45.55
Std_dev: 22.954130461926844
Variance: 526.8921052631579
Median: 48.0
Avg Distance: 3.8947368421052633
2019-03-15 2479469
Spots:
[2, 11, 21, 28, 30, 31, 35, 38, 41, 48, 49, 55, 56, 57, 59, 61, 63, 75, 76, 80]
Bonus: 41
Mean: 45.8
Std_dev: 21.392571263482047
Variance: 457.6421052631579
Median: 48.5
Avg Distance: 4.105263157894737
2019-03-15 2479470
Spots:
[1, 3, 8, 10, 15, 24, 28, 34, 39, 40, 44, 47, 52, 56, 59, 61, 64, 70, 74, 78]
Bonus: 78
Mean: 40.35
Std_dev: 24.297010862287262
Variance: 590.3447368421052
Median: 42.0
Avg Distance: 4.052631578947368
2019-03-15 2479471
Spots:
[8, 11, 14, 24, 25, 27, 29, 32, 40, 41, 43, 44, 46, 49, 53, 58, 59, 60, 70, 76]
Bonus: 32
Mean: 40.45
Std_dev: 19.14618279943743
Variance: 366.5763157894737
Median: 42.0
Avg Distance: 3.5789473684210527
2019-03-15 2479472
Spots:
[12, 13, 14, 17, 26, 29, 32, 33, 36, 37, 39, 40, 41, 43, 46, 47, 50, 55, 64, 70]
Bonus: 64
Mean: 37.2
Std_dev: 16.08071744929966
Variance: 258.58947368421053
Median: 38.0
Avg Distance: 3.0526315789473686
2019-03-15 2479473
Spots:
[8, 15, 20, 25, 27, 33, 36, 38, 41, 44, 46, 49, 50, 53, 56, 62, 66, 67, 70, 73]
Bonus: 20
Mean: 43.95
Std_dev: 18.83019691318903
Variance: 354.5763157894737
Median: 45.0
Avg Distance: 3.4210526315789473
2019-03-15 2479474
Spots:
[19, 20, 33, 34, 35, 42, 43, 50, 51, 55, 57, 58, 61, 67, 69, 72, 73, 74, 75, 79]
Bonus: 69
Mean: 53.35
Std_dev: 18.474092812995117
Variance: 341.2921052631579
Median: 56.0
Avg Distance: 3.1578947368421053
2019-03-15 2479475
Spots:
[6, 14, 15, 17, 19, 20, 29, 30, 37, 47, 52, 53, 56, 62, 63, 67, 70, 71, 76, 78]
Bonus: 52
Mean: 44.1
Std_dev: 23.71075705244352
Variance: 562.2
Median: 49.5
Avg Distance: 3.789473684210526
2019-03-15 2479476
Spots:
[2, 7, 13, 14, 16, 19, 21, 25, 28, 29, 30, 35, 45, 56, 57, 66, 67, 72, 78, 80]
Bonus: 19
Mean: 38
Std_dev: 25.019992006393608
Variance: 626
Median: 29.5
Avg Distance: 4.105263157894737
2019-03-15 2479477
Spots:
[1, 3, 5, 8, 22, 23, 26, 28, 35, 37, 38, 46, 48, 51, 53, 60, 62, 70, 75, 80]
Bonus: 75
Mean: 38.55
Std_dev: 24.15623489309802
Variance: 583.5236842105263
Median: 37.5
Avg Distance: 4.157894736842105
2019-03-15 2479478
Spots:
[1, 5, 8, 10, 11, 12, 18, 20, 23, 32, 37, 48, 51, 54, 55, 56, 64, 73, 75, 79]
Bonus: 54
Mean: 36.6
Std_dev: 25.734269594821363
Variance: 662.2526315789473
Median: 34.5
Avg Distance: 4.105263157894737
2019-03-15 2479479
Spots:
[4, 6, 7, 11, 15, 28, 30, 40, 42, 45, 46, 48, 51, 52, 55, 61, 65, 68, 70, 72]
Bonus: 68
Mean: 40.8
Std_dev: 22.51455669467855
Variance: 506.90526315789475
Median: 45.5
Avg Distance: 3.5789473684210527
2019-03-15 2479480
Spots:
[7, 8, 21, 29, 34, 38, 42, 44, 47, 51, 53, 55, 58, 59, 65, 68, 74, 77, 79, 80]
Bonus: 77
Mean: 49.45
Std_dev: 21.972410930648078
Variance: 482.78684210526313
Median: 52.0
Avg Distance: 3.8421052631578947
2019-03-15 2479481
Spots:
[3, 6, 20, 21, 24, 26, 29, 33, 34, 38, 43, 45, 46, 49, 51, 56, 58, 60, 63, 70]
Bonus: 46
Mean: 38.75
Std_dev: 18.634645153584223
Variance: 347.25
Median: 40.5
Avg Distance: 3.526315789473684
2019-03-15 2479482
Spots:
[1, 2, 5, 9, 14, 26, 27, 28, 30, 32, 43, 46, 49, 51, 53, 55, 59, 61, 75, 77]
Bonus: 27
Mean: 37.15
Std_dev: 23.367262299388457
Variance: 546.0289473684211
Median: 37.5
Avg Distance: 4.0
2019-03-15 2479483
Spots:
[1, 5, 7, 8, 11, 14, 15, 20, 25, 26, 28, 43, 44, 50, 54, 56, 59, 71, 72, 77]
Bonus: 1
Mean: 34.3
Std_dev: 24.717562475633436
Variance: 610.9578947368421
Median: 27.0
Avg Distance: 4.0
2019-03-15 2479484
Spots:
[7, 13, 14, 15, 16, 21, 27, 31, 32, 34, 37, 40, 41, 42, 48, 49, 50, 54, 57, 65]
Bonus: 50
Mean: 34.65
Std_dev: 16.547459655567422
Variance: 273.81842105263155
Median: 35.5
Avg Distance: 3.0526315789473686
2019-03-15 2479485
Spots:
[3, 5, 11, 18, 20, 21, 22, 24, 25, 26, 37, 43, 51, 52, 59, 63, 69, 73, 76, 78]
Bonus: 69
Mean: 38.8
Std_dev: 24.59696172936384
Variance: 605.0105263157894
Median: 31.5
Avg Distance: 3.9473684210526314
2019-03-15 2479486
Spots:
[3, 4, 9, 13, 20, 22, 24, 30, 34, 39, 43, 47, 49, 52, 56, 58, 60, 75, 76, 77]
Bonus: 20
Mean: 39.55
Std_dev: 23.643125183043225
Variance: 558.9973684210527
Median: 41.0
Avg Distance: 3.8947368421052633
2019-03-15 2479487
Spots:
[2, 14, 23, 27, 30, 31, 32, 38, 39, 45, 53, 56, 58, 65, 70, 71, 74, 75, 77, 78]
Bonus: 23
Mean: 47.9
Std_dev: 22.980311939617035
Variance: 528.0947368421052
Median: 49.0
Avg Distance: 4.0
2019-03-15 2479488
Spots:
[1, 5, 6, 7, 9, 11, 16, 18, 20, 23, 26, 33, 34, 37, 43, 51, 58, 59, 75, 76]
Bonus: 51
Mean: 30.4
Std_dev: 23.31116741640773
Variance: 543.4105263157895
Median: 24.5
Avg Distance: 3.9473684210526314
2019-03-15 2479489
Spots:
[6, 10, 11, 14, 16, 17, 23, 25, 44, 46, 51, 54, 55, 66, 71, 74, 75, 76, 78, 79]
Bonus: 25
Mean: 44.55
Std_dev: 26.804310336801784
Variance: 718.4710526315789
Median: 48.5
Avg Distance: 3.8421052631578947
2019-03-15 2479490
Spots:
[1, 7, 11, 13, 19, 22, 23, 26, 34, 40, 50, 52, 57, 63, 64, 68, 71, 76, 78, 80]
Bonus: 7
Mean: 42.75
Std_dev: 26.19536921711646
Variance: 686.1973684210526
Median: 45.0
Avg Distance: 4.157894736842105
2019-03-15 2479491
Spots:
[2, 6, 8, 13, 14, 20, 23, 33, 38, 41, 42, 43, 48, 56, 64, 66, 68, 72, 74, 75]
Bonus: 38
Mean: 40.3
Std_dev: 24.64933008591127
Variance: 607.5894736842105
Median: 41.5
Avg Distance: 3.8421052631578947
2019-03-15 2479492
Spots:
[5, 6, 10, 12, 16, 19, 21, 22, 24, 27, 32, 36, 41, 44, 45, 49, 52, 56, 61, 66]
Bonus: 52
Mean: 32.2
Std_dev: 18.77175930402958
Variance: 352.37894736842105
Median: 29.5
Avg Distance: 3.210526315789474
2019-03-15 2479493
Spots:
[4, 10, 11, 12, 25, 32, 33, 40, 42, 45, 48, 51, 53, 56, 61, 63, 64, 66, 69, 77]
Bonus: 48
Mean: 43.1
Std_dev: 21.8099446173191
Variance: 475.67368421052635
Median: 46.5
Avg Distance: 3.8421052631578947
2019-03-15 2479494
Spots:
[4, 8, 10, 13, 19, 22, 26, 29, 35, 36, 37, 47, 50, 55, 58, 61, 68, 69, 70, 73]
Bonus: 73
Mean: 39.5
Std_dev: 22.744577144314732
Variance: 517.3157894736842
Median: 36.5
Avg Distance: 3.6315789473684212
2019-03-15 2479495
Spots:
[5, 9, 10, 13, 14, 15, 20, 30, 35, 36, 40, 48, 49, 54, 60, 62, 66, 73, 75, 79]
Bonus: 10
Mean: 39.65
Std_dev: 24.48474283260797
Variance: 599.5026315789473
Median: 38.0
Avg Distance: 3.8947368421052633
2019-03-15 2479496
Spots:
[1, 6, 9, 10, 12, 13, 23, 25, 27, 31, 32, 37, 43, 45, 46, 50, 61, 68, 71, 77]
Bonus: 43
Mean: 34.35
Std_dev: 22.91236163710484
Variance: 524.9763157894737
Median: 31.5
Avg Distance: 4.0
2019-03-15 2479497
Spots:
[2, 5, 7, 8, 10, 11, 15, 24, 25, 30, 43, 47, 50, 55, 59, 62, 65, 68, 73, 78]
Bonus: 43
Mean: 36.85
Std_dev: 25.854400012377006
Variance: 668.45
Median: 36.5
Avg Distance: 4.0
2019-03-15 2479498
Spots:
[1, 5, 8, 12, 14, 16, 18, 22, 25, 31, 34, 36, 39, 46, 49, 59, 61, 69, 70, 80]
Bonus: 14
Mean: 34.75
Std_dev: 23.710701559022933
Variance: 562.1973684210526
Median: 32.5
Avg Distance: 4.157894736842105
2019-03-15 2479499
Spots:
[1, 9, 13, 14, 16, 26, 28, 40, 41, 44, 48, 49, 50, 54, 55, 58, 62, 65, 66, 67]
Bonus: 14
Mean: 40.3
Std_dev: 20.92870101835729
Variance: 438.0105263157895
Median: 46.0
Avg Distance: 3.473684210526316
2019-03-15 2479500
Spots:
[5, 6, 7, 9, 10, 14, 15, 22, 29, 36, 38, 43, 44, 46, 53, 66, 67, 68, 69, 80]
Bonus: 15
Mean: 36.35
Std_dev: 24.80508224665175
Variance: 615.2921052631579
Median: 37.0
Avg Distance: 3.9473684210526314
2019-03-15 2479501
Spots:
[3, 5, 16, 23, 25, 28, 36, 39, 40, 42, 43, 45, 47, 56, 57, 60, 62, 65, 69, 80]
Bonus: 5
Mean: 42.05
Std_dev: 20.954775865633767
Variance: 439.10263157894735
Median: 42.5
Avg Distance: 4.052631578947368
2019-03-15 2479502
Spots:
[2, 10, 19, 22, 27, 29, 36, 40, 43, 45, 47, 53, 58, 62, 64, 65, 66, 71, 72, 80]
Bonus: 22
Mean: 45.55
Std_dev: 22.14895744249543
Variance: 490.57631578947365
Median: 46.0
Avg Distance: 4.105263157894737
2019-03-15 2479503
Spots:
[2, 5, 11, 15, 18, 21, 22, 25, 36, 44, 48, 49, 51, 52, 57, 61, 62, 67, 75, 78]
Bonus: 11
Mean: 39.95
Std_dev: 23.600791690556754
Variance: 556.9973684210527
Median: 46.0
Avg Distance: 4.0
2019-03-15 2479504
Spots:
[3, 10, 11, 13, 14, 19, 28, 29, 33, 36, 39, 42, 43, 44, 46, 47, 57, 63, 71, 75]
Bonus: 10
Mean: 36.15
Std_dev: 20.658310421563623
Variance: 426.7657894736842
Median: 37.5
Avg Distance: 3.789473684210526
2019-03-15 2479505
Spots:
[1, 3, 7, 10, 12, 19, 26, 30, 31, 35, 41, 45, 52, 53, 61, 63, 70, 73, 76, 79]
Bonus: 35
Mean: 39.35
Std_dev: 25.76467389765746
Variance: 663.8184210526316
Median: 38.0
Avg Distance: 4.105263157894737
2019-03-15 2479506
Spots:
[6, 9, 12, 22, 25, 26, 29, 30, 37, 42, 43, 52, 57, 60, 64, 70, 75, 76, 79, 80]
Bonus: 80
Mean: 44.7
Std_dev: 24.49296354379957
Variance: 599.9052631578948
Median: 42.5
Avg Distance: 3.8947368421052633
2019-03-15 2479507
Spots:
[1, 3, 11, 16, 18, 22, 23, 26, 30, 31, 43, 60, 61, 66, 68, 70, 72, 73, 76, 77]
Bonus: 60
Mean: 42.35
Std_dev: 26.811770785078313
Variance: 718.871052631579
Median: 37.0
Avg Distance: 4.0
2019-03-15 2479508
Spots:
[1, 10, 16, 19, 22, 26, 32, 41, 49, 55, 58, 60, 64, 67, 68, 69, 74, 75, 76, 78]
Bonus: 76
Mean: 48
Std_dev: 24.94625802547717
Variance: 622.3157894736842
Median: 56.5
Avg Distance: 4.052631578947368
2019-03-15 2479509
Spots:
[2, 3, 7, 9, 10, 15, 18, 25, 26, 30, 31, 32, 39, 44, 51, 56, 58, 60, 68, 74]
Bonus: 26
Mean: 32.9
Std_dev: 22.463772003641306
Variance: 504.62105263157895
Median: 30.5
Avg Distance: 3.789473684210526
2019-03-15 2479510
Spots:
[2, 8, 9, 10, 14, 18, 20, 24, 26, 28, 33, 35, 36, 39, 47, 49, 57, 58, 63, 78]
Bonus: 9
Mean: 32.7
Std_dev: 20.807640297180313
Variance: 432.9578947368421
Median: 30.5
Avg Distance: 4.0
2019-03-15 2479511
Spots:
[4, 8, 12, 15, 27, 31, 38, 39, 40, 47, 48, 49, 51, 54, 58, 62, 64, 65, 67, 74]
Bonus: 8
Mean: 42.65
Std_dev: 20.83588756272014
Variance: 434.13421052631577
Median: 47.5
Avg Distance: 3.6842105263157894
2019-03-15 2479512
Spots:
[1, 3, 6, 12, 13, 14, 15, 17, 23, 24, 30, 31, 36, 41, 49, 51, 57, 58, 63, 77]
Bonus: 58
Mean: 31.05
Std_dev: 22.056088788168655
Variance: 486.47105263157897
Median: 27.0
Avg Distance: 4.0
2019-03-15 2479513
Spots:
[3, 6, 23, 25, 31, 32, 33, 34, 38, 41, 43, 44, 51, 54, 55, 56, 60, 64, 68, 71]
Bonus: 32
Mean: 41.6
Std_dev: 18.871867115393023
Variance: 356.14736842105265
Median: 42.0
Avg Distance: 3.5789473684210527
2019-03-15 2479514
Spots:
[2, 3, 11, 19, 24, 32, 33, 37, 38, 44, 53, 61, 62, 68, 71, 72, 74, 76, 78, 79]
Bonus: 37
Mean: 46.85
Std_dev: 25.990433462698295
Variance: 675.5026315789473
Median: 48.5
Avg Distance: 4.052631578947368
2019-03-15 2479515
Spots:
[1, 4, 18, 19, 20, 23, 26, 36, 37, 48, 49, 53, 57, 63, 65, 66, 67, 68, 72, 80]
Bonus: 80
Mean: 43.6
Std_dev: 24.020605189799248
Variance: 576.9894736842106
Median: 48.5
Avg Distance: 4.157894736842105
2019-03-15 2479516
Spots:
[1, 3, 4, 6, 13, 14, 18, 31, 35, 36, 37, 40, 46, 47, 52, 54, 62, 64, 65, 79]
Bonus: 79
Mean: 35.35
Std_dev: 23.575801599365217
Variance: 555.8184210526316
Median: 36.5
Avg Distance: 4.105263157894737
2019-03-15 2479517
Spots:
[1, 7, 8, 12, 15, 19, 21, 25, 31, 34, 36, 47, 54, 56, 60, 67, 71, 77, 78, 79]
Bonus: 79
Mean: 39.9
Std_dev: 26.285677508964138
Variance: 690.9368421052632
Median: 35.0
Avg Distance: 4.105263157894737
2019-03-15 2479518
Spots:
[10, 11, 13, 14, 21, 25, 28, 35, 37, 40, 42, 52, 54, 66, 67, 69, 74, 76, 77, 78]
Bonus: 28
Mean: 44.45
Std_dev: 24.46151649987556
Variance: 598.3657894736842
Median: 41.0
Avg Distance: 3.5789473684210527
2019-03-15 2479519
Spots:
[1, 2, 8, 9, 15, 19, 22, 23, 25, 27, 30, 34, 41, 42, 59, 61, 64, 67, 69, 78]
Bonus: 59
Mean: 34.8
Std_dev: 24.077943608644254
Variance: 579.7473684210527
Median: 28.5
Avg Distance: 4.052631578947368
2019-03-15 2479520
Spots:
[6, 12, 15, 26, 36, 41, 42, 43, 47, 54, 55, 59, 62, 63, 66, 67, 71, 76, 77, 78]
Bonus: 26
Mean: 49.8
Std_dev: 21.991864524481727
Variance: 483.6421052631579
Median: 54.5
Avg Distance: 3.789473684210526
2019-03-15 2479521
Spots:
[2, 4, 13, 20, 30, 33, 37, 38, 40, 41, 42, 43, 45, 48, 50, 52, 60, 66, 73, 80]
Bonus: 38
Mean: 40.85
Std_dev: 20.683771925174373
Variance: 427.8184210526316
Median: 41.5
Avg Distance: 4.105263157894737
2019-03-15 2479522
Spots:
[10, 11, 12, 16, 17, 18, 23, 24, 28, 31, 39, 54, 56, 57, 61, 62, 64, 65, 76, 79]
Bonus: 23
Mean: 40.15
Std_dev: 23.584729671637337
Variance: 556.2394736842106
Median: 35.0
Avg Distance: 3.6315789473684212
2019-03-15 2479523
Spots:
[1, 5, 8, 9, 14, 16, 17, 22, 25, 30, 31, 35, 38, 48, 50, 53, 54, 59, 73, 79]
Bonus: 31
Mean: 33.35
Std_dev: 22.811066104899727
Variance: 520.3447368421052
Median: 30.5
Avg Distance: 4.105263157894737
2019-03-15 2479524
Spots:
[6, 10, 12, 15, 16, 17, 19, 32, 37, 41, 43, 50, 55, 59, 63, 65, 67, 72, 77, 79]
Bonus: 41
Mean: 41.75
Std_dev: 24.618937939382313
Variance: 606.0921052631579
Median: 42.0
Avg Distance: 3.8421052631578947
2019-03-15 2479525
Spots:
[6, 11, 13, 14, 17, 20, 27, 33, 39, 40, 49, 53, 58, 61, 63, 66, 67, 75, 78, 80]
Bonus: 33
Mean: 43.5
Std_dev: 24.62668642368531
Variance: 606.4736842105264
Median: 44.5
Avg Distance: 3.8947368421052633
2019-03-15 2479526
Spots:
[2, 3, 4, 8, 9, 12, 20, 24, 25, 28, 31, 32, 47, 55, 57, 61, 68, 69, 71, 77]
Bonus: 71
Mean: 35.15
Std_dev: 25.686930938760113
Variance: 659.8184210526316
Median: 29.5
Avg Distance: 3.9473684210526314
2019-03-15 2479527
Spots:
[1, 4, 7, 10, 11, 12, 17, 18, 21, 23, 44, 45, 51, 57, 63, 64, 65, 70, 79, 80]
Bonus: 44
Mean: 37.1
Std_dev: 27.268451020412428
Variance: 743.5684210526316
Median: 33.5
Avg Distance: 4.157894736842105
2019-03-15 2479528
Spots:
[6, 9, 11, 19, 22, 23, 25, 30, 32, 35, 38, 45, 46, 50, 51, 63, 65, 68, 75, 76]
Bonus: 30
Mean: 39.45
Std_dev: 21.96282744715908
Variance: 482.36578947368423
Median: 36.5
Avg Distance: 3.6842105263157894
2019-03-15 2479529
Spots:
[1, 9, 10, 14, 16, 17, 21, 26, 27, 32, 39, 44, 47, 51, 52, 57, 59, 63, 73, 78]
Bonus: 32
Mean: 36.8
Std_dev: 22.70079989316398
Variance: 515.3263157894737
Median: 35.5
Avg Distance: 4.052631578947368
2019-03-15 2479530
Spots:
[2, 4, 11, 16, 17, 23, 26, 32, 39, 40, 48, 53, 55, 56, 61, 66, 67, 70, 76, 78]
Bonus: 66
Mean: 42
Std_dev: 24.447580872681776
Variance: 597.6842105263158
Median: 44.0
Avg Distance: 4.0
2019-03-15 2479531
Spots:
[3, 5, 6, 14, 15, 18, 20, 32, 33, 36, 38, 39, 47, 49, 58, 59, 62, 63, 73, 76]
Bonus: 33
Mean: 37.3
Std_dev: 23.097277123641994
Variance: 533.4842105263158
Median: 37.0
Avg Distance: 3.8421052631578947
2019-03-15 2479532
Spots:
[5, 6, 8, 12, 17, 24, 25, 26, 36, 39, 42, 46, 48, 50, 63, 67, 73, 76, 77, 78]
Bonus: 76
Mean: 40.9
Std_dev: 25.18959685016186
Variance: 634.5157894736842
Median: 40.5
Avg Distance: 3.8421052631578947
2019-03-15 2479533
Spots:
[20, 23, 27, 31, 32, 37, 41, 43, 46, 49, 50, 51, 59, 60, 61, 65, 66, 73, 76, 80]
Bonus: 41
Mean: 49.5
Std_dev: 17.83403015526629
Variance: 318.05263157894734
Median: 49.5
Avg Distance: 3.1578947368421053
2019-03-15 2479534
Spots:
[1, 8, 11, 12, 22, 23, 25, 26, 29, 30, 38, 39, 40, 45, 56, 58, 59, 70, 73, 80]
Bonus: 70
Mean: 37.25
Std_dev: 22.750072296010053
Variance: 517.5657894736842
Median: 34.0
Avg Distance: 4.157894736842105
2019-03-15 2479535
Spots:
[2, 7, 14, 30, 32, 34, 39, 40, 43, 46, 47, 49, 59, 63, 66, 70, 72, 73, 78, 79]
Bonus: 32
Mean: 47.15
Std_dev: 23.063470775460623
Variance: 531.9236842105263
Median: 46.5
Avg Distance: 4.052631578947368
2019-03-15 2479536
Spots:
[1, 6, 7, 9, 11, 12, 14, 21, 23, 34, 42, 45, 46, 48, 55, 56, 73, 74, 75, 79]
Bonus: 34
Mean: 36.55
Std_dev: 26.23471986348986
Variance: 688.2605263157894
Median: 38.0
Avg Distance: 4.105263157894737
2019-03-15 2479537
Spots:
[2, 3, 4, 10, 16, 25, 28, 32, 36, 44, 46, 55, 56, 57, 62, 67, 69, 73, 74, 80]
Bonus: 46
Mean: 41.95
Std_dev: 25.832405189891567
Variance: 667.3131578947368
Median: 45.0
Avg Distance: 4.105263157894737
2019-03-15 2479538
Spots:
[3, 9, 12, 14, 15, 19, 21, 30, 40, 43, 47, 52, 53, 55, 62, 66, 67, 71, 78, 79]
Bonus: 62
Mean: 41.8
Std_dev: 24.776049555547537
Variance: 613.8526315789474
Median: 45.0
Avg Distance: 4.0
2019-03-15 2479539
Spots:
[1, 3, 7, 9, 12, 20, 24, 25, 35, 37, 40, 54, 57, 59, 62, 64, 66, 67, 69, 77]
Bonus: 57
Mean: 39.4
Std_dev: 25.29073056737545
Variance: 639.621052631579
Median: 38.5
Avg Distance: 4.0
2019-03-15 2479540
Spots:
[9, 11, 12, 22, 23, 30, 35, 37, 39, 41, 45, 49, 50, 51, 55, 64, 69, 73, 78, 80]
Bonus: 69
Mean: 43.65
Std_dev: 21.969536324551537
Variance: 482.66052631578947
Median: 43.0
Avg Distance: 3.736842105263158
2019-03-15 2479541
Spots:
[2, 10, 11, 16, 17, 20, 22, 27, 38, 43, 44, 49, 50, 52, 53, 56, 58, 59, 66, 74]
Bonus: 16
Mean: 38.35
Std_dev: 21.057002835661407
Variance: 443.3973684210526
Median: 43.5
Avg Distance: 3.789473684210526
2019-03-15 2479542
Spots:
[1, 2, 3, 26, 33, 34, 36, 40, 41, 54, 59, 60, 61, 63, 64, 67, 69, 70, 72, 73]
Bonus: 73
Mean: 46.4
Std_dev: 23.950387316942894
Variance: 573.621052631579
Median: 56.5
Avg Distance: 3.789473684210526
2019-03-15 2479543
Spots:
[4, 5, 10, 12, 16, 20, 26, 33, 39, 41, 44, 45, 54, 56, 64, 67, 71, 74, 76, 79]
Bonus: 67
Mean: 41.8
Std_dev: 25.23072479506307
Variance: 636.5894736842105
Median: 42.5
Avg Distance: 3.9473684210526314
2019-03-15 2479544
Spots:
[2, 3, 6, 7, 14, 15, 17, 18, 23, 26, 27, 30, 34, 36, 50, 55, 60, 63, 65, 74]
Bonus: 65
Mean: 31.25
Std_dev: 22.57356395152711
Variance: 509.5657894736842
Median: 26.5
Avg Distance: 3.789473684210526
2019-03-15 2479545
Spots:
[2, 4, 7, 11, 15, 16, 18, 24, 27, 30, 42, 46, 51, 56, 59, 68, 69, 72, 77, 79]
Bonus: 77
Mean: 38.65
Std_dev: 26.318444602897596
Variance: 692.6605263157895
Median: 36.0
Avg Distance: 4.052631578947368
2019-03-15 2479546
Spots:
[1, 2, 4, 13, 14, 37, 42, 43, 46, 54, 57, 59, 60, 61, 67, 68, 69, 74, 75, 79]
Bonus: 69
Mean: 46.25
Std_dev: 26.042222801079262
Variance: 678.1973684210526
Median: 55.5
Avg Distance: 4.105263157894737
2019-03-15 2479547
Spots:
[4, 10, 11, 12, 15, 26, 31, 36, 39, 42, 43, 44, 46, 49, 57, 58, 60, 69, 70, 72]
Bonus: 58
Mean: 39.7
Std_dev: 21.351938159284153
Variance: 455.90526315789475
Median: 42.5
Avg Distance: 3.5789473684210527
2019-03-15 2479548
Spots:
[4, 8, 10, 14, 15, 16, 21, 23, 24, 28, 33, 34, 40, 48, 54, 58, 62, 63, 67, 79]
Bonus: 21
Mean: 35.05
Std_dev: 22.465119161655217
Variance: 504.68157894736845
Median: 30.5
Avg Distance: 3.9473684210526314
2019-03-15 2479549
Spots:
[6, 12, 15, 22, 31, 33, 34, 37, 39, 40, 43, 46, 47, 48, 53, 59, 65, 76, 77, 78]
Bonus: 59
Mean: 43.05
Std_dev: 20.901964148451647
Variance: 436.89210526315793
Median: 41.5
Avg Distance: 3.789473684210526
2019-03-15 2479550
Spots:
[3, 7, 9, 13, 16, 20, 21, 27, 29, 31, 33, 36, 39, 42, 43, 56, 67, 70, 72, 79]
Bonus: 29
Mean: 35.65
Std_dev: 22.92613998772672
Variance: 525.6078947368421
Median: 32.0
Avg Distance: 4.0
2019-03-15 2479551
Spots:
[3, 8, 12, 15, 22, 24, 25, 26, 29, 31, 34, 36, 46, 47, 51, 53, 54, 65, 73, 75]
Bonus: 34
Mean: 36.45
Std_dev: 20.919582867935514
Variance: 437.62894736842105
Median: 32.5
Avg Distance: 3.789473684210526
2019-03-15 2479552
Spots:
[3, 9, 10, 13, 18, 19, 26, 31, 37, 38, 44, 45, 52, 54, 57, 59, 66, 72, 74, 77]
Bonus: 59
Mean: 40.2
Std_dev: 23.428727305551508
Variance: 548.9052631578948
Median: 41.0
Avg Distance: 3.8947368421052633
2019-03-15 2479553
Spots:
[3, 7, 8, 11, 12, 18, 22, 36, 38, 39, 43, 46, 49, 50, 57, 62, 63, 74, 77, 78]
Bonus: 43
Mean: 39.65
Std_dev: 24.527696482483677
Variance: 601.6078947368421
Median: 41.0
Avg Distance: 3.9473684210526314
2019-03-15 2479554
Spots:
[6, 7, 9, 11, 12, 15, 19, 25, 28, 32, 34, 49, 54, 56, 60, 63, 64, 66, 75, 79]
Bonus: 54
Mean: 38.2
Std_dev: 24.879922152526714
Variance: 619.0105263157894
Median: 33.0
Avg Distance: 3.8421052631578947
2019-03-15 2479555
Spots:
[1, 8, 11, 16, 23, 25, 38, 42, 47, 48, 50, 51, 52, 57, 59, 61, 73, 74, 78, 79]
Bonus: 73
Mean: 44.65
Std_dev: 23.875279000849837
Variance: 570.0289473684211
Median: 49.0
Avg Distance: 4.105263157894737
2019-03-15 2479556
Spots:
[7, 8, 9, 13, 18, 28, 29, 35, 36, 39, 42, 44, 48, 56, 57, 65, 70, 71, 75, 78]
Bonus: 42
Mean: 41.4
Std_dev: 23.326966549919273
Variance: 544.1473684210526
Median: 40.5
Avg Distance: 3.736842105263158
2019-03-15 2479557
Spots:
[1, 6, 13, 14, 15, 17, 18, 24, 31, 34, 41, 42, 51, 53, 54, 55, 60, 65, 69, 73]
Bonus: 34
Mean: 36.8
Std_dev: 22.43024274219261
Variance: 503.11578947368423
Median: 37.5
Avg Distance: 3.789473684210526
2019-03-15 2479558
Spots:
[1, 9, 11, 15, 17, 25, 37, 43, 46, 47, 52, 54, 57, 58, 61, 63, 67, 69, 72, 75]
Bonus: 15
Mean: 43.95
Std_dev: 23.20951483653565
Variance: 538.6815789473684
Median: 49.5
Avg Distance: 3.8947368421052633
2019-03-15 2479559
Spots:
[2, 6, 12, 14, 16, 17, 18, 20, 27, 33, 37, 44, 48, 49, 51, 66, 67, 70, 71, 73]
Bonus: 6
Mean: 37.05
Std_dev: 23.77410134446394
Variance: 565.2078947368421
Median: 35.0
Avg Distance: 3.736842105263158
2019-03-15 2479560
Spots:
[1, 2, 8, 15, 16, 17, 30, 40, 41, 44, 50, 57, 58, 59, 60, 61, 65, 71, 73, 78]
Bonus: 78
Mean: 42.3
Std_dev: 24.88309508587369
Variance: 619.1684210526315
Median: 47.0
Avg Distance: 4.052631578947368
2019-03-15 2479561
Spots:
[18, 20, 22, 31, 34, 37, 38, 42, 44, 46, 51, 57, 65, 66, 68, 70, 73, 74, 75, 79]
Bonus: 75
Mean: 50.5
Std_dev: 19.96707816698066
Variance: 398.6842105263158
Median: 48.5
Avg Distance: 3.210526315789474
2019-03-15 2479562
Spots:
[5, 11, 15, 22, 33, 34, 39, 41, 46, 53, 54, 56, 57, 60, 65, 68, 75, 78, 79, 80]
Bonus: 56
Mean: 48.55
Std_dev: 23.15275361593087
Variance: 536.05
Median: 53.5
Avg Distance: 3.9473684210526314
2019-03-15 2479563
Spots:
[1, 3, 6, 14, 24, 30, 31, 33, 35, 45, 46, 49, 53, 54, 56, 57, 59, 64, 68, 71]
Bonus: 3
Mean: 39.95
Std_dev: 21.724289098658794
Variance: 471.94473684210527
Median: 45.5
Avg Distance: 3.6842105263157894
2019-03-15 2479564
Spots:
[6, 7, 11, 12, 19, 26, 28, 29, 31, 32, 34, 35, 48, 53, 63, 69, 74, 75, 76, 80]
Bonus: 31
Mean: 40.4
Std_dev: 24.978727791968574
Variance: 623.9368421052632
Median: 33.0
Avg Distance: 3.8947368421052633
2019-03-15 2479565
Spots:
[5, 6, 9, 18, 25, 29, 30, 33, 44, 47, 49, 52, 56, 58, 59, 60, 71, 74, 75, 78]
Bonus: 60
Mean: 43.9
Std_dev: 23.433893582182467
Variance: 549.1473684210526
Median: 48.0
Avg Distance: 3.8421052631578947
2019-03-15 2479566
Spots:
[10, 14, 18, 19, 24, 27, 30, 37, 40, 42, 44, 48, 50, 51, 52, 54, 63, 67, 68, 79]
Bonus: 79
Mean: 41.85
Std_dev: 19.432135619556647
Variance: 377.6078947368421
Median: 43.0
Avg Distance: 3.6315789473684212
2019-03-15 2479567
Spots:
[3, 5, 14, 24, 25, 26, 28, 30, 36, 39, 41, 42, 45, 49, 51, 64, 65, 66, 68, 80]
Bonus: 42
Mean: 40.05
Std_dev: 21.399643381189914
Variance: 457.94473684210527
Median: 40.0
Avg Distance: 4.052631578947368
2019-03-15 2479568
Spots:
[3, 5, 9, 11, 12, 18, 25, 28, 30, 32, 33, 37, 42, 49, 58, 60, 63, 66, 71, 74]
Bonus: 49
Mean: 36.3
Std_dev: 23.069916615184784
Variance: 532.2210526315789
Median: 32.5
Avg Distance: 3.736842105263158
2019-03-15 2479569
Spots:
[4, 5, 17, 23, 35, 37, 39, 40, 43, 47, 51, 54, 56, 58, 60, 63, 64, 70, 73, 80]
Bonus: 37
Mean: 45.95
Std_dev: 21.416852685382334
Variance: 458.68157894736845
Median: 49.0
Avg Distance: 4.0
2019-03-15 2479570
Spots:
[2, 7, 8, 11, 16, 17, 18, 20, 22, 24, 31, 36, 38, 42, 44, 50, 66, 67, 75, 77]
Bonus: 16
Mean: 33.55
Std_dev: 23.345178697560932
Variance: 544.9973684210527
Median: 27.5
Avg Distance: 3.9473684210526314
2019-03-15 2479571
Spots:
[8, 9, 11, 16, 20, 25, 40, 43, 45, 46, 51, 52, 54, 57, 59, 62, 65, 68, 72, 73]
Bonus: 16
Mean: 43.8
Std_dev: 21.673656092617428
Variance: 469.7473684210526
Median: 48.5
Avg Distance: 3.4210526315789473
2019-03-15 2479572
Spots:
[2, 6, 10, 11, 14, 15, 18, 19, 25, 27, 29, 31, 36, 46, 52, 68, 69, 72, 77, 78]
Bonus: 19
Mean: 35.25
Std_dev: 25.51547518045099
Variance: 651.0394736842105
Median: 28.0
Avg Distance: 4.0
2019-03-15 2479573
Spots:
[2, 7, 9, 12, 18, 33, 39, 40, 44, 46, 47, 54, 58, 61, 67, 72, 73, 74, 79, 80]
Bonus: 12
Mean: 45.75
Std_dev: 25.47625313275503
Variance: 649.0394736842105
Median: 46.5
Avg Distance: 4.105263157894737
2019-03-15 2479574
Spots:
[10, 14, 16, 28, 31, 32, 35, 36, 38, 42, 44, 47, 50, 57, 58, 65, 69, 71, 79, 80]
Bonus: 65
Mean: 45.1
Std_dev: 20.895479239098083
Variance: 436.62105263157895
Median: 43.0
Avg Distance: 3.6842105263157894
2019-03-15 2479575
Spots:
[1, 5, 11, 13, 16, 20, 22, 23, 28, 33, 37, 45, 52, 54, 56, 57, 59, 62, 67, 75]
Bonus: 67
Mean: 36.8
Std_dev: 22.491167857160004
Variance: 505.85263157894735
Median: 35.0
Avg Distance: 3.8947368421052633
2019-03-15 2479576
Spots:
[2, 8, 11, 12, 18, 26, 27, 35, 40, 42, 49, 50, 54, 55, 57, 58, 62, 67, 68, 71]
Bonus: 12
Mean: 40.6
Std_dev: 21.929072267798194
Variance: 480.88421052631577
Median: 45.5
Avg Distance: 3.6315789473684212
2019-03-15 2479577
Spots:
[13, 24, 25, 26, 32, 35, 42, 50, 52, 58, 63, 64, 65, 67, 71, 75, 76, 77, 79, 80]
Bonus: 25
Mean: 53.7
Std_dev: 21.45276328661599
Variance: 460.22105263157897
Median: 60.5
Avg Distance: 3.526315789473684
2019-03-15 2479578
Spots:
[5, 11, 12, 15, 22, 26, 28, 29, 32, 34, 38, 39, 44, 49, 51, 52, 56, 63, 72, 76]
Bonus: 26
Mean: 37.7
Std_dev: 20.165368959261762
Variance: 406.6421052631579
Median: 36.0
Avg Distance: 3.736842105263158
2019-03-15 2479579
Spots:
[1, 4, 8, 9, 10, 11, 14, 18, 21, 26, 32, 39, 56, 58, 62, 66, 67, 73, 75, 77]
Bonus: 66
Mean: 36.35
Std_dev: 27.348193435957086
Variance: 747.9236842105263
Median: 29.0
Avg Distance: 4.0
2019-03-15 2479580
Spots:
[2, 6, 9, 13, 14, 20, 30, 33, 35, 46, 48, 56, 58, 59, 60, 65, 68, 70, 77, 78]
Bonus: 60
Mean: 42.35
Std_dev: 25.12343213227968
Variance: 631.1868421052632
Median: 47.0
Avg Distance: 4.0
2019-03-15 2479581
Spots:
[1, 3, 4, 9, 10, 18, 21, 26, 28, 29, 30, 42, 50, 52, 57, 61, 64, 68, 72, 78]
Bonus: 29
Mean: 36.15
Std_dev: 25.091988656478428
Variance: 629.6078947368421
Median: 29.5
Avg Distance: 4.052631578947368
2019-03-15 2479582
Spots:
[2, 8, 9, 12, 22, 23, 26, 30, 35, 41, 44, 45, 46, 48, 57, 61, 65, 67, 69, 70]
Bonus: 35
Mean: 39
Std_dev: 21.87765021539947
Variance: 478.63157894736844
Median: 42.5
Avg Distance: 3.5789473684210527
2019-03-15 2479583
Spots:
[2, 3, 4, 21, 35, 36, 39, 42, 44, 46, 52, 55, 58, 62, 64, 67, 71, 73, 75, 76]
Bonus: 21
Mean: 46.25
Std_dev: 23.88541726440501
Variance: 570.5131578947369
Median: 49.0
Avg Distance: 3.8947368421052633
2019-03-15 2479584
Spots:
[5, 7, 8, 22, 25, 27, 28, 31, 34, 35, 36, 37, 39, 42, 44, 45, 50, 57, 60, 71]
Bonus: 22
Mean: 35.15
Std_dev: 17.309185270741143
Variance: 299.6078947368421
Median: 35.5
Avg Distance: 3.473684210526316
2019-03-15 2479585
Spots:
[1, 4, 5, 20, 23, 26, 27, 30, 33, 35, 36, 43, 47, 49, 59, 68, 70, 71, 72, 80]
Bonus: 26
Mean: 39.95
Std_dev: 24.121348919250153
Variance: 581.8394736842106
Median: 35.5
Avg Distance: 4.157894736842105
2019-03-15 2479586
Spots:
[6, 10, 15, 20, 21, 24, 27, 30, 32, 39, 45, 49, 58, 62, 63, 65, 69, 73, 76, 80]
Bonus: 27
Mean: 43.2
Std_dev: 23.754445567314896
Variance: 564.2736842105263
Median: 42.0
Avg Distance: 3.8947368421052633
2019-03-15 2479587
Spots:
[2, 3, 4, 15, 16, 19, 20, 25, 33, 34, 51, 53, 57, 60, 62, 67, 69, 71, 76, 78]
Bonus: 34
Mean: 40.75
Std_dev: 26.341632047907897
Variance: 693.8815789473684
Median: 42.5
Avg Distance: 4.0
2019-03-15 2479588
Spots:
[1, 5, 10, 19, 21, 25, 29, 34, 37, 43, 45, 48, 53, 58, 62, 63, 67, 74, 78, 79]
Bonus: 63
Mean: 42.55
Std_dev: 24.23888785011652
Variance: 587.5236842105263
Median: 44.0
Avg Distance: 4.105263157894737
2019-03-15 2479589
Spots:
[3, 17, 20, 23, 24, 26, 30, 32, 39, 42, 45, 46, 49, 57, 64, 66, 70, 73, 75, 79]
Bonus: 64
Mean: 44
Std_dev: 22.131187805542893
Variance: 489.7894736842105
Median: 43.5
Avg Distance: 4.0
2019-03-15 2479590
Spots:
[1, 13, 18, 23, 30, 31, 33, 37, 45, 50, 54, 55, 58, 60, 61, 63, 64, 68, 69, 76]
Bonus: 33
Mean: 45.45
Std_dev: 21.032493657997005
Variance: 442.36578947368423
Median: 52.0
Avg Distance: 3.9473684210526314
2019-03-15 2479591
Spots:
[3, 12, 13, 17, 18, 22, 24, 31, 34, 36, 39, 52, 56, 63, 65, 73, 74, 75, 79, 80]
Bonus: 56
Mean: 43.3
Std_dev: 25.6865723676788
Variance: 659.8
Median: 37.5
Avg Distance: 4.052631578947368
2019-03-15 2479592
Spots:
[1, 7, 9, 11, 15, 18, 20, 24, 26, 33, 34, 49, 52, 59, 60, 65, 75, 76, 77, 80]
Bonus: 34
Mean: 39.55
Std_dev: 26.709893692274996
Variance: 713.4184210526316
Median: 33.5
Avg Distance: 4.157894736842105
2019-03-15 2479593
Spots:
[2, 3, 5, 6, 7, 14, 23, 24, 29, 31, 33, 38, 39, 45, 48, 50, 59, 70, 73, 77]
Bonus: 5
Mean: 33.8
Std_dev: 23.950826817944257
Variance: 573.6421052631579
Median: 32.0
Avg Distance: 3.9473684210526314
2019-03-15 2479594
Spots:
[4, 6, 7, 8, 18, 19, 22, 27, 31, 42, 43, 45, 49, 55, 58, 62, 63, 64, 65, 67]
Bonus: 4
Mean: 37.75
Std_dev: 22.447306719234014
Variance: 503.88157894736844
Median: 42.5
Avg Distance: 3.3157894736842106
2019-03-15 2479595
Spots:
[1, 2, 6, 11, 17, 18, 21, 23, 24, 27, 28, 30, 32, 34, 42, 52, 55, 58, 62, 70]
Bonus: 34
Mean: 30.65
Std_dev: 20.165825703793768
Variance: 406.66052631578947
Median: 27.5
Avg Distance: 3.6315789473684212
2019-03-15 2479596
Spots:
[1, 4, 6, 7, 16, 23, 32, 38, 45, 48, 50, 52, 56, 59, 60, 64, 67, 68, 72, 76]
Bonus: 45
Mean: 42.2
Std_dev: 24.76967585789655
Variance: 613.5368421052632
Median: 49.0
Avg Distance: 3.9473684210526314
2019-03-15 2479597
Spots:
[7, 9, 13, 14, 15, 33, 41, 47, 50, 52, 54, 56, 60, 61, 63, 64, 65, 69, 70, 77]
Bonus: 60
Mean: 46
Std_dev: 22.75267479937943
Variance: 517.6842105263158
Median: 53.0
Avg Distance: 3.6842105263157894
2019-03-15 2479598
Spots:
[1, 11, 16, 20, 23, 27, 29, 35, 38, 40, 41, 51, 58, 60, 68, 69, 70, 72, 75, 79]
Bonus: 75
Mean: 44.15
Std_dev: 23.778085886400795
Variance: 565.3973684210526
Median: 40.5
Avg Distance: 4.105263157894737
2019-03-15 2479599
Spots:
[4, 8, 10, 11, 13, 20, 31, 32, 34, 43, 46, 53, 56, 59, 63, 64, 65, 68, 70, 77]
Bonus: 46
Mean: 41.35
Std_dev: 24.004988516644005
Variance: 576.2394736842106
Median: 44.5
Avg Distance: 3.8421052631578947
2019-03-15 2479600
Spots:
[3, 6, 8, 9, 12, 15, 22, 28, 29, 32, 35, 40, 42, 43, 46, 51, 55, 61, 63, 64]
Bonus: 35
Mean: 33.2
Std_dev: 20.017360886043527
Variance: 400.69473684210527
Median: 33.5
Avg Distance: 3.210526315789474
2019-03-15 2479601
Spots:
[1, 3, 4, 9, 17, 18, 27, 36, 44, 46, 53, 57, 61, 67, 70, 71, 73, 75, 76, 77]
Bonus: 1
Mean: 44.25
Std_dev: 27.62888458041502
Variance: 763.3552631578947
Median: 49.5
Avg Distance: 4.0
2019-03-15 2479602
Spots:
[1, 3, 4, 5, 8, 10, 18, 21, 22, 26, 31, 44, 52, 53, 61, 62, 64, 66, 72, 75]
Bonus: 31
Mean: 34.9
Std_dev: 26.17330902394953
Variance: 685.0421052631579
Median: 28.5
Avg Distance: 3.8947368421052633
2019-03-15 2479603
Spots:
[1, 2, 6, 11, 13, 20, 27, 29, 32, 41, 42, 51, 60, 65, 66, 68, 73, 75, 77, 78]
Bonus: 13
Mean: 41.85
Std_dev: 27.255660928173782
Variance: 742.8710526315789
Median: 41.5
Avg Distance: 4.052631578947368
2019-03-15 2479604
Spots:
[11, 13, 15, 18, 21, 22, 28, 30, 43, 44, 46, 49, 50, 53, 56, 62, 65, 66, 68, 77]
Bonus: 77
Mean: 41.85
Std_dev: 20.70411858340725
Variance: 428.66052631578947
Median: 45.0
Avg Distance: 3.473684210526316
2019-03-15 2479605
Spots:
[3, 4, 6, 19, 21, 24, 26, 32, 33, 34, 35, 37, 41, 51, 52, 61, 64, 67, 73, 77]
Bonus: 34
Mean: 38
Std_dev: 22.53418455778266
Variance: 507.7894736842105
Median: 34.5
Avg Distance: 3.8947368421052633
2019-03-15 2479606
Spots:
[9, 10, 11, 13, 17, 18, 24, 31, 32, 33, 35, 38, 45, 53, 64, 66, 67, 69, 71, 72]
Bonus: 38
Mean: 38.9
Std_dev: 22.82634673492799
Variance: 521.0421052631579
Median: 34.0
Avg Distance: 3.3157894736842106
2019-03-15 2479607
Spots:
[14, 17, 18, 24, 31, 33, 35, 38, 40, 44, 48, 51, 62, 63, 66, 71, 72, 78, 79, 80]
Bonus: 48
Mean: 48.2
Std_dev: 22.003827418261388
Variance: 484.1684210526316
Median: 46.0
Avg Distance: 3.473684210526316
2019-03-15 2479608
Spots:
[3, 7, 8, 10, 12, 13, 30, 31, 36, 37, 38, 41, 46, 53, 55, 56, 57, 59, 60, 73]
Bonus: 10
Mean: 36.25
Std_dev: 21.33658829335187
Variance: 455.25
Median: 37.5
Avg Distance: 3.6842105263157894
2019-03-15 2479609
Spots:
[4, 9, 20, 21, 29, 37, 39, 40, 41, 42, 44, 48, 50, 59, 61, 62, 63, 66, 74, 80]
Bonus: 42
Mean: 44.45
Std_dev: 20.755405129875523
Variance: 430.78684210526313
Median: 43.0
Avg Distance: 4.0
2019-03-15 2479610
Spots:
[6, 17, 18, 19, 26, 27, 30, 37, 46, 48, 49, 56, 57, 64, 70, 71, 73, 77, 79, 80]
Bonus: 70
Mean: 47.5
Std_dev: 23.732056933940417
Variance: 563.2105263157895
Median: 48.5
Avg Distance: 3.8947368421052633
2019-03-15 2479611
Spots:
[4, 5, 6, 7, 9, 10, 13, 14, 21, 23, 27, 34, 41, 45, 57, 59, 61, 73, 78, 79]
Bonus: 23
Mean: 33.3
Std_dev: 26.318094635880424
Variance: 692.6421052631579
Median: 25.0
Avg Distance: 3.9473684210526314
2019-03-15 2479612
Spots:
[10, 11, 13, 22, 25, 26, 29, 34, 40, 41, 45, 46, 51, 52, 67, 69, 70, 72, 76, 77]
Bonus: 40
Mean: 43.8
Std_dev: 22.44197195576088
Variance: 503.64210526315793
Median: 43.0
Avg Distance: 3.526315789473684
2019-03-15 2479613
Spots:
[1, 3, 9, 10, 20, 32, 36, 38, 39, 44, 49, 50, 51, 53, 57, 64, 69, 75, 77, 79]
Bonus: 44
Mean: 42.8
Std_dev: 24.481142044224033
Variance: 599.3263157894737
Median: 46.5
Avg Distance: 4.105263157894737
2019-03-15 2479614
Spots:
[16, 18, 20, 21, 23, 25, 36, 38, 41, 42, 44, 53, 55, 60, 61, 64, 71, 72, 74, 75]
Bonus: 21
Mean: 45.45
Std_dev: 20.466853819362612
Variance: 418.8921052631579
Median: 43.0
Avg Distance: 3.1052631578947367
2019-03-15 2479615
Spots:
[2, 9, 10, 15, 19, 20, 22, 25, 26, 27, 31, 36, 45, 48, 53, 56, 57, 72, 74, 75]
Bonus: 20
Mean: 36.1
Std_dev: 22.578284863302194
Variance: 509.77894736842103
Median: 29.0
Avg Distance: 3.8421052631578947
2019-03-15 2479616
Spots:
[4, 13, 14, 17, 19, 27, 32, 35, 38, 43, 48, 49, 50, 53, 55, 58, 59, 62, 67, 70]
Bonus: 43
Mean: 40.65
Std_dev: 19.695778334722554
Variance: 387.9236842105263
Median: 45.5
Avg Distance: 3.473684210526316
2019-03-15 2479617
Spots:
[3, 5, 6, 10, 12, 16, 20, 26, 34, 38, 39, 40, 44, 46, 54, 60, 61, 65, 69, 79]
Bonus: 61
Mean: 36.35
Std_dev: 23.45942746194172
Variance: 550.3447368421052
Median: 38.5
Avg Distance: 4.0
2019-03-15 2479618
Spots:
[7, 11, 12, 20, 21, 22, 24, 29, 32, 34, 35, 41, 44, 45, 47, 48, 52, 54, 65, 79]
Bonus: 41
Mean: 36.1
Std_dev: 18.691118070806844
Variance: 349.3578947368421
Median: 34.5
Avg Distance: 3.789473684210526
2019-03-15 2479619
Spots:
[13, 14, 15, 16, 37, 38, 41, 48, 51, 54, 55, 56, 61, 68, 70, 72, 74, 75, 77, 79]
Bonus: 72
Mean: 50.7
Std_dev: 22.49233787666135
Variance: 505.90526315789475
Median: 54.5
Avg Distance: 3.473684210526316
2019-03-15 2479620
Spots:
[6, 16, 33, 35, 37, 39, 40, 41, 48, 53, 56, 57, 59, 60, 61, 64, 67, 70, 73, 76]
Bonus: 35
Mean: 49.55
Std_dev: 18.58543572404563
Variance: 345.4184210526316
Median: 54.5
Avg Distance: 3.6842105263157894
2019-03-15 2479621
Spots:
[14, 23, 27, 34, 39, 40, 43, 50, 51, 54, 57, 58, 62, 64, 65, 69, 70, 73, 77, 78]
Bonus: 14
Mean: 52.4
Std_dev: 18.443084569047898
Variance: 340.14736842105265
Median: 55.5
Avg Distance: 3.3684210526315788
2019-03-15 2479622
Spots:
[1, 5, 6, 9, 10, 18, 21, 24, 27, 29, 32, 36, 39, 50, 57, 59, 62, 65, 69, 71]
Bonus: 9
Mean: 34.5
Std_dev: 23.272979588943237
Variance: 541.6315789473684
Median: 30.5
Avg Distance: 3.6842105263157894
2019-03-15 2479623
Spots:
[5, 6, 8, 10, 11, 19, 22, 28, 33, 35, 36, 48, 53, 56, 59, 63, 65, 71, 77, 80]
Bonus: 19
Mean: 39.25
Std_dev: 25.202078026268097
Variance: 635.1447368421053
Median: 35.5
Avg Distance: 3.9473684210526314
2019-03-15 2479624
Spots:
[10, 11, 12, 13, 14, 18, 24, 27, 34, 38, 40, 48, 55, 56, 71, 75, 76, 78, 79, 80]
Bonus: 48
Mean: 42.95
Std_dev: 26.454479274486022
Variance: 699.8394736842106
Median: 39.0
Avg Distance: 3.6842105263157894
2019-03-15 2479625
Spots:
[1, 6, 7, 18, 20, 31, 39, 42, 43, 47, 50, 58, 59, 60, 63, 65, 68, 69, 71, 77]
Bonus: 63
Mean: 44.7
Std_dev: 23.67121280774337
Variance: 560.3263157894737
Median: 48.5
Avg Distance: 4.0
2019-03-15 2479626
Spots:
[5, 12, 14, 16, 18, 20, 23, 26, 29, 38, 45, 49, 50, 51, 53, 54, 62, 69, 70, 71]
Bonus: 12
Mean: 38.75
Std_dev: 21.277304439484958
Variance: 452.7236842105263
Median: 41.5
Avg Distance: 3.473684210526316
2019-03-15 2479627
Spots:
[1, 3, 15, 16, 25, 26, 27, 28, 37, 39, 43, 45, 47, 49, 51, 53, 54, 60, 61, 63]
Bonus: 1
Mean: 37.15
Std_dev: 18.768043949336075
Variance: 352.2394736842105
Median: 41.0
Avg Distance: 3.263157894736842
2019-03-15 2479628
Spots:
[4, 8, 10, 11, 18, 22, 26, 29, 30, 32, 34, 37, 52, 55, 63, 68, 73, 76, 77, 79]
Bonus: 4
Mean: 40.2
Std_dev: 25.496336166099177
Variance: 650.0631578947368
Median: 33.0
Avg Distance: 3.9473684210526314
2019-03-15 2479629
Spots:
[5, 9, 17, 29, 30, 31, 33, 36, 45, 50, 54, 55, 59, 62, 64, 66, 73, 74, 76, 79]
Bonus: 30
Mean: 47.35
Std_dev: 22.602456783092826
Variance: 510.87105263157895
Median: 52.0
Avg Distance: 3.8947368421052633
2019-03-15 2479630
Spots:
[2, 6, 9, 14, 15, 18, 30, 42, 43, 45, 46, 52, 54, 55, 56, 57, 70, 73, 79, 80]
Bonus: 9
Mean: 42.3
Std_dev: 24.745228141794808
Variance: 612.3263157894737
Median: 45.5
Avg Distance: 4.105263157894737
2019-03-15 2479631
Spots:
[6, 9, 10, 12, 14, 27, 32, 37, 38, 41, 44, 48, 49, 56, 57, 63, 69, 73, 74, 80]
Bonus: 49
Mean: 41.95
Std_dev: 23.5851759865342
Variance: 556.2605263157894
Median: 42.5
Avg Distance: 3.8947368421052633
2019-03-15 2479632
Spots:
[1, 9, 10, 11, 19, 24, 36, 51, 52, 55, 60, 62, 63, 64, 66, 67, 69, 73, 74, 76]
Bonus: 74
Mean: 47.1
Std_dev: 25.33335641734867
Variance: 641.7789473684211
Median: 57.5
Avg Distance: 3.9473684210526314
2019-03-15 2479633
Spots:
[6, 12, 14, 15, 17, 20, 31, 33, 34, 44, 46, 47, 48, 54, 55, 57, 62, 63, 65, 72]
Bonus: 46
Mean: 39.75
Std_dev: 20.35442535614669
Variance: 414.30263157894734
Median: 45.0
Avg Distance: 3.473684210526316
2019-03-15 2479634
Spots:
[2, 3, 4, 6, 15, 22, 27, 36, 37, 45, 46, 47, 50, 58, 59, 63, 69, 71, 73, 75]
Bonus: 50
Mean: 40.4
Std_dev: 25.0733660327154
Variance: 628.6736842105263
Median: 45.5
Avg Distance: 3.8421052631578947
2019-03-15 2479635
Spots:
[9, 15, 16, 18, 19, 22, 34, 35, 40, 42, 48, 50, 51, 52, 57, 62, 70, 75, 77, 80]
Bonus: 50
Mean: 43.6
Std_dev: 22.375738741112578
Variance: 500.6736842105263
Median: 45.0
Avg Distance: 3.736842105263158
2019-03-15 2479636
Spots:
[2, 13, 16, 18, 26, 29, 33, 34, 35, 38, 40, 43, 46, 47, 50, 66, 69, 70, 72, 74]
Bonus: 16
Mean: 41.05
Std_dev: 21.067498040446345
Variance: 443.83947368421053
Median: 39.0
Avg Distance: 3.789473684210526
2019-03-15 2479637
Spots:
[4, 5, 8, 11, 15, 22, 26, 27, 35, 39, 43, 44, 47, 50, 56, 61, 63, 67, 72, 74]
Bonus: 26
Mean: 38.45
Std_dev: 22.92659912347274
Variance: 525.6289473684211
Median: 41.0
Avg Distance: 3.6842105263157894
2019-03-15 2479638
Spots:
[5, 8, 11, 16, 26, 27, 29, 36, 43, 45, 46, 48, 51, 53, 55, 63, 64, 66, 67, 79]
Bonus: 26
Mean: 41.9
Std_dev: 21.49149158449259
Variance: 461.88421052631577
Median: 45.5
Avg Distance: 3.8947368421052633
2019-03-15 2479639
Spots:
[7, 8, 10, 12, 13, 14, 20, 24, 32, 45, 46, 47, 48, 52, 55, 56, 58, 59, 61, 78]
Bonus: 14
Mean: 37.25
Std_dev: 21.932612103536837
Variance: 481.0394736842105
Median: 45.5
Avg Distance: 3.736842105263158
2019-03-15 2479640
Spots:
[1, 3, 10, 13, 17, 23, 24, 27, 33, 36, 40, 41, 42, 43, 44, 54, 61, 62, 63, 72]
Bonus: 27
Mean: 35.45
Std_dev: 20.66900807336535
Variance: 427.2078947368421
Median: 38.0
Avg Distance: 3.736842105263158
2019-03-15 2479641
Spots:
[4, 5, 9, 10, 15, 27, 30, 31, 42, 46, 47, 49, 51, 53, 60, 68, 69, 72, 73, 76]
Bonus: 60
Mean: 41.85
Std_dev: 24.260157937612334
Variance: 588.5552631578947
Median: 46.5
Avg Distance: 3.789473684210526
2019-03-15 2479642
Spots:
[3, 5, 10, 13, 14, 15, 17, 20, 23, 26, 35, 50, 52, 55, 60, 64, 69, 70, 73, 78]
Bonus: 20
Mean: 37.6
Std_dev: 25.71790283665815
Variance: 661.4105263157894
Median: 30.5
Avg Distance: 3.9473684210526314
2019-03-15 2479643
Spots:
[3, 6, 10, 14, 15, 17, 18, 19, 22, 25, 33, 35, 39, 44, 45, 48, 53, 73, 77, 78]
Bonus: 3
Mean: 33.7
Std_dev: 23.15417434230131
Variance: 536.1157894736842
Median: 29.0
Avg Distance: 3.9473684210526314
2019-03-15 2479644
Spots:
[2, 4, 11, 12, 28, 29, 35, 37, 42, 43, 46, 47, 51, 59, 62, 63, 72, 73, 74, 77]
Bonus: 11
Mean: 43.35
Std_dev: 23.698267758147264
Variance: 561.6078947368421
Median: 44.5
Avg Distance: 3.9473684210526314
2019-03-15 2479645
Spots:
[2, 3, 4, 6, 9, 10, 12, 14, 15, 16, 19, 23, 29, 33, 41, 42, 62, 63, 66, 71]
Bonus: 71
Mean: 27
Std_dev: 22.89794290921532
Variance: 524.3157894736842
Median: 17.5
Avg Distance: 3.6315789473684212
2019-03-15 2479646
Spots:
[2, 5, 6, 8, 9, 18, 21, 23, 28, 31, 33, 37, 45, 46, 47, 57, 58, 66, 72, 76]
Bonus: 6
Mean: 34.4
Std_dev: 23.30439308032083
Variance: 543.0947368421052
Median: 32.0
Avg Distance: 3.8947368421052633
2019-03-15 2479647
Spots:
[3, 4, 9, 10, 13, 26, 29, 33, 35, 37, 42, 43, 44, 45, 48, 54, 59, 68, 70, 79]
Bonus: 10
Mean: 37.55
Std_dev: 22.26036127762814
Variance: 495.5236842105263
Median: 39.5
Avg Distance: 4.0
2019-03-15 2479648
Spots:
[1, 2, 4, 5, 10, 12, 15, 34, 36, 41, 42, 43, 48, 60, 61, 63, 64, 67, 73, 74]
Bonus: 34
Mean: 37.75
Std_dev: 25.898333618411172
Variance: 670.7236842105264
Median: 41.5
Avg Distance: 3.8421052631578947
2019-03-15 2479649
Spots:
[1, 3, 8, 17, 21, 25, 30, 31, 34, 46, 48, 54, 55, 57, 59, 68, 71, 73, 78, 79]
Bonus: 46
Mean: 42.9
Std_dev: 25.18123779408203
Variance: 634.0947368421052
Median: 47.0
Avg Distance: 4.105263157894737
2019-03-15 2479650
Spots:
[1, 3, 6, 9, 13, 14, 16, 18, 20, 30, 42, 48, 49, 53, 54, 55, 57, 63, 66, 71]
Bonus: 6
Mean: 34.4
Std_dev: 23.551511293556647
Variance: 554.6736842105263
Median: 36.0
Avg Distance: 3.6842105263157894
2019-03-15 2479651
Spots:
[9, 12, 14, 16, 17, 24, 25, 28, 30, 31, 32, 34, 35, 38, 45, 46, 56, 67, 68, 77]
Bonus: 17
Mean: 35.2
Std_dev: 19.46548902950796
Variance: 378.90526315789475
Median: 31.5
Avg Distance: 3.5789473684210527
2019-03-15 2479652
Spots:
[1, 6, 7, 12, 13, 16, 21, 24, 25, 30, 39, 42, 44, 45, 50, 51, 53, 68, 74, 77]
Bonus: 44
Mean: 34.9
Std_dev: 22.96656608844119
Variance: 527.4631578947368
Median: 34.5
Avg Distance: 4.0
2019-03-15 2479653
Spots:
[1, 12, 14, 15, 18, 19, 21, 25, 27, 30, 32, 36, 43, 45, 52, 57, 58, 72, 74, 80]
Bonus: 52
Mean: 36.55
Std_dev: 22.709782265057402
Variance: 515.7342105263158
Median: 31.0
Avg Distance: 4.157894736842105
2019-03-15 2479654
Spots:
[2, 3, 4, 5, 7, 10, 11, 12, 14, 17, 27, 29, 36, 47, 51, 62, 63, 68, 74, 77]
Bonus: 36
Mean: 30.95
Std_dev: 26.470390608137393
Variance: 700.6815789473684
Median: 22.0
Avg Distance: 3.9473684210526314
2019-03-15 2479655
Spots:
[3, 8, 12, 17, 21, 28, 36, 42, 45, 55, 56, 57, 60, 61, 68, 72, 74, 75, 78, 80]
Bonus: 74
Mean: 47.4
Std_dev: 25.13626024187704
Variance: 631.8315789473684
Median: 55.5
Avg Distance: 4.052631578947368
2019-03-15 2479656
Spots:
[2, 10, 12, 17, 18, 20, 24, 26, 29, 32, 34, 41, 45, 46, 50, 53, 55, 62, 66, 80]
Bonus: 53
Mean: 36.1
Std_dev: 20.8071344039794
Variance: 432.93684210526317
Median: 33.0
Avg Distance: 4.105263157894737
2019-03-15 2479657
Spots:
[5, 7, 11, 14, 16, 20, 22, 24, 26, 32, 34, 39, 42, 45, 49, 57, 68, 69, 72, 74]
Bonus: 45
Mean: 36.3
Std_dev: 22.494677733094765
Variance: 506.0105263157895
Median: 33.0
Avg Distance: 3.6315789473684212
2019-03-15 2479658
Spots:
[7, 23, 27, 31, 35, 36, 39, 41, 47, 52, 53, 58, 61, 71, 72, 75, 76, 77, 78, 79]
Bonus: 27
Mean: 51.9
Std_dev: 21.528194487572264
Variance: 463.4631578947368
Median: 52.5
Avg Distance: 3.789473684210526
2019-03-15 2479659
Spots:
[2, 5, 10, 15, 27, 28, 36, 38, 39, 45, 49, 53, 54, 57, 59, 62, 66, 68, 70, 78]
Bonus: 36
Mean: 43.05
Std_dev: 22.65409222937088
Variance: 513.2078947368421
Median: 47.0
Avg Distance: 4.0
2019-03-15 2479660
Spots:
[11, 12, 13, 15, 19, 21, 23, 24, 27, 29, 30, 39, 42, 45, 49, 55, 62, 70, 73, 79]
Bonus: 21
Mean: 36.9
Std_dev: 21.586789332464672
Variance: 465.9894736842105
Median: 29.5
Avg Distance: 3.5789473684210527
2019-03-15 2479661
Spots:
[6, 12, 17, 20, 23, 27, 29, 31, 32, 37, 41, 49, 63, 65, 69, 70, 71, 77, 78, 79]
Bonus: 70
Mean: 44.8
Std_dev: 24.509074581511747
Variance: 600.6947368421053
Median: 39.0
Avg Distance: 3.8421052631578947
2019-03-15 2479662
Spots:
[1, 2, 3, 4, 8, 10, 12, 14, 16, 19, 23, 32, 34, 36, 40, 51, 58, 59, 69, 80]
Bonus: 3
Mean: 28.55
Std_dev: 24.127893881520095
Variance: 582.1552631578948
Median: 21.0
Avg Distance: 4.157894736842105
2019-03-15 2479663
Spots:
[3, 7, 17, 19, 23, 25, 28, 32, 37, 40, 44, 50, 51, 52, 59, 61, 62, 67, 75, 76]
Bonus: 19
Mean: 41.4
Std_dev: 21.808737988053753
Variance: 475.62105263157895
Median: 42.0
Avg Distance: 3.8421052631578947
2019-03-15 2479664
Spots:
[7, 14, 15, 17, 21, 25, 28, 31, 32, 35, 40, 41, 46, 47, 52, 53, 55, 67, 76, 80]
Bonus: 40
Mean: 39.1
Std_dev: 20.585891949789815
Variance: 423.7789473684211
Median: 37.5
Avg Distance: 3.8421052631578947
2019-03-15 2479665
Spots:
[5, 6, 10, 14, 17, 20, 27, 28, 33, 41, 48, 50, 51, 58, 63, 66, 69, 73, 78, 80]
Bonus: 5
Mean: 41.85
Std_dev: 25.09828050306487
Variance: 629.9236842105263
Median: 44.5
Avg Distance: 3.9473684210526314
2019-03-15 2479666
Spots:
[2, 5, 10, 16, 24, 27, 39, 40, 42, 48, 49, 52, 53, 54, 56, 62, 65, 68, 70, 74]
Bonus: 52
Mean: 42.8
Std_dev: 22.096915717143112
Variance: 488.2736842105263
Median: 48.5
Avg Distance: 3.789473684210526
2019-03-15 2479667
Spots:
[7, 9, 13, 16, 18, 20, 23, 24, 42, 50, 51, 53, 55, 58, 60, 63, 66, 71, 77, 79]
Bonus: 24
Mean: 42.75
Std_dev: 24.096025005229215
Variance: 580.6184210526316
Median: 50.5
Avg Distance: 3.789473684210526
2019-03-15 2479668
Spots:
[4, 5, 18, 19, 25, 27, 29, 30, 35, 43, 45, 50, 51, 52, 57, 71, 73, 74, 75, 78]
Bonus: 43
Mean: 43.05
Std_dev: 23.46660561196204
Variance: 550.6815789473684
Median: 44.0
Avg Distance: 3.8947368421052633
2019-03-15 2479669
Spots:
[2, 5, 8, 9, 15, 21, 23, 32, 35, 40, 45, 49, 53, 54, 58, 59, 65, 66, 67, 78]
Bonus: 21
Mean: 39.2
Std_dev: 23.65898071390762
Variance: 559.7473684210527
Median: 42.5
Avg Distance: 4.0
2019-03-15 2479670
Spots:
[12, 15, 18, 22, 23, 24, 29, 32, 33, 35, 38, 39, 46, 50, 51, 52, 53, 69, 72, 76]
Bonus: 39
Mean: 39.45
Std_dev: 18.849752197170574
Variance: 355.31315789473683
Median: 36.5
Avg Distance: 3.3684210526315788
2019-03-15 2479671
Spots:
[1, 4, 6, 7, 9, 14, 17, 22, 23, 27, 28, 30, 32, 37, 40, 45, 56, 57, 67, 78]
Bonus: 1
Mean: 30
Std_dev: 21.848762460437698
Variance: 477.36842105263156
Median: 27.5
Avg Distance: 4.052631578947368
2019-03-15 2479672
Spots:
[2, 8, 13, 22, 26, 28, 33, 36, 38, 43, 44, 54, 57, 61, 65, 67, 72, 74, 75, 79]
Bonus: 43
Mean: 44.85
Std_dev: 23.720466401733958
Variance: 562.6605263157895
Median: 43.5
Avg Distance: 4.052631578947368
2019-03-15 2479673
Spots:
[2, 10, 15, 17, 22, 32, 38, 39, 40, 43, 45, 46, 53, 56, 57, 60, 62, 65, 67, 72]
Bonus: 38
Mean: 42.05
Std_dev: 20.330104719227023
Variance: 413.31315789473683
Median: 44.0
Avg Distance: 3.6842105263157894
2019-03-15 2479674
Spots:
[3, 4, 6, 7, 17, 19, 24, 32, 36, 38, 40, 42, 46, 57, 61, 62, 70, 71, 74, 76]
Bonus: 70
Mean: 39.25
Std_dev: 24.895307103738922
Variance: 619.7763157894736
Median: 39.0
Avg Distance: 3.8421052631578947
2019-03-15 2479675
Spots:
[3, 8, 13, 14, 19, 23, 24, 27, 28, 29, 30, 32, 36, 43, 47, 50, 56, 57, 64, 67]
Bonus: 57
Mean: 33.5
Std_dev: 18.582674443515504
Variance: 345.3157894736842
Median: 29.5
Avg Distance: 3.3684210526315788
2019-03-15 2479676
Spots:
[4, 6, 22, 24, 27, 31, 34, 36, 45, 47, 50, 53, 59, 64, 67, 70, 71, 74, 78, 79]
Bonus: 64
Mean: 47.05
Std_dev: 23.318109068411097
Variance: 543.7342105263158
Median: 48.5
Avg Distance: 3.9473684210526314
2019-03-15 2479677
Spots:
[2, 5, 13, 15, 22, 25, 27, 38, 49, 50, 52, 53, 54, 58, 59, 68, 72, 74, 76, 77]
Bonus: 68
Mean: 44.45
Std_dev: 24.444297580632714
Variance: 597.5236842105263
Median: 51.0
Avg Distance: 3.9473684210526314
2019-03-15 2479678
Spots:
[1, 2, 8, 15, 24, 26, 27, 36, 37, 40, 44, 47, 48, 49, 51, 61, 68, 69, 75, 78]
Bonus: 15
Mean: 40.3
Std_dev: 23.310490071391055
Variance: 543.378947368421
Median: 42.0
Avg Distance: 4.052631578947368
2019-03-15 2479679
Spots:
[7, 8, 12, 17, 22, 27, 34, 36, 38, 39, 42, 47, 53, 57, 58, 64, 68, 70, 74, 76]
Bonus: 38
Mean: 42.45
Std_dev: 22.246170575250876
Variance: 494.8921052631579
Median: 40.5
Avg Distance: 3.6315789473684212
2019-03-15 2479680
Spots:
[11, 13, 14, 18, 24, 33, 38, 39, 48, 49, 50, 54, 55, 59, 60, 61, 63, 75, 78, 80]
Bonus: 55
Mean: 46.1
Std_dev: 21.718049733125817
Variance: 471.6736842105263
Median: 49.5
Avg Distance: 3.6315789473684212
2019-03-15 2479681
Spots:
[1, 8, 22, 23, 30, 31, 33, 37, 39, 41, 47, 51, 55, 62, 63, 70, 72, 75, 76, 79]
Bonus: 41
Mean: 45.75
Std_dev: 23.06940329573031
Variance: 532.1973684210526
Median: 44.0
Avg Distance: 4.105263157894737
2019-03-15 2479682
Spots:
[2, 4, 8, 10, 14, 15, 20, 21, 22, 33, 35, 44, 45, 50, 56, 57, 60, 62, 67, 80]
Bonus: 50
Mean: 35.25
Std_dev: 23.58829995435962
Variance: 556.4078947368421
Median: 34.0
Avg Distance: 4.105263157894737
2019-03-15 2479683
Spots:
[5, 10, 11, 15, 18, 20, 22, 27, 28, 32, 38, 49, 50, 53, 54, 56, 57, 62, 68, 71]
Bonus: 56
Mean: 37.3
Std_dev: 20.968899275882492
Variance: 439.69473684210527
Median: 35.0
Avg Distance: 3.473684210526316
2019-03-15 2479684
Spots:
[4, 5, 7, 21, 22, 28, 33, 35, 36, 40, 44, 45, 59, 64, 65, 70, 71, 72, 75, 78]
Bonus: 71
Mean: 43.7
Std_dev: 24.508000841830366
Variance: 600.6421052631579
Median: 42.0
Avg Distance: 3.8947368421052633
2019-03-15 2479685
Spots:
[3, 9, 11, 12, 19, 21, 24, 25, 27, 29, 30, 33, 35, 40, 42, 56, 59, 63, 70, 79]
Bonus: 11
Mean: 34.35
Std_dev: 21.317832910500073
Variance: 454.45
Median: 29.5
Avg Distance: 4.0
2019-03-15 2479686
Spots:
[2, 4, 8, 9, 11, 14, 18, 22, 29, 30, 36, 44, 46, 51, 54, 61, 64, 74, 77, 79]
Bonus: 22
Mean: 36.65
Std_dev: 25.643866610494644
Variance: 657.6078947368421
Median: 33.0
Avg Distance: 4.052631578947368
2019-03-15 2479687
Spots:
[4, 8, 9, 12, 14, 15, 17, 18, 23, 45, 57, 60, 62, 64, 66, 68, 71, 72, 76, 80]
Bonus: 60
Mean: 42.05
Std_dev: 27.814186081358216
Variance: 773.6289473684211
Median: 51.0
Avg Distance: 4.0
2019-03-15 2479688
Spots:
[4, 7, 8, 9, 16, 20, 27, 33, 34, 35, 44, 46, 50, 56, 61, 62, 68, 69, 74, 78]
Bonus: 78
Mean: 40.05
Std_dev: 24.26059182685933
Variance: 588.5763157894737
Median: 39.5
Avg Distance: 3.8947368421052633
2019-03-15 2479689
Spots:
[1, 2, 5, 6, 7, 13, 15, 17, 21, 27, 31, 34, 41, 50, 52, 56, 59, 61, 62, 80]
Bonus: 5
Mean: 32
Std_dev: 24.139942877009116
Variance: 582.7368421052631
Median: 29.0
Avg Distance: 4.157894736842105
2019-03-15 2479690
Spots:
[12, 15, 17, 20, 24, 28, 32, 33, 34, 35, 36, 40, 45, 49, 53, 54, 57, 62, 74, 78]
Bonus: 74
Mean: 39.9
Std_dev: 18.878838055235008
Variance: 356.41052631578947
Median: 35.5
Avg Distance: 3.473684210526316
2019-03-15 2479691
Spots:
[2, 4, 5, 8, 9, 12, 18, 21, 42, 45, 47, 50, 66, 67, 68, 71, 72, 74, 77, 80]
Bonus: 5
Mean: 41.9
Std_dev: 29.004355389819427
Variance: 841.2526315789473
Median: 46.0
Avg Distance: 4.105263157894737
2019-03-15 2479692
Spots:
[6, 8, 11, 16, 17, 18, 25, 28, 30, 34, 36, 47, 51, 56, 59, 63, 72, 74, 75, 79]
Bonus: 79
Mean: 40.25
Std_dev: 24.464528564735044
Variance: 598.5131578947369
Median: 35.0
Avg Distance: 3.8421052631578947
2019-03-15 2479693
Spots:
[4, 8, 9, 15, 20, 24, 26, 29, 33, 39, 42, 44, 45, 46, 52, 62, 63, 70, 77, 79]
Bonus: 44
Mean: 39.35
Std_dev: 22.88248008273671
Variance: 523.6078947368421
Median: 40.5
Avg Distance: 3.9473684210526314
2019-03-15 2479694
Spots:
[7, 15, 18, 22, 23, 29, 34, 39, 40, 41, 46, 55, 57, 61, 64, 65, 67, 70, 74, 78]
Bonus: 65
Mean: 45.25
Std_dev: 21.569654610122992
Variance: 465.25
Median: 43.5
Avg Distance: 3.736842105263158
2019-03-15 2479695
Spots:
[2, 5, 7, 9, 14, 15, 18, 23, 42, 48, 53, 56, 57, 59, 63, 65, 66, 70, 72, 74]
Bonus: 18
Mean: 40.9
Std_dev: 25.985623555707633
Variance: 675.2526315789473
Median: 50.5
Avg Distance: 3.789473684210526
2019-03-15 2479696
Spots:
[1, 6, 8, 9, 16, 18, 19, 21, 23, 29, 36, 43, 45, 47, 55, 59, 62, 68, 72, 80]
Bonus: 21
Mean: 35.85
Std_dev: 24.24279599994062
Variance: 587.7131578947368
Median: 32.5
Avg Distance: 4.157894736842105
2019-03-15 2479697
Spots:
[8, 16, 20, 21, 30, 31, 32, 39, 41, 43, 45, 49, 54, 56, 58, 63, 66, 69, 72, 77]
Bonus: 16
Mean: 44.5
Std_dev: 19.9116469487214
Variance: 396.4736842105263
Median: 44.0
Avg Distance: 3.6315789473684212
2019-03-15 2479698
Spots:
[1, 9, 11, 13, 21, 22, 34, 39, 41, 44, 51, 52, 53, 54, 57, 63, 64, 65, 68, 75]
Bonus: 22
Mean: 41.85
Std_dev: 22.219657015686288
Variance: 493.71315789473687
Median: 47.5
Avg Distance: 3.8947368421052633
2019-03-15 2479699
Spots:
[3, 39, 42, 43, 44, 47, 52, 53, 56, 58, 59, 61, 62, 65, 66, 67, 72, 73, 74, 75]
Bonus: 42
Mean: 55.55
Std_dev: 16.725256665483965
Variance: 279.7342105263158
Median: 58.5
Avg Distance: 3.789473684210526
2019-03-15 2479700
Spots:
[1, 8, 11, 12, 18, 21, 28, 29, 36, 44, 46, 57, 66, 67, 68, 71, 74, 75, 77, 79]
Bonus: 18
Mean: 44.4
Std_dev: 26.82379148207211
Variance: 719.5157894736842
Median: 45.0
Avg Distance: 4.105263157894737
2019-03-15 2479701
Spots:
[4, 8, 9, 17, 22, 27, 28, 35, 36, 38, 42, 43, 47, 52, 54, 61, 65, 73, 78, 80]
Bonus: 61
Mean: 40.95
Std_dev: 23.02738644127443
Variance: 530.2605263157894
Median: 40.0
Avg Distance: 4.0
2019-03-15 2479702
Spots:
[2, 13, 14, 19, 20, 21, 24, 26, 32, 34, 44, 55, 56, 57, 62, 68, 70, 74, 75, 76]
Bonus: 70
Mean: 42.1
Std_dev: 24.220261200729833
Variance: 586.6210526315789
Median: 39.0
Avg Distance: 3.8947368421052633
2019-03-15 2479703
Spots:
[1, 2, 3, 5, 6, 8, 9, 16, 28, 32, 34, 42, 45, 49, 52, 54, 57, 71, 73, 77]
Bonus: 52
Mean: 33.2
Std_dev: 25.90793416371863
Variance: 671.2210526315789
Median: 33.0
Avg Distance: 4.0
2019-03-15 2479704
Spots:
[11, 15, 16, 17, 19, 29, 34, 40, 43, 46, 47, 48, 52, 59, 60, 63, 68, 70, 72, 74]
Bonus: 15
Mean: 44.15
Std_dev: 20.876264537810197
Variance: 435.8184210526316
Median: 46.5
Avg Distance: 3.3157894736842106
2019-03-15 2479705
Spots:
[6, 12, 14, 16, 18, 19, 25, 28, 34, 36, 40, 44, 46, 53, 54, 58, 60, 62, 70, 79]
Bonus: 12
Mean: 38.7
Std_dev: 21.213451541788043
Variance: 450.0105263157895
Median: 38.0
Avg Distance: 3.8421052631578947
2019-03-15 2479706
Spots:
[3, 7, 10, 21, 31, 35, 41, 45, 48, 50, 52, 53, 60, 69, 72, 73, 74, 75, 79, 80]
Bonus: 74
Mean: 48.9
Std_dev: 24.708617716774125
Variance: 610.5157894736842
Median: 51.0
Avg Distance: 4.052631578947368
2019-03-15 2479707
Spots:
[10, 11, 22, 25, 26, 37, 39, 40, 42, 44, 46, 47, 48, 54, 56, 57, 60, 67, 72, 76]
Bonus: 22
Mean: 43.95
Std_dev: 18.557095394314388
Variance: 344.36578947368423
Median: 45.0
Avg Distance: 3.473684210526316
2019-03-15 2479708
Spots:
[10, 11, 18, 22, 27, 34, 35, 38, 40, 41, 48, 49, 51, 52, 57, 61, 62, 63, 75, 77]
Bonus: 34
Mean: 43.55
Std_dev: 19.57300772949695
Variance: 383.10263157894735
Median: 44.5
Avg Distance: 3.526315789473684
2019-03-15 2479709
Spots:
[4, 11, 12, 13, 14, 19, 22, 23, 35, 41, 46, 50, 52, 53, 55, 63, 64, 66, 74, 75]
Bonus: 22
Mean: 39.6
Std_dev: 23.213879695697482
Variance: 538.8842105263158
Median: 43.5
Avg Distance: 3.736842105263158
2019-03-15 2479710
Spots:
[10, 16, 18, 20, 22, 28, 34, 37, 38, 39, 41, 48, 52, 59, 60, 61, 67, 73, 74, 79]
Bonus: 74
Mean: 43.8
Std_dev: 21.14511266164558
Variance: 447.11578947368423
Median: 40.0
Avg Distance: 3.6315789473684212
2019-03-15 2479711
Spots:
[7, 9, 10, 12, 20, 28, 30, 39, 40, 41, 46, 48, 51, 52, 53, 56, 67, 69, 71, 80]
Bonus: 52
Mean: 41.45
Std_dev: 22.07517061983297
Variance: 487.31315789473683
Median: 43.5
Avg Distance: 3.8421052631578947
2019-03-15 2479712
Spots:
[1, 2, 15, 18, 22, 33, 35, 38, 40, 44, 45, 54, 57, 62, 63, 68, 69, 70, 78, 79]
Bonus: 35
Mean: 44.65
Std_dev: 24.140542443650354
Variance: 582.7657894736842
Median: 44.5
Avg Distance: 4.105263157894737
2019-03-15 2479713
Spots:
[3, 6, 10, 15, 18, 24, 25, 30, 31, 34, 44, 50, 51, 57, 60, 62, 69, 71, 77, 79]
Bonus: 50
Mean: 40.8
Std_dev: 24.410092822005968
Variance: 595.8526315789474
Median: 39.0
Avg Distance: 4.0
2019-03-15 2479714
Spots:
[2, 3, 7, 9, 17, 25, 28, 31, 33, 41, 49, 54, 57, 61, 62, 69, 73, 74, 77, 79]
Bonus: 62
Mean: 42.55
Std_dev: 26.386749066828777
Variance: 696.2605263157894
Median: 45.0
Avg Distance: 4.052631578947368
2019-03-15 2479715
Spots:
[5, 6, 7, 8, 12, 14, 20, 26, 29, 46, 47, 52, 54, 57, 60, 62, 68, 73, 79, 80]
Bonus: 68
Mean: 40.25
Std_dev: 26.41944060924196
Variance: 697.9868421052631
Median: 46.5
Avg Distance: 3.9473684210526314
2019-03-15 2479716
Spots:
[6, 7, 18, 20, 28, 30, 31, 35, 36, 38, 39, 40, 44, 50, 51, 58, 67, 69, 76, 80]
Bonus: 18
Mean: 41.15
Std_dev: 21.151769864979446
Variance: 447.39736842105265
Median: 38.5
Avg Distance: 3.8947368421052633
2019-03-15 2479717
Spots:
[4, 8, 15, 18, 21, 23, 43, 44, 54, 55, 60, 61, 62, 63, 64, 69, 75, 76, 77, 79]
Bonus: 63
Mean: 48.55
Std_dev: 24.862728393277653
Variance: 618.1552631578948
Median: 57.5
Avg Distance: 3.9473684210526314
2019-03-15 2479718
Spots:
[3, 5, 11, 12, 19, 29, 36, 38, 43, 47, 48, 50, 53, 54, 59, 63, 64, 68, 75, 77]
Bonus: 5
Mean: 42.7
Std_dev: 23.040239399341043
Variance: 530.8526315789474
Median: 47.5
Avg Distance: 3.8947368421052633
2019-03-15 2479719
Spots:
[3, 11, 12, 24, 26, 28, 33, 37, 40, 42, 49, 54, 55, 59, 60, 67, 71, 75, 78, 80]
Bonus: 42
Mean: 45.2
Std_dev: 23.32064818093501
Variance: 543.8526315789474
Median: 45.5
Avg Distance: 4.052631578947368
2019-03-15 2479720
Spots:
[5, 10, 12, 17, 18, 23, 27, 35, 39, 46, 47, 52, 53, 61, 62, 63, 65, 71, 77, 80]
Bonus: 39
Mean: 43.15
Std_dev: 23.636000641305404
Variance: 558.6605263157894
Median: 46.5
Avg Distance: 3.9473684210526314
2019-03-15 2479721
Spots:
[2, 7, 10, 13, 16, 17, 18, 20, 25, 33, 34, 40, 44, 47, 56, 57, 61, 69, 71, 78]
Bonus: 7
Mean: 35.9
Std_dev: 23.420413947530566
Variance: 548.5157894736842
Median: 33.5
Avg Distance: 4.0
2019-03-15 2479722
Spots:
[2, 6, 12, 14, 15, 18, 20, 29, 31, 32, 37, 43, 47, 50, 52, 57, 62, 67, 70, 79]
Bonus: 12
Mean: 37.15
Std_dev: 22.834127275222336
Variance: 521.3973684210526
Median: 34.5
Avg Distance: 4.052631578947368
2019-03-15 2479723
Spots:
[9, 12, 16, 19, 22, 23, 27, 30, 32, 40, 41, 42, 49, 60, 61, 67, 68, 73, 75, 80]
Bonus: 19
Mean: 42.3
Std_dev: 22.891276205484687
Variance: 524.0105263157894
Median: 40.5
Avg Distance: 3.736842105263158
2019-03-15 2479724
Spots:
[3, 6, 23, 27, 29, 33, 36, 40, 45, 51, 53, 55, 61, 63, 65, 68, 71, 73, 76, 79]
Bonus: 40
Mean: 47.85
Std_dev: 22.62107773504032
Variance: 511.7131578947368
Median: 52.0
Avg Distance: 4.0
2019-03-15 2479725
Spots:
[5, 6, 8, 16, 17, 30, 31, 44, 45, 48, 50, 52, 61, 63, 66, 71, 73, 75, 79, 80]
Bonus: 17
Mean: 46
Std_dev: 25.507480842830567
Variance: 650.6315789473684
Median: 49.0
Avg Distance: 3.9473684210526314
2019-03-15 2479726
Spots:
[4, 5, 6, 7, 11, 12, 27, 33, 41, 46, 52, 53, 54, 63, 64, 66, 68, 69, 70, 79]
Bonus: 70
Mean: 41.5
Std_dev: 26.09395977696956
Variance: 680.8947368421053
Median: 49.0
Avg Distance: 3.9473684210526314
2019-03-15 2479727
Spots:
[2, 5, 6, 11, 15, 16, 20, 29, 36, 43, 47, 52, 55, 57, 61, 69, 71, 73, 78, 79]
Bonus: 61
Mean: 41.25
Std_dev: 26.542666744220274
Variance: 704.5131578947369
Median: 45.0
Avg Distance: 4.052631578947368
2019-03-15 2479728
Spots:
[1, 3, 4, 19, 28, 30, 31, 32, 33, 40, 42, 44, 57, 58, 65, 66, 67, 73, 77, 80]
Bonus: 44
Mean: 42.5
Std_dev: 24.77371272347492
Variance: 613.7368421052631
Median: 41.0
Avg Distance: 4.157894736842105
2019-03-15 2479729
Spots:
[5, 7, 8, 9, 13, 20, 22, 25, 26, 28, 35, 40, 47, 53, 55, 65, 68, 75, 76, 78]
Bonus: 68
Mean: 37.75
Std_dev: 25.19163394963954
Variance: 634.6184210526316
Median: 31.5
Avg Distance: 3.8421052631578947
2019-03-15 2479730
Spots:
[1, 12, 14, 15, 17, 18, 19, 22, 26, 33, 39, 42, 47, 50, 51, 58, 60, 70, 76, 79]
Bonus: 70
Mean: 37.45
Std_dev: 23.186827022437136
Variance: 537.628947368421
Median: 36.0
Avg Distance: 4.105263157894737
2019-03-15 2479731
Spots:
[1, 4, 7, 9, 18, 19, 22, 24, 26, 30, 37, 41, 51, 52, 54, 55, 58, 61, 62, 69]
Bonus: 54
Mean: 35
Std_dev: 21.708596405450464
Variance: 471.2631578947368
Median: 33.5
Avg Distance: 3.5789473684210527
2019-03-15 2479732
Spots:
[6, 15, 19, 20, 21, 28, 31, 33, 34, 41, 46, 49, 51, 62, 64, 67, 72, 78, 79, 80]
Bonus: 41
Mean: 44.8
Std_dev: 23.451181094709113
Variance: 549.9578947368421
Median: 43.5
Avg Distance: 3.8947368421052633
2019-03-15 2479733
Spots:
[1, 2, 6, 10, 13, 19, 23, 33, 36, 39, 43, 44, 45, 49, 50, 56, 59, 68, 71, 79]
Bonus: 79
Mean: 37.3
Std_dev: 23.524007893393104
Variance: 553.3789473684211
Median: 41.0
Avg Distance: 4.105263157894737
2019-03-15 2479734
Spots:
[2, 3, 5, 7, 8, 12, 16, 19, 23, 24, 30, 32, 37, 47, 52, 56, 64, 69, 73, 74]
Bonus: 37
Mean: 32.65
Std_dev: 24.81568901023366
Variance: 615.8184210526316
Median: 27.0
Avg Distance: 3.789473684210526
2019-03-15 2479735
Spots:
[2, 5, 10, 12, 14, 16, 18, 22, 28, 29, 30, 32, 43, 45, 46, 62, 64, 65, 71, 80]
Bonus: 43
Mean: 34.7
Std_dev: 23.615561328118062
Variance: 557.6947368421053
Median: 29.5
Avg Distance: 4.105263157894737
