2019-03-11 2478236
Spots:
[1, 5, 13, 15, 20, 30, 34, 39, 44, 49, 51, 52, 58, 60, 63, 64, 67, 70, 72, 73]
Bonus: 13
Mean: 44
Std_dev: 23.226572803806555
Variance: 539.4736842105264
Median: 50.0
Avg Distance: 3.789473684210526
2019-03-11 2478237
Spots:
[2, 6, 13, 19, 20, 25, 28, 30, 33, 40, 41, 42, 43, 44, 45, 56, 69, 76, 79, 80]
Bonus: 33
Mean: 39.55
Std_dev: 23.229914923830886
Variance: 539.628947368421
Median: 40.5
Avg Distance: 4.105263157894737
2019-03-11 2478238
Spots:
[5, 11, 12, 20, 23, 24, 26, 39, 40, 41, 43, 46, 49, 62, 66, 67, 68, 77, 79, 80]
Bonus: 24
Mean: 43.9
Std_dev: 24.037032832036925
Variance: 577.7789473684211
Median: 42.0
Avg Distance: 3.9473684210526314
2019-03-11 2478239
Spots:
[6, 8, 14, 19, 22, 24, 28, 35, 37, 39, 41, 46, 48, 49, 50, 60, 65, 68, 71, 72]
Bonus: 41
Mean: 40.1
Std_dev: 20.68790645967374
Variance: 427.9894736842105
Median: 40.0
Avg Distance: 3.473684210526316
2019-03-11 2478240
Spots:
[3, 6, 8, 10, 17, 22, 27, 36, 42, 47, 48, 50, 51, 53, 54, 57, 59, 61, 63, 69]
Bonus: 47
Mean: 39.15
Std_dev: 21.32030166667195
Variance: 454.55526315789473
Median: 47.5
Avg Distance: 3.473684210526316
2019-03-11 2478241
Spots:
[2, 3, 6, 7, 10, 13, 21, 24, 30, 37, 43, 46, 48, 49, 50, 57, 59, 63, 75, 77]
Bonus: 63
Mean: 36
Std_dev: 24.231341166696534
Variance: 587.1578947368421
Median: 40.0
Avg Distance: 3.9473684210526314
2019-03-11 2478242
Spots:
[1, 4, 13, 19, 23, 27, 28, 34, 35, 45, 50, 58, 60, 67, 68, 70, 76, 77, 78, 80]
Bonus: 35
Mean: 45.65
Std_dev: 26.139856641977932
Variance: 683.2921052631579
Median: 47.5
Avg Distance: 4.157894736842105
2019-03-11 2478243
Spots:
[4, 9, 14, 15, 16, 17, 18, 20, 21, 22, 23, 24, 25, 31, 33, 43, 57, 61, 76, 78]
Bonus: 21
Mean: 30.35
Std_dev: 21.45809870421888
Variance: 460.45
Median: 22.5
Avg Distance: 3.8947368421052633
2019-03-11 2478244
Spots:
[10, 23, 25, 34, 36, 47, 49, 51, 52, 55, 57, 59, 61, 68, 69, 74, 75, 77, 78, 80]
Bonus: 36
Mean: 54
Std_dev: 20.09975124224178
Variance: 404
Median: 56.0
Avg Distance: 3.6842105263157894
2019-03-11 2478245
Spots:
[3, 6, 7, 21, 24, 31, 32, 37, 41, 46, 49, 50, 56, 65, 67, 70, 71, 75, 79, 80]
Bonus: 80
Mean: 45.5
Std_dev: 24.93676212468567
Variance: 621.8421052631579
Median: 47.5
Avg Distance: 4.052631578947368
2019-03-11 2478246
Spots:
[8, 9, 10, 11, 12, 14, 18, 25, 35, 43, 45, 46, 48, 52, 56, 63, 67, 71, 76, 80]
Bonus: 48
Mean: 39.45
Std_dev: 24.66933958965002
Variance: 608.5763157894737
Median: 44.0
Avg Distance: 3.789473684210526
2019-03-11 2478247
Spots:
[2, 4, 5, 11, 12, 13, 16, 17, 29, 30, 35, 36, 39, 40, 44, 64, 68, 72, 76, 78]
Bonus: 64
Mean: 34.55
Std_dev: 25.37399207228162
Variance: 643.8394736842105
Median: 32.5
Avg Distance: 4.0
2019-03-11 2478248
Spots:
[2, 3, 4, 7, 9, 12, 17, 22, 24, 34, 38, 40, 43, 56, 58, 65, 67, 73, 77, 79]
Bonus: 40
Mean: 36.5
Std_dev: 26.91995933366757
Variance: 724.6842105263158
Median: 36.0
Avg Distance: 4.052631578947368
2019-03-11 2478249
Spots:
[8, 12, 14, 16, 18, 19, 21, 26, 32, 34, 35, 53, 55, 56, 58, 61, 62, 71, 76, 77]
Bonus: 35
Mean: 40.2
Std_dev: 23.159856376247696
Variance: 536.3789473684211
Median: 34.5
Avg Distance: 3.6315789473684212
2019-03-11 2478250
Spots:
[3, 5, 9, 11, 22, 25, 27, 36, 38, 47, 53, 60, 62, 66, 67, 69, 73, 74, 75, 77]
Bonus: 53
Mean: 44.95
Std_dev: 25.986788141183144
Variance: 675.3131578947368
Median: 50.0
Avg Distance: 3.8947368421052633
2019-03-11 2478251
Spots:
[2, 4, 5, 7, 9, 14, 21, 23, 36, 37, 38, 40, 42, 46, 48, 53, 56, 59, 68, 79]
Bonus: 79
Mean: 34.35
Std_dev: 22.857165178560532
Variance: 522.45
Median: 37.5
Avg Distance: 4.052631578947368
2019-03-11 2478252
Spots:
[1, 5, 8, 11, 13, 19, 32, 33, 35, 36, 51, 54, 57, 61, 65, 67, 74, 75, 77, 80]
Bonus: 61
Mean: 42.7
Std_dev: 26.695357372830916
Variance: 712.6421052631579
Median: 43.5
Avg Distance: 4.157894736842105
2019-03-11 2478253
Spots:
[5, 8, 10, 13, 15, 21, 34, 39, 46, 48, 50, 51, 58, 60, 66, 67, 71, 73, 78, 79]
Bonus: 60
Mean: 44.6
Std_dev: 25.071266841797836
Variance: 628.5684210526316
Median: 49.0
Avg Distance: 3.8947368421052633
2019-03-11 2478254
Spots:
[7, 8, 10, 11, 13, 14, 17, 18, 35, 42, 46, 48, 49, 56, 58, 61, 62, 63, 74, 80]
Bonus: 11
Mean: 38.6
Std_dev: 24.314604664686613
Variance: 591.2
Median: 44.0
Avg Distance: 3.8421052631578947
2019-03-11 2478255
Spots:
[12, 22, 26, 29, 34, 39, 40, 41, 44, 48, 53, 56, 57, 60, 62, 63, 69, 72, 73, 74]
Bonus: 53
Mean: 48.7
Std_dev: 18.16039647144302
Variance: 329.8
Median: 50.5
Avg Distance: 3.263157894736842
2019-03-11 2478256
Spots:
[1, 2, 8, 16, 20, 29, 33, 40, 41, 43, 49, 50, 52, 53, 54, 55, 63, 65, 73, 78]
Bonus: 49
Mean: 41.25
Std_dev: 22.613165704029473
Variance: 511.35526315789474
Median: 46.0
Avg Distance: 4.052631578947368
2019-03-11 2478257
Spots:
[5, 12, 21, 23, 32, 39, 46, 49, 50, 53, 54, 57, 58, 59, 67, 68, 71, 73, 77, 79]
Bonus: 49
Mean: 49.65
Std_dev: 21.607199092700075
Variance: 466.87105263157895
Median: 53.5
Avg Distance: 3.8947368421052633
2019-03-11 2478258
Spots:
[1, 10, 13, 17, 25, 27, 30, 42, 43, 45, 46, 47, 50, 53, 55, 65, 67, 75, 76, 80]
Bonus: 30
Mean: 43.35
Std_dev: 22.98804036885267
Variance: 528.4499999999999
Median: 45.5
Avg Distance: 4.157894736842105
2019-03-11 2478259
Spots:
[1, 5, 10, 12, 13, 15, 23, 28, 35, 41, 42, 46, 48, 61, 64, 65, 70, 73, 78, 79]
Bonus: 23
Mean: 40.45
Std_dev: 26.09592628018888
Variance: 680.9973684210527
Median: 41.5
Avg Distance: 4.105263157894737
2019-03-11 2478260
Spots:
[3, 8, 14, 19, 21, 22, 24, 27, 28, 30, 34, 39, 40, 47, 49, 51, 54, 66, 71, 73]
Bonus: 27
Mean: 36
Std_dev: 20.201615360111546
Variance: 408.10526315789474
Median: 32.0
Avg Distance: 3.6842105263157894
2019-03-11 2478261
Spots:
[1, 8, 12, 14, 15, 21, 22, 29, 30, 39, 43, 46, 48, 52, 55, 59, 66, 76, 77, 80]
Bonus: 12
Mean: 39.65
Std_dev: 24.402922603224134
Variance: 595.5026315789473
Median: 41.0
Avg Distance: 4.157894736842105
2019-03-11 2478262
Spots:
[1, 2, 11, 12, 15, 19, 21, 29, 35, 37, 38, 44, 49, 60, 67, 69, 71, 72, 78, 79]
Bonus: 35
Mean: 40.45
Std_dev: 26.346826434276572
Variance: 694.1552631578948
Median: 37.5
Avg Distance: 4.105263157894737
2019-03-11 2478263
Spots:
[3, 5, 15, 19, 21, 27, 28, 45, 48, 51, 52, 59, 61, 62, 66, 68, 71, 75, 77, 79]
Bonus: 71
Mean: 46.6
Std_dev: 24.750119616935827
Variance: 612.5684210526316
Median: 51.5
Avg Distance: 4.0
2019-03-11 2478264
Spots:
[9, 12, 17, 18, 30, 31, 36, 38, 43, 44, 51, 55, 59, 61, 64, 68, 73, 75, 76, 79]
Bonus: 76
Mean: 46.95
Std_dev: 22.544634091414956
Variance: 508.2605263157895
Median: 47.5
Avg Distance: 3.6842105263157894
2019-03-11 2478265
Spots:
[5, 7, 9, 11, 12, 13, 23, 24, 27, 28, 31, 39, 41, 47, 51, 53, 58, 61, 69, 80]
Bonus: 23
Mean: 34.45
Std_dev: 22.359444019074026
Variance: 499.94473684210527
Median: 29.5
Avg Distance: 3.9473684210526314
2019-03-11 2478266
Spots:
[3, 5, 10, 13, 19, 24, 28, 29, 31, 41, 43, 44, 51, 55, 65, 69, 70, 72, 73, 80]
Bonus: 44
Mean: 41.25
Std_dev: 24.799989388792298
Variance: 615.0394736842105
Median: 42.0
Avg Distance: 4.052631578947368
2019-03-11 2478267
Spots:
[1, 2, 13, 16, 20, 22, 29, 31, 35, 54, 59, 62, 63, 64, 65, 69, 71, 72, 73, 76]
Bonus: 76
Mean: 44.85
Std_dev: 25.886950583765476
Variance: 670.1342105263158
Median: 56.5
Avg Distance: 3.9473684210526314
2019-03-11 2478268
Spots:
[6, 8, 11, 14, 17, 22, 25, 26, 30, 32, 34, 41, 46, 48, 56, 65, 67, 72, 73, 76]
Bonus: 22
Mean: 38.45
Std_dev: 23.218583754806136
Variance: 539.1026315789474
Median: 33.0
Avg Distance: 3.6842105263157894
2019-03-11 2478269
Spots:
[4, 5, 7, 9, 18, 22, 26, 28, 34, 41, 44, 48, 50, 57, 61, 65, 70, 74, 76, 80]
Bonus: 22
Mean: 40.95
Std_dev: 25.365693782205753
Variance: 643.4184210526316
Median: 42.5
Avg Distance: 4.0
2019-03-11 2478270
Spots:
[1, 4, 8, 14, 21, 23, 30, 34, 35, 39, 43, 52, 54, 55, 66, 70, 72, 75, 78, 80]
Bonus: 35
Mean: 42.7
Std_dev: 25.778612105876903
Variance: 664.5368421052632
Median: 41.0
Avg Distance: 4.157894736842105
2019-03-11 2478271
Spots:
[7, 10, 20, 24, 25, 26, 32, 34, 35, 39, 40, 41, 50, 51, 52, 58, 62, 66, 68, 72]
Bonus: 26
Mean: 40.6
Std_dev: 18.977549062538415
Variance: 360.14736842105265
Median: 39.5
Avg Distance: 3.4210526315789473
2019-03-11 2478272
Spots:
[2, 10, 11, 30, 32, 33, 41, 42, 43, 44, 46, 47, 55, 66, 69, 75, 76, 78, 79, 80]
Bonus: 80
Mean: 47.95
Std_dev: 24.145338440805766
Variance: 582.9973684210527
Median: 45.0
Avg Distance: 4.105263157894737
2019-03-11 2478273
Spots:
[6, 7, 9, 10, 19, 22, 23, 24, 27, 31, 51, 53, 60, 63, 64, 66, 68, 75, 76, 80]
Bonus: 63
Mean: 41.7
Std_dev: 26.14151769443429
Variance: 683.3789473684211
Median: 41.0
Avg Distance: 3.8947368421052633
2019-03-11 2478274
Spots:
[4, 6, 8, 10, 12, 15, 17, 22, 33, 41, 43, 46, 50, 55, 57, 59, 63, 68, 70, 79]
Bonus: 10
Mean: 37.9
Std_dev: 24.44521264077348
Variance: 597.5684210526316
Median: 42.0
Avg Distance: 3.9473684210526314
2019-03-11 2478275
Spots:
[4, 8, 10, 13, 18, 21, 26, 30, 32, 34, 42, 46, 49, 54, 66, 68, 73, 74, 75, 77]
Bonus: 75
Mean: 41
Std_dev: 24.90613959395723
Variance: 620.3157894736842
Median: 38.0
Avg Distance: 3.8421052631578947
2019-03-11 2478276
Spots:
[3, 6, 9, 10, 15, 16, 17, 22, 24, 29, 45, 48, 51, 52, 60, 66, 71, 73, 78, 80]
Bonus: 52
Mean: 38.75
Std_dev: 26.467209106642446
Variance: 700.5131578947369
Median: 37.0
Avg Distance: 4.052631578947368
2019-03-11 2478277
Spots:
[8, 12, 14, 20, 22, 26, 36, 37, 39, 44, 46, 52, 53, 54, 56, 63, 64, 65, 70, 72]
Bonus: 46
Mean: 42.65
Std_dev: 20.210145966815777
Variance: 408.45
Median: 45.0
Avg Distance: 3.3684210526315788
2019-03-11 2478278
Spots:
[2, 11, 13, 28, 31, 32, 35, 37, 38, 56, 59, 62, 65, 66, 72, 73, 74, 75, 76, 80]
Bonus: 2
Mean: 49.25
Std_dev: 24.518253136023073
Variance: 601.1447368421053
Median: 57.5
Avg Distance: 4.105263157894737
2019-03-11 2478279
Spots:
[3, 8, 11, 14, 18, 23, 25, 27, 30, 34, 42, 49, 52, 59, 60, 65, 68, 72, 73, 80]
Bonus: 23
Mean: 40.65
Std_dev: 24.405079281511096
Variance: 595.6078947368421
Median: 38.0
Avg Distance: 4.052631578947368
2019-03-11 2478280
Spots:
[6, 18, 21, 26, 29, 31, 34, 39, 40, 42, 44, 46, 51, 52, 56, 59, 61, 63, 68, 75]
Bonus: 18
Mean: 43.05
Std_dev: 18.016001659343665
Variance: 324.5763157894737
Median: 43.0
Avg Distance: 3.6315789473684212
2019-03-11 2478281
Spots:
[3, 4, 9, 10, 19, 23, 25, 29, 38, 39, 40, 43, 53, 55, 65, 69, 73, 75, 77, 79]
Bonus: 38
Mean: 41.4
Std_dev: 25.793512036128284
Variance: 665.3052631578947
Median: 39.5
Avg Distance: 4.0
2019-03-11 2478282
Spots:
[1, 4, 10, 19, 20, 22, 26, 29, 30, 35, 38, 39, 44, 49, 52, 57, 66, 67, 74, 77]
Bonus: 30
Mean: 37.95
Std_dev: 22.600593844084344
Variance: 510.78684210526313
Median: 36.5
Avg Distance: 4.0
2019-03-11 2478283
Spots:
[2, 5, 8, 29, 33, 36, 39, 53, 54, 58, 60, 61, 62, 63, 67, 69, 70, 74, 76, 80]
Bonus: 70
Mean: 49.95
Std_dev: 24.022960508208545
Variance: 577.1026315789474
Median: 59.0
Avg Distance: 4.105263157894737
2019-03-11 2478284
Spots:
[2, 8, 10, 11, 15, 17, 21, 23, 27, 39, 43, 47, 48, 55, 56, 58, 64, 67, 72, 80]
Bonus: 56
Mean: 38.15
Std_dev: 24.02909420725327
Variance: 577.3973684210526
Median: 41.0
Avg Distance: 4.105263157894737
2019-03-11 2478285
Spots:
[6, 19, 20, 25, 26, 27, 28, 29, 31, 34, 35, 42, 45, 47, 49, 58, 64, 65, 71, 73]
Bonus: 26
Mean: 39.7
Std_dev: 18.815167453833343
Variance: 354.0105263157895
Median: 34.5
Avg Distance: 3.526315789473684
2019-03-11 2478286
Spots:
[3, 7, 10, 12, 14, 20, 26, 36, 38, 42, 43, 44, 45, 46, 47, 52, 54, 67, 73, 77]
Bonus: 77
Mean: 37.8
Std_dev: 21.76815636609925
Variance: 473.85263157894735
Median: 42.5
Avg Distance: 3.8947368421052633
2019-03-11 2478287
Spots:
[1, 2, 4, 6, 11, 19, 22, 31, 37, 39, 46, 53, 60, 63, 67, 74, 75, 76, 77, 80]
Bonus: 11
Mean: 42.15
Std_dev: 28.590162091549125
Variance: 817.3973684210526
Median: 42.5
Avg Distance: 4.157894736842105
2019-03-11 2478288
Spots:
[1, 9, 17, 18, 22, 25, 27, 33, 34, 35, 36, 43, 46, 49, 53, 60, 64, 65, 66, 76]
Bonus: 64
Mean: 38.95
Std_dev: 20.755405129875523
Variance: 430.7868421052632
Median: 35.5
Avg Distance: 3.9473684210526314
2019-03-11 2478289
Spots:
[5, 7, 9, 10, 18, 20, 21, 22, 30, 33, 35, 38, 48, 57, 62, 65, 69, 72, 75, 77]
Bonus: 72
Mean: 38.65
Std_dev: 24.927843236450535
Variance: 621.3973684210526
Median: 34.0
Avg Distance: 3.789473684210526
2019-03-11 2478290
Spots:
[2, 9, 13, 15, 16, 28, 30, 32, 34, 36, 37, 39, 40, 45, 46, 48, 49, 57, 59, 78]
Bonus: 57
Mean: 35.65
Std_dev: 18.675272139213508
Variance: 348.7657894736842
Median: 36.5
Avg Distance: 4.0
2019-03-11 2478291
Spots:
[5, 6, 20, 21, 23, 26, 28, 44, 45, 52, 56, 58, 64, 67, 70, 71, 75, 77, 78, 79]
Bonus: 70
Mean: 48.25
Std_dev: 25.026039070914667
Variance: 626.3026315789474
Median: 54.0
Avg Distance: 3.8947368421052633
2019-03-11 2478292
Spots:
[1, 13, 15, 18, 22, 29, 35, 42, 45, 48, 54, 60, 62, 63, 65, 66, 70, 71, 72, 75]
Bonus: 54
Mean: 46.3
Std_dev: 23.110945231073615
Variance: 534.1157894736842
Median: 51.0
Avg Distance: 3.8947368421052633
2019-03-11 2478293
Spots:
[1, 18, 23, 27, 30, 32, 36, 38, 40, 41, 46, 48, 50, 54, 61, 62, 65, 66, 68, 76]
Bonus: 18
Mean: 44.1
Std_dev: 19.213208176175385
Variance: 369.14736842105265
Median: 43.5
Avg Distance: 3.9473684210526314
2019-03-11 2478294
Spots:
[8, 10, 15, 19, 25, 32, 36, 43, 46, 50, 53, 56, 58, 60, 66, 69, 71, 75, 77, 79]
Bonus: 66
Mean: 47.4
Std_dev: 23.04092468904657
Variance: 530.8842105263158
Median: 51.5
Avg Distance: 3.736842105263158
2019-03-11 2478295
Spots:
[29, 32, 36, 37, 38, 41, 45, 48, 52, 53, 54, 56, 58, 61, 62, 63, 65, 68, 70, 74]
Bonus: 74
Mean: 52.1
Std_dev: 13.345214005107046
Variance: 178.09473684210525
Median: 53.5
Avg Distance: 2.3684210526315788
2019-03-11 2478296
Spots:
[4, 5, 10, 12, 20, 24, 28, 32, 34, 36, 38, 47, 49, 55, 56, 59, 67, 68, 70, 80]
Bonus: 47
Mean: 39.7
Std_dev: 23.065353375046943
Variance: 532.0105263157894
Median: 37.0
Avg Distance: 4.0
2019-03-11 2478297
Spots:
[19, 20, 30, 37, 38, 40, 42, 47, 49, 55, 56, 59, 61, 65, 66, 68, 69, 74, 75, 76]
Bonus: 68
Mean: 52.3
Std_dev: 17.693590870559227
Variance: 313.06315789473683
Median: 55.5
Avg Distance: 3.0
2019-03-11 2478298
Spots:
[2, 13, 14, 15, 16, 18, 19, 23, 25, 27, 36, 37, 38, 40, 44, 57, 59, 66, 67, 74]
Bonus: 40
Mean: 34.5
Std_dev: 20.912096725906856
Variance: 437.3157894736842
Median: 31.5
Avg Distance: 3.789473684210526
2019-03-11 2478299
Spots:
[4, 10, 14, 29, 31, 32, 34, 38, 42, 44, 45, 49, 50, 51, 53, 55, 58, 71, 72, 80]
Bonus: 50
Mean: 43.1
Std_dev: 20.047049920781756
Variance: 401.88421052631577
Median: 44.5
Avg Distance: 4.0
2019-03-11 2478300
Spots:
[4, 6, 10, 17, 22, 23, 33, 38, 39, 46, 51, 52, 54, 58, 59, 63, 64, 66, 69, 73]
Bonus: 17
Mean: 42.35
Std_dev: 22.160360532883224
Variance: 491.0815789473684
Median: 48.5
Avg Distance: 3.6315789473684212
2019-03-11 2478301
Spots:
[1, 6, 11, 14, 21, 23, 24, 27, 42, 45, 46, 48, 51, 53, 55, 63, 70, 72, 77, 79]
Bonus: 77
Mean: 41.4
Std_dev: 24.29728163266093
Variance: 590.3578947368421
Median: 45.5
Avg Distance: 4.105263157894737
2019-03-11 2478302
Spots:
[8, 17, 21, 24, 26, 29, 32, 33, 34, 35, 53, 54, 57, 59, 64, 68, 71, 72, 77, 79]
Bonus: 77
Mean: 45.65
Std_dev: 22.091377217557557
Variance: 488.02894736842103
Median: 44.0
Avg Distance: 3.736842105263158
2019-03-11 2478303
Spots:
[5, 6, 13, 19, 22, 23, 44, 45, 48, 50, 52, 53, 57, 58, 60, 62, 63, 67, 72, 73]
Bonus: 45
Mean: 44.6
Std_dev: 21.917068570792996
Variance: 480.3578947368421
Median: 51.0
Avg Distance: 3.5789473684210527
2019-03-11 2478304
Spots:
[4, 13, 15, 16, 19, 20, 22, 24, 27, 28, 34, 37, 40, 43, 57, 60, 63, 73, 77, 80]
Bonus: 13
Mean: 37.6
Std_dev: 23.14121408815199
Variance: 535.5157894736842
Median: 31.0
Avg Distance: 4.0
2019-03-11 2478305
Spots:
[3, 6, 11, 17, 19, 22, 23, 24, 26, 28, 32, 35, 46, 50, 53, 54, 55, 57, 69, 74]
Bonus: 53
Mean: 35.2
Std_dev: 20.75572210259137
Variance: 430.8
Median: 30.0
Avg Distance: 3.736842105263158
2019-03-11 2478306
Spots:
[3, 4, 5, 6, 7, 10, 13, 14, 16, 25, 26, 32, 49, 51, 52, 58, 62, 67, 68, 76]
Bonus: 32
Mean: 32.2
Std_dev: 25.388766683007873
Variance: 644.5894736842106
Median: 25.5
Avg Distance: 3.8421052631578947
2019-03-11 2478307
Spots:
[3, 4, 11, 12, 16, 28, 29, 30, 32, 34, 35, 37, 39, 45, 56, 57, 58, 59, 62, 64]
Bonus: 4
Mean: 35.55
Std_dev: 19.58107303118579
Variance: 383.4184210526316
Median: 34.5
Avg Distance: 3.210526315789474
2019-03-11 2478308
Spots:
[4, 13, 17, 18, 20, 22, 28, 29, 30, 31, 42, 48, 50, 56, 59, 61, 65, 68, 69, 77]
Bonus: 61
Mean: 40.35
Std_dev: 21.825323292957318
Variance: 476.34473684210525
Median: 36.5
Avg Distance: 3.8421052631578947
2019-03-11 2478309
Spots:
[2, 6, 13, 19, 22, 33, 34, 37, 38, 44, 47, 48, 49, 51, 65, 67, 71, 72, 76, 78]
Bonus: 47
Mean: 43.6
Std_dev: 23.331478623028634
Variance: 544.3578947368421
Median: 45.5
Avg Distance: 4.0
2019-03-11 2478310
Spots:
[1, 6, 7, 11, 13, 18, 26, 29, 37, 38, 43, 47, 53, 54, 59, 60, 64, 73, 78, 80]
Bonus: 38
Mean: 39.85
Std_dev: 25.17575065519659
Variance: 633.8184210526316
Median: 40.5
Avg Distance: 4.157894736842105
2019-03-11 2478311
Spots:
[8, 12, 14, 15, 16, 19, 22, 25, 26, 39, 40, 47, 49, 51, 56, 64, 70, 73, 75, 77]
Bonus: 25
Mean: 39.9
Std_dev: 23.550393895465504
Variance: 554.6210526315789
Median: 39.5
Avg Distance: 3.6315789473684212
2019-03-11 2478312
Spots:
[1, 5, 9, 11, 13, 14, 21, 22, 30, 38, 40, 41, 48, 49, 54, 60, 70, 72, 75, 80]
Bonus: 60
Mean: 37.65
Std_dev: 25.259234892775773
Variance: 638.0289473684211
Median: 39.0
Avg Distance: 4.157894736842105
2019-03-11 2478313
Spots:
[4, 5, 7, 8, 12, 15, 30, 38, 39, 45, 49, 50, 53, 55, 59, 71, 73, 75, 76, 80]
Bonus: 50
Mean: 42.2
Std_dev: 26.3410825817571
Variance: 693.8526315789474
Median: 47.0
Avg Distance: 4.0
2019-03-11 2478314
Spots:
[1, 5, 18, 19, 21, 25, 26, 29, 40, 41, 42, 52, 56, 58, 59, 63, 66, 68, 72, 78]
Bonus: 52
Mean: 41.95
Std_dev: 22.993076761220287
Variance: 528.6815789473684
Median: 41.5
Avg Distance: 4.052631578947368
2019-03-11 2478315
Spots:
[5, 8, 9, 14, 18, 21, 25, 32, 33, 36, 39, 41, 42, 49, 58, 73, 74, 75, 78, 80]
Bonus: 14
Mean: 40.5
Std_dev: 25.136469626086274
Variance: 631.8421052631579
Median: 37.5
Avg Distance: 3.9473684210526314
2019-03-11 2478316
Spots:
[2, 7, 11, 12, 15, 19, 21, 26, 28, 29, 31, 32, 39, 55, 57, 70, 74, 75, 77, 79]
Bonus: 26
Mean: 37.95
Std_dev: 25.948278515052532
Variance: 673.3131578947368
Median: 30.0
Avg Distance: 4.052631578947368
2019-03-11 2478317
Spots:
[4, 13, 16, 18, 19, 21, 23, 24, 28, 30, 36, 40, 41, 48, 55, 56, 60, 62, 66, 70]
Bonus: 55
Mean: 36.5
Std_dev: 19.805634498665697
Variance: 392.2631578947368
Median: 33.0
Avg Distance: 3.473684210526316
2019-03-11 2478318
Spots:
[4, 11, 14, 20, 23, 26, 38, 48, 51, 53, 54, 58, 59, 61, 62, 63, 66, 69, 72, 77]
Bonus: 59
Mean: 46.45
Std_dev: 22.324107809130563
Variance: 498.36578947368423
Median: 53.5
Avg Distance: 3.8421052631578947
2019-03-11 2478319
Spots:
[3, 7, 11, 14, 16, 23, 25, 28, 38, 43, 47, 48, 50, 51, 53, 58, 60, 71, 73, 76]
Bonus: 43
Mean: 39.75
Std_dev: 22.70375577554933
Variance: 515.4605263157895
Median: 45.0
Avg Distance: 3.8421052631578947
2019-03-11 2478320
Spots:
[2, 6, 10, 18, 20, 27, 30, 36, 37, 38, 40, 42, 46, 47, 52, 55, 56, 58, 72, 74]
Bonus: 55
Mean: 38.3
Std_dev: 20.316184888434456
Variance: 412.7473684210526
Median: 39.0
Avg Distance: 3.789473684210526
2019-03-11 2478321
Spots:
[2, 12, 13, 16, 23, 24, 25, 29, 32, 34, 37, 44, 54, 57, 59, 64, 66, 68, 70, 79]
Bonus: 34
Mean: 40.4
Std_dev: 22.767474491845647
Variance: 518.3578947368421
Median: 35.5
Avg Distance: 4.052631578947368
2019-03-11 2478322
Spots:
[3, 11, 12, 13, 14, 20, 23, 32, 38, 40, 47, 48, 57, 60, 63, 65, 74, 77, 78, 79]
Bonus: 65
Mean: 42.7
Std_dev: 25.604481515629455
Variance: 655.5894736842105
Median: 43.5
Avg Distance: 4.0
2019-03-11 2478323
Spots:
[1, 6, 10, 17, 21, 23, 25, 27, 30, 32, 40, 45, 46, 53, 57, 59, 62, 63, 69, 74]
Bonus: 6
Mean: 38
Std_dev: 21.913706357341503
Variance: 480.2105263157895
Median: 36.0
Avg Distance: 3.8421052631578947
2019-03-11 2478324
Spots:
[10, 13, 14, 16, 23, 27, 28, 30, 35, 39, 41, 43, 54, 58, 59, 60, 62, 63, 66, 75]
Bonus: 14
Mean: 40.8
Std_dev: 20.263007518239007
Variance: 410.58947368421053
Median: 40.0
Avg Distance: 3.4210526315789473
2019-03-11 2478325
Spots:
[1, 5, 7, 9, 10, 11, 23, 30, 31, 33, 36, 39, 41, 52, 56, 62, 69, 71, 75, 77]
Bonus: 71
Mean: 36.9
Std_dev: 25.30009361330715
Variance: 640.0947368421052
Median: 34.5
Avg Distance: 4.0
2019-03-11 2478326
Spots:
[2, 4, 5, 8, 18, 20, 23, 27, 40, 43, 44, 53, 56, 62, 66, 67, 69, 74, 77, 78]
Bonus: 18
Mean: 41.8
Std_dev: 26.571848973956193
Variance: 706.0631578947368
Median: 43.5
Avg Distance: 4.0
2019-03-11 2478327
Spots:
[4, 10, 14, 21, 29, 31, 32, 39, 43, 47, 48, 51, 59, 60, 64, 72, 77, 78, 79, 80]
Bonus: 77
Mean: 46.9
Std_dev: 24.154982051219513
Variance: 583.4631578947368
Median: 47.5
Avg Distance: 4.0
2019-03-11 2478328
Spots:
[4, 8, 10, 11, 12, 14, 15, 16, 17, 25, 29, 34, 46, 50, 52, 53, 61, 63, 68, 80]
Bonus: 14
Mean: 33.4
Std_dev: 23.58054505865286
Variance: 556.0421052631579
Median: 27.0
Avg Distance: 4.0
2019-03-11 2478329
Spots:
[18, 21, 22, 24, 29, 32, 34, 35, 36, 42, 43, 52, 57, 58, 60, 64, 68, 69, 76, 78]
Bonus: 24
Mean: 45.9
Std_dev: 19.333363581343548
Variance: 373.77894736842103
Median: 42.5
Avg Distance: 3.1578947368421053
2019-03-11 2478330
Spots:
[19, 20, 25, 28, 29, 31, 35, 37, 40, 43, 46, 47, 49, 51, 52, 54, 58, 65, 66, 73]
Bonus: 58
Mean: 43.4
Std_dev: 15.500084889411005
Variance: 240.25263157894736
Median: 44.5
Avg Distance: 2.8421052631578947
2019-03-11 2478331
Spots:
[5, 9, 10, 12, 17, 18, 19, 21, 24, 32, 33, 37, 39, 42, 48, 55, 62, 68, 70, 77]
Bonus: 77
Mean: 34.9
Std_dev: 22.211661233164037
Variance: 493.35789473684207
Median: 32.5
Avg Distance: 3.789473684210526
2019-03-11 2478332
Spots:
[5, 6, 7, 11, 13, 17, 18, 19, 21, 22, 27, 30, 33, 34, 40, 42, 50, 71, 73, 78]
Bonus: 73
Mean: 30.85
Std_dev: 22.30948582766391
Variance: 497.71315789473687
Median: 24.5
Avg Distance: 3.8421052631578947
2019-03-11 2478333
Spots:
[8, 9, 13, 16, 24, 29, 31, 35, 42, 44, 45, 47, 48, 50, 51, 55, 60, 66, 69, 75]
Bonus: 29
Mean: 40.85
Std_dev: 19.874011064439753
Variance: 394.9763157894737
Median: 44.5
Avg Distance: 3.526315789473684
2019-03-11 2478334
Spots:
[4, 5, 6, 11, 13, 17, 19, 20, 26, 30, 37, 40, 42, 45, 47, 49, 58, 63, 79, 80]
Bonus: 37
Mean: 34.55
Std_dev: 23.46436267597042
Variance: 550.5763157894737
Median: 33.5
Avg Distance: 4.0
2019-03-11 2478335
Spots:
[3, 4, 5, 6, 7, 12, 22, 31, 32, 44, 45, 52, 54, 55, 60, 63, 65, 73, 74, 75]
Bonus: 44
Mean: 39.1
Std_dev: 26.159229024531566
Variance: 684.3052631578947
Median: 44.5
Avg Distance: 3.789473684210526
2019-03-11 2478336
Spots:
[1, 15, 18, 19, 23, 31, 34, 35, 38, 40, 51, 52, 56, 61, 62, 65, 69, 71, 72, 78]
Bonus: 19
Mean: 44.55
Std_dev: 22.281630385399964
Variance: 496.47105263157897
Median: 45.5
Avg Distance: 4.052631578947368
2019-03-11 2478337
Spots:
[4, 6, 8, 9, 21, 23, 27, 28, 29, 35, 39, 41, 44, 54, 59, 60, 67, 72, 76, 79]
Bonus: 9
Mean: 39.05
Std_dev: 24.140978482763767
Variance: 582.7868421052632
Median: 37.0
Avg Distance: 3.9473684210526314
2019-03-11 2478338
Spots:
[1, 8, 10, 11, 12, 15, 23, 24, 33, 37, 55, 57, 58, 63, 65, 66, 73, 74, 76, 77]
Bonus: 58
Mean: 41.9
Std_dev: 26.95395684261745
Variance: 726.5157894736842
Median: 46.0
Avg Distance: 4.0
2019-03-11 2478339
Spots:
[2, 7, 16, 19, 27, 30, 32, 33, 38, 42, 43, 51, 59, 60, 61, 63, 67, 73, 76, 80]
Bonus: 51
Mean: 43.95
Std_dev: 23.17320367193653
Variance: 536.9973684210527
Median: 42.5
Avg Distance: 4.105263157894737
2019-03-11 2478340
Spots:
[1, 7, 9, 15, 23, 29, 30, 33, 36, 46, 50, 55, 59, 65, 68, 73, 74, 75, 77, 80]
Bonus: 23
Mean: 45.25
Std_dev: 25.945032989805686
Variance: 673.1447368421053
Median: 48.0
Avg Distance: 4.157894736842105
2019-03-11 2478341
Spots:
[1, 8, 11, 12, 17, 18, 19, 28, 31, 42, 44, 53, 54, 57, 59, 60, 61, 62, 67, 71]
Bonus: 8
Mean: 38.75
Std_dev: 22.789367326845532
Variance: 519.3552631578947
Median: 43.0
Avg Distance: 3.6842105263157894
2019-03-11 2478342
Spots:
[2, 3, 14, 16, 20, 21, 26, 28, 29, 31, 46, 48, 49, 58, 59, 60, 62, 67, 73, 74]
Bonus: 59
Mean: 39.3
Std_dev: 23.03567028031001
Variance: 530.6421052631579
Median: 38.5
Avg Distance: 3.789473684210526
2019-03-11 2478343
Spots:
[2, 4, 5, 7, 8, 11, 31, 34, 35, 42, 51, 52, 59, 60, 63, 64, 71, 72, 77, 80]
Bonus: 72
Mean: 41.4
Std_dev: 27.25204000089766
Variance: 742.6736842105263
Median: 46.5
Avg Distance: 4.105263157894737
2019-03-11 2478344
Spots:
[4, 9, 10, 14, 17, 19, 22, 23, 27, 32, 33, 36, 42, 48, 49, 63, 69, 76, 78, 80]
Bonus: 27
Mean: 37.55
Std_dev: 24.551717701726353
Variance: 602.7868421052632
Median: 32.5
Avg Distance: 4.0
2019-03-11 2478345
Spots:
[3, 4, 14, 18, 21, 25, 27, 30, 31, 39, 44, 45, 49, 50, 62, 65, 66, 69, 74, 77]
Bonus: 66
Mean: 40.65
Std_dev: 23.086279817014123
Variance: 532.9763157894737
Median: 41.5
Avg Distance: 3.8947368421052633
2019-03-11 2478346
Spots:
[3, 14, 17, 18, 25, 28, 31, 35, 36, 37, 39, 41, 43, 46, 47, 52, 58, 59, 67, 79]
Bonus: 37
Mean: 38.75
Std_dev: 18.78093938573165
Variance: 352.7236842105263
Median: 38.0
Avg Distance: 4.0
2019-03-11 2478347
Spots:
[4, 5, 6, 9, 11, 14, 24, 29, 31, 32, 35, 39, 47, 51, 54, 58, 59, 65, 72, 75]
Bonus: 6
Mean: 36
Std_dev: 23.292194310315068
Variance: 542.5263157894736
Median: 33.5
Avg Distance: 3.736842105263158
2019-03-11 2478348
Spots:
[1, 13, 23, 32, 34, 38, 39, 40, 41, 43, 44, 47, 49, 50, 51, 55, 60, 61, 63, 76]
Bonus: 32
Mean: 43
Std_dev: 17.369058999448296
Variance: 301.6842105263158
Median: 43.5
Avg Distance: 3.9473684210526314
2019-03-11 2478349
Spots:
[1, 4, 6, 12, 13, 16, 17, 20, 28, 35, 37, 40, 41, 48, 53, 58, 68, 72, 73, 79]
Bonus: 12
Mean: 36.05
Std_dev: 24.95569758803114
Variance: 622.7868421052632
Median: 36.0
Avg Distance: 4.105263157894737
2019-03-11 2478350
Spots:
[7, 18, 23, 24, 25, 27, 29, 31, 33, 36, 39, 47, 49, 55, 56, 59, 60, 66, 68, 71]
Bonus: 29
Mean: 41.15
Std_dev: 18.562199846944186
Variance: 344.55526315789473
Median: 37.5
Avg Distance: 3.3684210526315788
2019-03-11 2478351
Spots:
[1, 2, 4, 8, 20, 25, 30, 32, 33, 39, 45, 47, 49, 53, 54, 56, 61, 69, 73, 76]
Bonus: 69
Mean: 38.85
Std_dev: 23.553466612659893
Variance: 554.7657894736842
Median: 42.0
Avg Distance: 3.9473684210526314
2019-03-11 2478352
Spots:
[6, 9, 10, 14, 15, 17, 20, 35, 41, 44, 46, 47, 50, 52, 63, 65, 71, 73, 77, 79]
Bonus: 65
Mean: 41.7
Std_dev: 24.76648839396536
Variance: 613.378947368421
Median: 45.0
Avg Distance: 3.8421052631578947
2019-03-11 2478353
Spots:
[7, 8, 13, 15, 16, 19, 20, 23, 28, 31, 32, 35, 37, 42, 44, 48, 62, 64, 75, 80]
Bonus: 42
Mean: 34.95
Std_dev: 21.70974799242812
Variance: 471.31315789473683
Median: 31.5
Avg Distance: 3.8421052631578947
2019-03-11 2478354
Spots:
[3, 5, 7, 11, 21, 24, 28, 30, 32, 46, 48, 57, 59, 61, 62, 66, 73, 74, 75, 76]
Bonus: 7
Mean: 42.9
Std_dev: 25.544388610293343
Variance: 652.5157894736842
Median: 47.0
Avg Distance: 3.8421052631578947
2019-03-11 2478355
Spots:
[4, 6, 8, 16, 23, 27, 28, 29, 34, 36, 42, 44, 49, 53, 56, 58, 61, 62, 69, 71]
Bonus: 44
Mean: 38.8
Std_dev: 20.995237555217138
Variance: 440.8
Median: 39.0
Avg Distance: 3.526315789473684
2019-03-11 2478356
Spots:
[2, 6, 8, 19, 21, 25, 28, 30, 31, 32, 34, 36, 41, 43, 52, 54, 55, 66, 72, 73]
Bonus: 2
Mean: 36.4
Std_dev: 20.770424317182098
Variance: 431.41052631578947
Median: 33.0
Avg Distance: 3.736842105263158
2019-03-11 2478357
Spots:
[2, 3, 6, 12, 14, 19, 21, 24, 25, 26, 31, 44, 48, 51, 52, 59, 62, 63, 75, 77]
Bonus: 75
Mean: 35.7
Std_dev: 23.987057913975633
Variance: 575.3789473684211
Median: 28.5
Avg Distance: 3.9473684210526314
2019-03-11 2478358
Spots:
[4, 6, 9, 13, 14, 16, 17, 18, 19, 23, 27, 36, 39, 51, 61, 68, 72, 73, 76, 78]
Bonus: 78
Mean: 36
Std_dev: 26.35985783844742
Variance: 694.8421052631579
Median: 25.0
Avg Distance: 3.8947368421052633
2019-03-11 2478359
Spots:
[1, 8, 9, 10, 12, 18, 24, 25, 26, 27, 39, 42, 43, 46, 47, 57, 59, 60, 66, 73]
Bonus: 12
Mean: 34.6
Std_dev: 21.58313181508579
Variance: 465.8315789473684
Median: 33.0
Avg Distance: 3.789473684210526
2019-03-11 2478360
Spots:
[8, 11, 13, 17, 18, 33, 34, 36, 48, 51, 53, 56, 57, 58, 61, 68, 70, 71, 75, 78]
Bonus: 53
Mean: 45.8
Std_dev: 22.956709832112036
Variance: 527.0105263157894
Median: 52.0
Avg Distance: 3.6842105263157894
2019-03-11 2478361
Spots:
[10, 11, 12, 15, 16, 24, 27, 36, 38, 39, 41, 44, 45, 49, 51, 59, 66, 69, 70, 80]
Bonus: 38
Mean: 40.1
Std_dev: 21.51352084033128
Variance: 462.8315789473684
Median: 40.0
Avg Distance: 3.6842105263157894
2019-03-11 2478362
Spots:
[3, 5, 14, 21, 29, 32, 34, 38, 40, 42, 46, 47, 49, 51, 53, 57, 60, 63, 69, 71]
Bonus: 40
Mean: 41.2
Std_dev: 19.610952900973746
Variance: 384.58947368421053
Median: 44.0
Avg Distance: 3.5789473684210527
2019-03-11 2478363
Spots:
[2, 12, 16, 18, 21, 22, 23, 25, 32, 40, 45, 48, 61, 62, 66, 67, 70, 73, 74, 76]
Bonus: 67
Mean: 42.65
Std_dev: 24.355427364455405
Variance: 593.1868421052632
Median: 42.5
Avg Distance: 3.8947368421052633
2019-03-11 2478364
Spots:
[5, 11, 12, 14, 15, 16, 17, 22, 24, 27, 29, 38, 39, 45, 56, 59, 61, 70, 76, 77]
Bonus: 22
Mean: 35.65
Std_dev: 23.396524708192295
Variance: 547.3973684210526
Median: 28.0
Avg Distance: 3.789473684210526
2019-03-11 2478365
Spots:
[1, 4, 10, 20, 23, 24, 25, 30, 32, 37, 42, 48, 49, 57, 61, 64, 66, 72, 76, 80]
Bonus: 4
Mean: 41.05
Std_dev: 24.158413593785937
Variance: 583.6289473684211
Median: 39.5
Avg Distance: 4.157894736842105
2019-03-11 2478366
Spots:
[1, 2, 4, 7, 25, 32, 37, 40, 43, 49, 52, 55, 56, 60, 66, 71, 73, 77, 79, 80]
Bonus: 66
Mean: 45.45
Std_dev: 26.541873570484412
Variance: 704.4710526315789
Median: 50.5
Avg Distance: 4.157894736842105
2019-03-11 2478367
Spots:
[1, 3, 5, 12, 13, 17, 18, 21, 27, 28, 32, 36, 53, 55, 58, 59, 60, 68, 70, 79]
Bonus: 1
Mean: 35.75
Std_dev: 24.833922046477603
Variance: 616.7236842105264
Median: 30.0
Avg Distance: 4.105263157894737
2019-03-11 2478368
Spots:
[12, 16, 17, 22, 27, 29, 30, 36, 37, 39, 41, 43, 44, 51, 60, 63, 68, 75, 78, 79]
Bonus: 36
Mean: 43.35
Std_dev: 21.09446173263195
Variance: 444.9763157894737
Median: 40.0
Avg Distance: 3.526315789473684
2019-03-11 2478369
Spots:
[8, 11, 12, 14, 17, 18, 26, 28, 30, 39, 43, 45, 46, 49, 51, 64, 65, 66, 70, 75]
Bonus: 17
Mean: 38.85
Std_dev: 21.796366186760775
Variance: 475.0815789473684
Median: 41.0
Avg Distance: 3.526315789473684
2019-03-11 2478370
Spots:
[3, 6, 13, 15, 16, 18, 26, 29, 31, 38, 46, 49, 52, 55, 56, 57, 69, 71, 76, 78]
Bonus: 56
Mean: 40.2
Std_dev: 23.96620427536286
Variance: 574.378947368421
Median: 42.0
Avg Distance: 3.9473684210526314
2019-03-11 2478371
Spots:
[1, 2, 3, 7, 8, 19, 20, 22, 23, 27, 32, 38, 41, 44, 51, 62, 63, 64, 72, 74]
Bonus: 20
Mean: 33.65
Std_dev: 24.32082711543642
Variance: 591.5026315789473
Median: 29.5
Avg Distance: 3.8421052631578947
2019-03-11 2478372
Spots:
[2, 3, 5, 17, 20, 26, 30, 35, 37, 40, 42, 45, 46, 48, 49, 59, 61, 68, 73, 74]
Bonus: 17
Mean: 39
Std_dev: 22.145452188464766
Variance: 490.42105263157896
Median: 41.0
Avg Distance: 3.789473684210526
2019-03-11 2478373
Spots:
[7, 12, 13, 14, 18, 20, 32, 46, 51, 53, 56, 57, 66, 68, 71, 72, 74, 78, 79, 80]
Bonus: 32
Mean: 48.35
Std_dev: 26.024836315780313
Variance: 677.2921052631579
Median: 54.5
Avg Distance: 3.8421052631578947
2019-03-11 2478374
Spots:
[9, 15, 19, 24, 34, 45, 50, 51, 52, 59, 60, 61, 62, 63, 64, 68, 70, 75, 76, 78]
Bonus: 50
Mean: 51.75
Std_dev: 21.01096205117199
Variance: 441.4605263157895
Median: 59.5
Avg Distance: 3.6315789473684212
2019-03-11 2478375
Spots:
[3, 5, 11, 12, 19, 20, 21, 27, 38, 43, 46, 48, 49, 55, 63, 64, 65, 73, 78, 79]
Bonus: 64
Mean: 40.95
Std_dev: 24.894461442785136
Variance: 619.7342105263158
Median: 44.5
Avg Distance: 4.0
2019-03-11 2478376
Spots:
[2, 7, 9, 10, 17, 21, 23, 32, 33, 39, 46, 47, 55, 59, 62, 63, 70, 73, 75, 79]
Bonus: 59
Mean: 41.1
Std_dev: 25.216744645697545
Variance: 635.8842105263158
Median: 42.5
Avg Distance: 4.052631578947368
2019-03-11 2478377
Spots:
[3, 21, 22, 23, 27, 28, 32, 35, 38, 42, 45, 47, 48, 49, 50, 55, 68, 71, 75, 77]
Bonus: 3
Mean: 42.8
Std_dev: 19.840415954892627
Variance: 393.6421052631579
Median: 43.5
Avg Distance: 3.8947368421052633
2019-03-11 2478378
Spots:
[3, 4, 5, 6, 16, 17, 23, 25, 26, 27, 35, 37, 39, 43, 58, 61, 62, 64, 72, 74]
Bonus: 26
Mean: 34.85
Std_dev: 23.562403147923245
Variance: 555.1868421052632
Median: 31.0
Avg Distance: 3.736842105263158
2019-03-11 2478379
Spots:
[1, 3, 5, 10, 12, 26, 32, 34, 37, 38, 41, 44, 46, 52, 53, 54, 58, 59, 70, 74]
Bonus: 34
Mean: 37.45
Std_dev: 22.101381238094124
Variance: 488.47105263157897
Median: 39.5
Avg Distance: 3.8421052631578947
2019-03-11 2478380
Spots:
[7, 18, 20, 24, 26, 27, 33, 34, 35, 42, 45, 52, 56, 60, 67, 68, 71, 76, 77, 78]
Bonus: 45
Mean: 45.8
Std_dev: 22.293732893254766
Variance: 497.0105263157895
Median: 43.5
Avg Distance: 3.736842105263158
2019-03-11 2478381
Spots:
[2, 4, 9, 11, 19, 24, 27, 28, 32, 33, 35, 41, 43, 46, 55, 57, 67, 69, 70, 78]
Bonus: 67
Mean: 37.5
Std_dev: 22.986265922342227
Variance: 528.3684210526316
Median: 34.0
Avg Distance: 4.0
2019-03-11 2478382
Spots:
[13, 14, 19, 22, 23, 25, 29, 36, 45, 48, 53, 56, 60, 62, 63, 67, 71, 73, 77, 80]
Bonus: 60
Mean: 46.8
Std_dev: 22.444317062923805
Variance: 503.7473684210526
Median: 50.5
Avg Distance: 3.526315789473684
2019-03-11 2478383
Spots:
[1, 4, 6, 7, 12, 15, 25, 26, 28, 30, 33, 34, 41, 42, 43, 61, 63, 64, 69, 79]
Bonus: 7
Mean: 34.15
Std_dev: 23.461670869739862
Variance: 550.45
Median: 31.5
Avg Distance: 4.105263157894737
2019-03-11 2478384
Spots:
[1, 3, 8, 9, 14, 17, 23, 26, 33, 34, 35, 36, 40, 41, 50, 57, 62, 64, 67, 71]
Bonus: 14
Mean: 34.55
Std_dev: 22.048928843775943
Variance: 486.15526315789475
Median: 34.5
Avg Distance: 3.6842105263157894
2019-03-11 2478385
Spots:
[1, 3, 5, 6, 10, 12, 24, 28, 29, 31, 32, 41, 43, 44, 45, 55, 56, 64, 73, 76]
Bonus: 55
Mean: 33.9
Std_dev: 23.361912322590825
Variance: 545.7789473684211
Median: 31.5
Avg Distance: 3.9473684210526314
2019-03-11 2478386
Spots:
[1, 6, 7, 19, 23, 25, 31, 35, 36, 37, 41, 43, 45, 55, 58, 66, 71, 75, 76, 80]
Bonus: 80
Mean: 41.5
Std_dev: 24.22373781405773
Variance: 586.7894736842105
Median: 39.0
Avg Distance: 4.157894736842105
2019-03-11 2478387
Spots:
[2, 3, 7, 13, 14, 20, 27, 28, 30, 34, 35, 39, 46, 53, 56, 63, 67, 68, 72, 74]
Bonus: 46
Mean: 37.55
Std_dev: 23.78074187679027
Variance: 565.5236842105263
Median: 34.5
Avg Distance: 3.789473684210526
2019-03-11 2478388
Spots:
[2, 13, 19, 21, 25, 27, 30, 32, 35, 38, 41, 42, 44, 48, 52, 57, 64, 65, 71, 79]
Bonus: 2
Mean: 40.25
Std_dev: 20.21170843582345
Variance: 408.5131578947368
Median: 39.5
Avg Distance: 4.052631578947368
2019-03-11 2478389
Spots:
[1, 5, 14, 15, 18, 21, 28, 29, 33, 37, 39, 45, 52, 56, 58, 66, 67, 68, 76, 77]
Bonus: 15
Mean: 40.25
Std_dev: 23.86116642492346
Variance: 569.3552631578947
Median: 38.0
Avg Distance: 4.0
2019-03-11 2478390
Spots:
[13, 18, 19, 26, 27, 28, 29, 42, 48, 49, 50, 56, 58, 61, 63, 67, 68, 73, 75, 76]
Bonus: 42
Mean: 47.3
Std_dev: 20.698588815360537
Variance: 428.4315789473684
Median: 49.5
Avg Distance: 3.3157894736842106
2019-03-11 2478391
Spots:
[4, 5, 8, 9, 14, 16, 23, 33, 37, 41, 44, 45, 59, 62, 66, 70, 71, 72, 75, 80]
Bonus: 5
Mean: 41.7
Std_dev: 26.477597283264522
Variance: 701.0631578947368
Median: 42.5
Avg Distance: 4.0
2019-03-11 2478392
Spots:
[2, 4, 11, 15, 16, 17, 19, 35, 41, 43, 46, 48, 49, 53, 58, 64, 67, 68, 71, 75]
Bonus: 58
Mean: 40.1
Std_dev: 23.77061432237623
Variance: 565.0421052631579
Median: 44.5
Avg Distance: 3.8421052631578947
2019-03-11 2478393
Spots:
[1, 2, 7, 9, 17, 21, 25, 26, 36, 44, 49, 54, 55, 56, 57, 68, 69, 70, 72, 76]
Bonus: 68
Mean: 40.7
Std_dev: 25.381510054202426
Variance: 644.2210526315789
Median: 46.5
Avg Distance: 3.9473684210526314
2019-03-11 2478394
Spots:
[4, 6, 8, 10, 12, 15, 17, 19, 22, 23, 25, 29, 32, 35, 39, 42, 49, 58, 62, 79]
Bonus: 79
Mean: 29.3
Std_dev: 20.427277944222677
Variance: 417.2736842105263
Median: 24.0
Avg Distance: 3.9473684210526314
2019-03-11 2478395
Spots:
[3, 5, 6, 8, 9, 13, 37, 39, 40, 52, 54, 57, 60, 63, 64, 68, 73, 74, 77, 78]
Bonus: 74
Mean: 44
Std_dev: 27.27057407768153
Variance: 743.6842105263158
Median: 53.0
Avg Distance: 3.9473684210526314
2019-03-11 2478396
Spots:
[1, 3, 7, 8, 16, 25, 43, 44, 49, 53, 54, 58, 59, 60, 64, 69, 70, 77, 78, 80]
Bonus: 3
Mean: 45.9
Std_dev: 26.550646736101612
Variance: 704.9368421052632
Median: 53.5
Avg Distance: 4.157894736842105
2019-03-11 2478397
Spots:
[1, 14, 17, 24, 33, 36, 39, 43, 52, 53, 54, 56, 57, 58, 64, 71, 72, 76, 78, 80]
Bonus: 72
Mean: 48.9
Std_dev: 22.6550795977182
Variance: 513.2526315789473
Median: 53.5
Avg Distance: 4.157894736842105
2019-03-11 2478398
Spots:
[4, 5, 9, 10, 11, 12, 17, 25, 28, 30, 31, 35, 41, 44, 49, 57, 68, 72, 78, 79]
Bonus: 31
Mean: 35.25
Std_dev: 24.9417743006218
Variance: 622.0921052631579
Median: 30.5
Avg Distance: 3.9473684210526314
2019-03-11 2478399
Spots:
[1, 2, 5, 17, 19, 24, 26, 31, 33, 37, 48, 50, 53, 54, 61, 67, 68, 72, 74, 77]
Bonus: 26
Mean: 40.95
Std_dev: 24.883888255994925
Variance: 619.2078947368421
Median: 42.5
Avg Distance: 4.0
2019-03-11 2478400
Spots:
[10, 12, 14, 15, 16, 22, 24, 27, 35, 40, 42, 48, 49, 50, 55, 58, 62, 66, 67, 69]
Bonus: 16
Mean: 39.05
Std_dev: 20.319746683045974
Variance: 412.8921052631579
Median: 41.0
Avg Distance: 3.1052631578947367
2019-03-11 2478401
Spots:
[1, 2, 6, 18, 25, 28, 30, 34, 39, 40, 42, 46, 49, 60, 62, 64, 65, 68, 73, 74]
Bonus: 40
Mean: 41.3
Std_dev: 23.296939035440957
Variance: 542.7473684210527
Median: 41.0
Avg Distance: 3.8421052631578947
2019-03-11 2478402
Spots:
[2, 4, 6, 11, 13, 14, 15, 28, 39, 42, 44, 50, 54, 57, 64, 66, 67, 68, 70, 75]
Bonus: 66
Mean: 39.45
Std_dev: 25.547633529299116
Variance: 652.6815789473684
Median: 43.0
Avg Distance: 3.8421052631578947
2019-03-11 2478403
Spots:
[1, 19, 20, 27, 36, 42, 43, 44, 45, 50, 58, 59, 63, 64, 68, 70, 72, 76, 77, 78]
Bonus: 72
Mean: 50.6
Std_dev: 21.837678689052915
Variance: 476.88421052631577
Median: 54.0
Avg Distance: 4.052631578947368
2019-03-11 2478404
Spots:
[6, 8, 13, 15, 20, 23, 24, 28, 30, 43, 49, 53, 57, 66, 67, 72, 75, 77, 78, 80]
Bonus: 75
Mean: 44.2
Std_dev: 26.1425243415277
Variance: 683.4315789473684
Median: 46.0
Avg Distance: 3.8947368421052633
2019-03-11 2478405
Spots:
[3, 6, 15, 23, 32, 34, 37, 41, 42, 47, 49, 53, 54, 57, 59, 60, 67, 70, 78, 79]
Bonus: 3
Mean: 45.3
Std_dev: 21.92115056527059
Variance: 480.53684210526313
Median: 48.0
Avg Distance: 4.0
2019-03-11 2478406
Spots:
[2, 14, 16, 17, 18, 23, 32, 33, 35, 40, 42, 46, 49, 54, 55, 56, 61, 67, 71, 72]
Bonus: 71
Mean: 40.15
Std_dev: 20.63281749773251
Variance: 425.71315789473687
Median: 41.0
Avg Distance: 3.6842105263157894
2019-03-11 2478407
Spots:
[1, 4, 11, 14, 19, 26, 32, 34, 39, 46, 52, 54, 58, 63, 64, 68, 72, 73, 76, 78]
Bonus: 19
Mean: 44.2
Std_dev: 25.299469518049914
Variance: 640.0631578947368
Median: 49.0
Avg Distance: 4.052631578947368
2019-03-11 2478408
Spots:
[1, 3, 10, 21, 28, 31, 32, 33, 36, 38, 40, 41, 42, 49, 53, 61, 63, 73, 76, 80]
Bonus: 42
Mean: 40.55
Std_dev: 22.60990700416174
Variance: 511.2078947368421
Median: 39.0
Avg Distance: 4.157894736842105
2019-03-11 2478409
Spots:
[2, 4, 5, 6, 9, 12, 13, 15, 19, 21, 23, 34, 37, 38, 50, 58, 60, 64, 73, 75]
Bonus: 64
Mean: 30.9
Std_dev: 24.5140131782877
Variance: 600.9368421052632
Median: 22.0
Avg Distance: 3.8421052631578947
2019-03-11 2478410
Spots:
[2, 3, 4, 6, 12, 25, 29, 35, 36, 41, 47, 49, 52, 54, 60, 62, 65, 70, 75, 77]
Bonus: 4
Mean: 40.2
Std_dev: 25.035974117257748
Variance: 626.8
Median: 44.0
Avg Distance: 3.9473684210526314
2019-03-11 2478411
Spots:
[2, 6, 18, 28, 34, 37, 39, 40, 41, 44, 45, 46, 47, 49, 52, 53, 62, 64, 65, 67]
Bonus: 62
Mean: 41.95
Std_dev: 17.966269565640584
Variance: 322.78684210526313
Median: 44.5
Avg Distance: 3.4210526315789473
2019-03-11 2478412
Spots:
[5, 11, 16, 18, 21, 26, 27, 31, 34, 35, 38, 39, 49, 52, 57, 64, 70, 73, 75, 77]
Bonus: 21
Mean: 40.9
Std_dev: 22.543291685111114
Variance: 508.2
Median: 36.5
Avg Distance: 3.789473684210526
2019-03-11 2478413
Spots:
[3, 8, 9, 12, 14, 17, 19, 21, 25, 28, 32, 39, 49, 50, 62, 65, 68, 70, 77, 80]
Bonus: 80
Mean: 37.4
Std_dev: 25.533053912629864
Variance: 651.9368421052632
Median: 30.0
Avg Distance: 4.052631578947368
2019-03-11 2478414
Spots:
[2, 4, 9, 10, 11, 13, 15, 20, 33, 39, 42, 45, 46, 54, 56, 59, 63, 65, 69, 77]
Bonus: 77
Mean: 36.6
Std_dev: 24.340566096431218
Variance: 592.4631578947368
Median: 40.5
Avg Distance: 3.9473684210526314
2019-03-11 2478415
Spots:
[2, 6, 10, 19, 20, 21, 23, 27, 29, 31, 33, 37, 40, 43, 48, 59, 61, 69, 72, 76]
Bonus: 72
Mean: 36.3
Std_dev: 21.983486625431514
Variance: 483.2736842105263
Median: 32.0
Avg Distance: 3.8947368421052633
2019-03-11 2478416
Spots:
[12, 18, 24, 26, 29, 30, 36, 41, 44, 46, 52, 55, 57, 59, 61, 62, 76, 77, 78, 80]
Bonus: 59
Mean: 48.15
Std_dev: 20.9442241755523
Variance: 438.66052631578947
Median: 49.0
Avg Distance: 3.5789473684210527
2019-03-11 2478417
Spots:
[3, 4, 11, 13, 14, 16, 23, 24, 26, 30, 32, 38, 43, 44, 50, 61, 65, 66, 68, 79]
Bonus: 14
Mean: 35.5
Std_dev: 23.127791438918358
Variance: 534.8947368421053
Median: 31.0
Avg Distance: 4.0
2019-03-11 2478418
Spots:
[8, 10, 12, 14, 17, 21, 23, 24, 25, 26, 36, 41, 42, 48, 49, 52, 54, 67, 69, 72]
Bonus: 69
Mean: 35.5
Std_dev: 20.436036282688686
Variance: 417.63157894736844
Median: 31.0
Avg Distance: 3.3684210526315788
2019-03-11 2478419
Spots:
[11, 13, 15, 17, 24, 25, 32, 36, 37, 39, 41, 44, 46, 48, 56, 60, 61, 63, 74, 77]
Bonus: 39
Mean: 40.95
Std_dev: 19.92743414438867
Variance: 397.10263157894735
Median: 40.0
Avg Distance: 3.473684210526316
2019-03-11 2478420
Spots:
[9, 15, 16, 19, 23, 27, 28, 30, 34, 35, 38, 47, 52, 59, 62, 63, 69, 71, 72, 78]
Bonus: 34
Mean: 42.35
Std_dev: 21.880717297970016
Variance: 478.7657894736842
Median: 36.5
Avg Distance: 3.6315789473684212
2019-03-11 2478421
Spots:
[1, 7, 16, 22, 28, 29, 31, 32, 34, 41, 43, 49, 53, 60, 62, 69, 71, 73, 74, 80]
Bonus: 28
Mean: 43.75
Std_dev: 23.469745362240747
Variance: 550.828947368421
Median: 42.0
Avg Distance: 4.157894736842105
2019-03-11 2478422
Spots:
[12, 20, 22, 23, 28, 29, 40, 42, 43, 52, 55, 56, 58, 59, 60, 62, 68, 70, 76, 78]
Bonus: 60
Mean: 47.65
Std_dev: 19.89783114338159
Variance: 395.9236842105263
Median: 53.5
Avg Distance: 3.473684210526316
2019-03-11 2478423
Spots:
[7, 11, 12, 18, 20, 28, 31, 33, 35, 37, 38, 42, 44, 48, 55, 59, 74, 76, 78, 80]
Bonus: 59
Mean: 41.3
Std_dev: 22.98992914528584
Variance: 528.5368421052632
Median: 37.5
Avg Distance: 3.8421052631578947
2019-03-11 2478424
Spots:
[4, 8, 9, 10, 15, 17, 19, 22, 27, 30, 32, 34, 35, 44, 48, 50, 57, 65, 66, 72]
Bonus: 22
Mean: 33.2
Std_dev: 20.980191158629406
Variance: 440.1684210526316
Median: 31.0
Avg Distance: 3.5789473684210527
2019-03-11 2478425
Spots:
[6, 10, 14, 17, 19, 20, 26, 29, 43, 44, 46, 48, 50, 53, 56, 57, 62, 63, 65, 73]
Bonus: 63
Mean: 40.05
Std_dev: 20.62822542562802
Variance: 425.5236842105263
Median: 45.0
Avg Distance: 3.526315789473684
2019-03-11 2478426
Spots:
[5, 12, 14, 18, 20, 22, 28, 30, 32, 35, 44, 45, 46, 47, 51, 56, 63, 67, 68, 69]
Bonus: 56
Mean: 38.6
Std_dev: 19.96417844672381
Variance: 398.56842105263155
Median: 39.5
Avg Distance: 3.3684210526315788
2019-03-11 2478427
Spots:
[2, 10, 11, 19, 22, 24, 26, 36, 39, 42, 43, 46, 54, 56, 61, 66, 71, 73, 74, 77]
Bonus: 54
Mean: 42.6
Std_dev: 23.48213206495078
Variance: 551.4105263157895
Median: 42.5
Avg Distance: 3.9473684210526314
2019-03-11 2478428
Spots:
[4, 5, 14, 16, 19, 20, 22, 26, 28, 33, 34, 35, 38, 40, 44, 49, 52, 59, 62, 74]
Bonus: 52
Mean: 33.7
Std_dev: 18.97394335175979
Variance: 360.0105263157895
Median: 33.5
Avg Distance: 3.6842105263157894
2019-03-11 2478429
Spots:
[1, 9, 11, 13, 18, 20, 21, 22, 24, 30, 32, 36, 37, 39, 51, 54, 59, 66, 68, 69]
Bonus: 30
Mean: 34
Std_dev: 20.93347860045696
Variance: 438.2105263157895
Median: 31.0
Avg Distance: 3.5789473684210527
2019-03-11 2478430
Spots:
[3, 6, 7, 8, 9, 11, 12, 14, 27, 28, 30, 32, 36, 41, 42, 62, 63, 68, 71, 78]
Bonus: 9
Mean: 32.4
Std_dev: 24.54298055935428
Variance: 602.3578947368421
Median: 29.0
Avg Distance: 3.9473684210526314
2019-03-11 2478431
Spots:
[3, 4, 9, 10, 14, 15, 20, 32, 34, 38, 40, 42, 49, 51, 52, 63, 67, 68, 71, 75]
Bonus: 49
Mean: 37.85
Std_dev: 23.859842942969216
Variance: 569.2921052631579
Median: 39.0
Avg Distance: 3.789473684210526
2019-03-11 2478432
Spots:
[7, 9, 20, 23, 28, 32, 42, 45, 48, 50, 52, 55, 57, 66, 68, 70, 71, 73, 74, 78]
Bonus: 32
Mean: 48.4
Std_dev: 22.238894330713286
Variance: 494.5684210526316
Median: 51.0
Avg Distance: 3.736842105263158
2019-03-11 2478433
Spots:
[4, 5, 6, 7, 21, 29, 32, 34, 35, 37, 46, 50, 55, 59, 63, 67, 68, 71, 78, 80]
Bonus: 6
Mean: 42.35
Std_dev: 25.173660001969058
Variance: 633.7131578947368
Median: 41.5
Avg Distance: 4.0
2019-03-11 2478434
Spots:
[3, 5, 7, 10, 13, 19, 24, 30, 33, 46, 55, 56, 58, 65, 66, 67, 69, 78, 79, 80]
Bonus: 78
Mean: 43.15
Std_dev: 27.37320049360611
Variance: 749.2921052631579
Median: 50.5
Avg Distance: 4.052631578947368
2019-03-11 2478435
Spots:
[4, 7, 25, 26, 30, 31, 40, 41, 46, 51, 54, 55, 61, 62, 66, 68, 69, 70, 71, 77]
Bonus: 70
Mean: 47.7
Std_dev: 21.565323041743124
Variance: 465.06315789473683
Median: 52.5
Avg Distance: 3.8421052631578947
2019-03-11 2478436
Spots:
[3, 10, 12, 16, 20, 24, 25, 26, 27, 29, 31, 36, 37, 40, 41, 47, 55, 68, 72, 76]
Bonus: 37
Mean: 34.75
Std_dev: 20.429274660591716
Variance: 417.35526315789474
Median: 30.0
Avg Distance: 3.8421052631578947
2019-03-11 2478437
Spots:
[3, 4, 5, 9, 13, 14, 15, 16, 17, 18, 27, 28, 43, 44, 46, 48, 56, 69, 73, 80]
Bonus: 73
Mean: 31.4
Std_dev: 24.295115385174597
Variance: 590.2526315789473
Median: 22.5
Avg Distance: 4.052631578947368
2019-03-11 2478438
Spots:
[3, 6, 9, 16, 18, 19, 20, 24, 25, 27, 29, 32, 39, 40, 45, 49, 53, 65, 70, 79]
Bonus: 79
Mean: 33.4
Std_dev: 21.364998429551473
Variance: 456.46315789473687
Median: 28.0
Avg Distance: 4.0
2019-03-11 2478439
Spots:
[11, 17, 35, 36, 38, 40, 42, 49, 50, 51, 56, 62, 63, 66, 68, 72, 73, 75, 76, 79]
Bonus: 76
Mean: 52.95
Std_dev: 19.53532562739667
Variance: 381.62894736842105
Median: 53.5
Avg Distance: 3.5789473684210527
2019-03-11 2478440
Spots:
[3, 20, 32, 39, 40, 41, 43, 45, 47, 48, 51, 55, 59, 63, 64, 66, 68, 70, 77, 80]
Bonus: 32
Mean: 50.55
Std_dev: 19.0524898220955
Variance: 362.9973684210526
Median: 49.5
Avg Distance: 4.052631578947368
2019-03-11 2478441
Spots:
[4, 11, 12, 21, 26, 40, 42, 45, 47, 50, 52, 53, 60, 65, 66, 67, 69, 74, 75, 76]
Bonus: 53
Mean: 47.75
Std_dev: 22.613165704029473
Variance: 511.35526315789474
Median: 51.0
Avg Distance: 3.789473684210526
2019-03-11 2478442
Spots:
[6, 9, 16, 30, 31, 32, 33, 38, 41, 43, 53, 54, 55, 59, 61, 65, 70, 76, 78, 79]
Bonus: 53
Mean: 46.45
Std_dev: 22.17982725005101
Variance: 491.94473684210527
Median: 48.0
Avg Distance: 3.8421052631578947
2019-03-11 2478443
Spots:
[9, 14, 21, 27, 28, 31, 32, 37, 38, 41, 43, 48, 55, 59, 60, 63, 64, 65, 76, 80]
Bonus: 48
Mean: 44.55
Std_dev: 20.1846085186865
Variance: 407.4184210526316
Median: 42.0
Avg Distance: 3.736842105263158
2019-03-11 2478444
Spots:
[4, 7, 8, 16, 21, 24, 25, 29, 39, 41, 43, 52, 53, 54, 62, 66, 72, 73, 77, 80]
Bonus: 80
Mean: 42.3
Std_dev: 24.713303470419586
Variance: 610.7473684210527
Median: 42.0
Avg Distance: 4.0
2019-03-11 2478445
Spots:
[1, 4, 7, 8, 9, 10, 11, 17, 31, 32, 35, 40, 42, 49, 62, 64, 65, 68, 70, 76]
Bonus: 4
Mean: 35.05
Std_dev: 25.742602412098282
Variance: 662.6815789473684
Median: 33.5
Avg Distance: 3.9473684210526314
2019-03-11 2478446
Spots:
[1, 14, 18, 22, 29, 32, 33, 34, 40, 45, 48, 56, 58, 60, 61, 66, 70, 72, 76, 80]
Bonus: 34
Mean: 45.75
Std_dev: 22.501169560246137
Variance: 506.30263157894734
Median: 46.5
Avg Distance: 4.157894736842105
2019-03-11 2478447
Spots:
[2, 4, 9, 11, 19, 23, 28, 30, 33, 39, 40, 41, 45, 57, 63, 64, 66, 69, 73, 76]
Bonus: 30
Mean: 39.6
Std_dev: 23.934999697646035
Variance: 572.8842105263158
Median: 39.5
Avg Distance: 3.8947368421052633
2019-03-11 2478448
Spots:
[6, 7, 13, 18, 22, 23, 24, 28, 50, 52, 55, 56, 57, 60, 63, 65, 69, 73, 76, 78]
Bonus: 69
Mean: 44.75
Std_dev: 24.34159316673288
Variance: 592.5131578947369
Median: 53.5
Avg Distance: 3.789473684210526
2019-03-11 2478449
Spots:
[2, 8, 10, 18, 24, 27, 28, 30, 37, 39, 41, 42, 44, 46, 47, 48, 49, 51, 64, 74]
Bonus: 64
Mean: 36.45
Std_dev: 18.32879529161983
Variance: 335.94473684210527
Median: 40.0
Avg Distance: 3.789473684210526
2019-03-11 2478450
Spots:
[8, 10, 12, 24, 27, 32, 37, 40, 43, 54, 56, 59, 67, 68, 70, 72, 73, 78, 79, 80]
Bonus: 32
Mean: 49.45
Std_dev: 24.42275685977279
Variance: 596.4710526315789
Median: 55.0
Avg Distance: 3.789473684210526
2019-03-11 2478451
Spots:
[5, 10, 17, 19, 22, 28, 31, 38, 41, 43, 46, 47, 48, 49, 51, 53, 56, 58, 77, 78]
Bonus: 47
Mean: 40.85
Std_dev: 19.94274699971739
Variance: 397.71315789473687
Median: 44.5
Avg Distance: 3.8421052631578947
2019-03-11 2478452
Spots:
[5, 7, 9, 23, 25, 26, 30, 31, 40, 42, 45, 46, 47, 55, 62, 72, 73, 74, 78, 79]
Bonus: 47
Mean: 43.45
Std_dev: 24.044859391518486
Variance: 578.1552631578948
Median: 43.5
Avg Distance: 3.8947368421052633
2019-03-11 2478453
Spots:
[2, 7, 9, 13, 14, 17, 20, 22, 23, 31, 34, 38, 39, 47, 58, 61, 66, 73, 79, 80]
Bonus: 47
Mean: 36.65
Std_dev: 25.171569175099954
Variance: 633.6078947368421
Median: 32.5
Avg Distance: 4.105263157894737
2019-03-11 2478454
Spots:
[1, 4, 6, 7, 10, 23, 26, 29, 33, 36, 51, 52, 53, 55, 56, 59, 69, 73, 74, 79]
Bonus: 51
Mean: 39.8
Std_dev: 25.66504893512002
Variance: 658.6947368421053
Median: 43.5
Avg Distance: 4.105263157894737
2019-03-11 2478455
Spots:
[6, 7, 8, 14, 16, 28, 32, 38, 39, 41, 47, 49, 51, 52, 55, 57, 65, 74, 76, 77]
Bonus: 55
Mean: 41.6
Std_dev: 22.986036951524333
Variance: 528.3578947368421
Median: 44.0
Avg Distance: 3.736842105263158
2019-03-11 2478456
Spots:
[3, 21, 23, 25, 29, 31, 34, 41, 42, 43, 45, 47, 53, 58, 60, 61, 64, 65, 67, 68]
Bonus: 60
Mean: 44
Std_dev: 18.20641876401085
Variance: 331.4736842105263
Median: 44.0
Avg Distance: 3.4210526315789473
2019-03-11 2478457
Spots:
[10, 11, 16, 18, 20, 36, 40, 41, 45, 48, 49, 51, 53, 56, 65, 66, 68, 69, 72, 78]
Bonus: 45
Mean: 45.6
Std_dev: 21.399458920852723
Variance: 457.93684210526317
Median: 48.5
Avg Distance: 3.5789473684210527
2019-03-11 2478458
Spots:
[4, 7, 9, 16, 18, 25, 26, 27, 29, 32, 35, 43, 45, 47, 50, 51, 59, 64, 69, 70]
Bonus: 16
Mean: 36.3
Std_dev: 20.409234236131034
Variance: 416.53684210526313
Median: 33.5
Avg Distance: 3.473684210526316
2019-03-11 2478459
Spots:
[1, 4, 9, 10, 15, 16, 18, 31, 33, 34, 43, 48, 62, 63, 67, 69, 71, 73, 77, 80]
Bonus: 18
Mean: 41.2
Std_dev: 27.314156730434437
Variance: 746.0631578947368
Median: 38.5
Avg Distance: 4.157894736842105
2019-03-11 2478460
Spots:
[4, 7, 14, 19, 30, 32, 34, 39, 50, 55, 56, 57, 59, 64, 66, 68, 71, 73, 74, 77]
Bonus: 50
Mean: 47.45
Std_dev: 23.435184973386537
Variance: 549.2078947368421
Median: 55.5
Avg Distance: 3.8421052631578947
2019-03-11 2478461
Spots:
[9, 12, 13, 16, 27, 29, 30, 33, 34, 50, 51, 56, 57, 58, 60, 65, 66, 72, 78, 79]
Bonus: 65
Mean: 44.75
Std_dev: 22.77319523151355
Variance: 518.6184210526316
Median: 50.5
Avg Distance: 3.6842105263157894
2019-03-11 2478462
Spots:
[2, 5, 16, 19, 24, 30, 37, 43, 46, 50, 53, 58, 63, 64, 69, 71, 74, 75, 76, 79]
Bonus: 30
Mean: 47.7
Std_dev: 24.717562475633436
Variance: 610.9578947368421
Median: 51.5
Avg Distance: 4.052631578947368
2019-03-11 2478463
Spots:
[9, 10, 11, 18, 21, 28, 31, 32, 33, 35, 47, 58, 60, 63, 66, 67, 68, 72, 73, 79]
Bonus: 18
Mean: 44.05
Std_dev: 23.738653799458096
Variance: 563.5236842105263
Median: 41.0
Avg Distance: 3.6842105263157894
2019-03-11 2478464
Spots:
[18, 19, 24, 26, 31, 37, 44, 45, 49, 50, 51, 52, 57, 62, 67, 70, 72, 75, 76, 77]
Bonus: 77
Mean: 50.1
Std_dev: 19.506813924208235
Variance: 380.5157894736842
Median: 50.5
Avg Distance: 3.1052631578947367
2019-03-11 2478465
Spots:
[4, 8, 10, 20, 23, 24, 26, 28, 29, 34, 41, 46, 55, 58, 64, 68, 70, 75, 76, 78]
Bonus: 70
Mean: 41.85
Std_dev: 24.499785176286967
Variance: 600.2394736842106
Median: 37.5
Avg Distance: 3.8947368421052633
2019-03-11 2478466
Spots:
[3, 4, 5, 8, 17, 21, 26, 31, 34, 37, 38, 39, 54, 58, 61, 68, 70, 75, 79, 80]
Bonus: 68
Mean: 40.4
Std_dev: 26.276665654050113
Variance: 690.4631578947368
Median: 37.5
Avg Distance: 4.052631578947368
2019-03-11 2478467
Spots:
[9, 10, 11, 16, 24, 27, 29, 35, 37, 38, 39, 40, 54, 56, 57, 59, 60, 61, 77, 80]
Bonus: 57
Mean: 40.95
Std_dev: 21.46839782711225
Variance: 460.8921052631579
Median: 38.5
Avg Distance: 3.736842105263158
2019-03-11 2478468
Spots:
[2, 7, 9, 11, 18, 23, 25, 26, 28, 33, 36, 38, 41, 43, 49, 58, 64, 69, 78, 80]
Bonus: 33
Mean: 36.9
Std_dev: 23.424908020939455
Variance: 548.7263157894737
Median: 34.5
Avg Distance: 4.105263157894737
2019-03-11 2478469
Spots:
[1, 5, 7, 10, 12, 16, 19, 23, 25, 33, 35, 38, 42, 44, 46, 50, 51, 57, 61, 66]
Bonus: 1
Mean: 32.05
Std_dev: 19.93007513123927
Variance: 397.2078947368421
Median: 34.0
Avg Distance: 3.4210526315789473
2019-03-11 2478470
Spots:
[3, 17, 18, 20, 23, 30, 31, 32, 45, 54, 58, 60, 63, 64, 66, 67, 70, 74, 78, 79]
Bonus: 70
Mean: 47.6
Std_dev: 23.66076032056807
Variance: 559.8315789473685
Median: 56.0
Avg Distance: 4.0
2019-03-11 2478471
Spots:
[4, 8, 9, 12, 16, 30, 34, 36, 37, 38, 39, 40, 46, 53, 54, 59, 61, 69, 72, 78]
Bonus: 37
Mean: 39.75
Std_dev: 22.145155107536322
Variance: 490.4078947368421
Median: 38.5
Avg Distance: 3.8947368421052633
2019-03-11 2478472
Spots:
[3, 4, 25, 28, 30, 32, 38, 40, 41, 43, 44, 49, 53, 54, 59, 60, 64, 70, 73, 79]
Bonus: 49
Mean: 44.45
Std_dev: 20.67919116813859
Variance: 427.62894736842105
Median: 43.5
Avg Distance: 4.0
2019-03-11 2478473
Spots:
[2, 3, 5, 7, 15, 22, 24, 25, 40, 43, 44, 49, 50, 51, 53, 58, 59, 62, 63, 74]
Bonus: 62
Mean: 37.45
Std_dev: 22.684274636617186
Variance: 514.5763157894737
Median: 43.5
Avg Distance: 3.789473684210526
2019-03-11 2478474
Spots:
[7, 8, 10, 13, 15, 17, 20, 23, 45, 48, 51, 52, 53, 56, 57, 66, 68, 69, 73, 77]
Bonus: 13
Mean: 41.4
Std_dev: 24.465657993453426
Variance: 598.5684210526316
Median: 49.5
Avg Distance: 3.6842105263157894
2019-03-11 2478475
Spots:
[2, 5, 26, 27, 29, 31, 39, 40, 43, 44, 46, 47, 48, 49, 57, 59, 61, 63, 77, 80]
Bonus: 63
Mean: 43.65
Std_dev: 20.280337898150464
Variance: 411.2921052631579
Median: 45.0
Avg Distance: 4.105263157894737
2019-03-11 2478476
Spots:
[1, 6, 7, 8, 12, 17, 25, 28, 31, 40, 49, 60, 61, 62, 63, 65, 69, 73, 74, 76]
Bonus: 8
Mean: 41.35
Std_dev: 26.614746604882512
Variance: 708.3447368421052
Median: 44.5
Avg Distance: 3.9473684210526314
2019-03-11 2478477
Spots:
[1, 2, 14, 16, 18, 19, 22, 23, 29, 39, 43, 45, 48, 53, 59, 64, 74, 75, 77, 80]
Bonus: 19
Mean: 40.05
Std_dev: 25.57851689046473
Variance: 654.2605263157894
Median: 41.0
Avg Distance: 4.157894736842105
2019-03-11 2478478
Spots:
[4, 6, 11, 13, 17, 20, 21, 24, 27, 31, 34, 44, 50, 52, 58, 64, 67, 69, 72, 79]
Bonus: 13
Mean: 38.15
Std_dev: 24.127457605937593
Variance: 582.1342105263158
Median: 32.5
Avg Distance: 3.9473684210526314
2019-03-11 2478479
Spots:
[1, 6, 9, 13, 16, 21, 23, 27, 30, 35, 39, 40, 43, 52, 56, 63, 66, 72, 75, 77]
Bonus: 52
Mean: 38.2
Std_dev: 24.12162166146686
Variance: 581.8526315789474
Median: 37.0
Avg Distance: 4.0
2019-03-11 2478480
Spots:
[10, 11, 12, 27, 28, 32, 34, 40, 44, 46, 50, 52, 55, 56, 57, 64, 66, 70, 78, 79]
Bonus: 56
Mean: 45.55
Std_dev: 21.157243378295316
Variance: 447.62894736842105
Median: 48.0
Avg Distance: 3.6315789473684212
2019-03-11 2478481
Spots:
[4, 7, 8, 9, 13, 14, 15, 20, 28, 34, 38, 50, 52, 53, 57, 68, 70, 77, 79, 80]
Bonus: 53
Mean: 38.8
Std_dev: 26.980694852743177
Variance: 727.9578947368421
Median: 36.0
Avg Distance: 4.0
2019-03-11 2478482
Spots:
[6, 12, 16, 18, 19, 27, 28, 29, 31, 33, 34, 36, 37, 52, 54, 58, 66, 67, 70, 74]
Bonus: 66
Mean: 38.35
Std_dev: 20.693947754940584
Variance: 428.2394736842105
Median: 33.5
Avg Distance: 3.5789473684210527
2019-03-11 2478483
Spots:
[3, 9, 12, 14, 18, 20, 29, 30, 31, 33, 34, 35, 42, 46, 47, 52, 64, 67, 69, 79]
Bonus: 18
Mean: 36.7
Std_dev: 21.48218356048369
Variance: 461.4842105263158
Median: 33.5
Avg Distance: 4.0
2019-03-11 2478484
Spots:
[1, 6, 10, 13, 16, 18, 21, 23, 26, 47, 50, 51, 54, 56, 58, 59, 63, 67, 77, 79]
Bonus: 79
Mean: 39.75
Std_dev: 24.88473427625861
Variance: 619.25
Median: 48.5
Avg Distance: 4.105263157894737
2019-03-11 2478485
Spots:
[6, 16, 18, 19, 25, 30, 32, 37, 43, 45, 47, 49, 52, 56, 60, 67, 69, 74, 79, 80]
Bonus: 6
Mean: 45.2
Std_dev: 22.154006409676782
Variance: 490.8
Median: 46.0
Avg Distance: 3.8947368421052633
2019-03-11 2478486
Spots:
[3, 4, 13, 15, 17, 26, 27, 31, 46, 47, 49, 50, 51, 54, 55, 57, 65, 68, 69, 79]
Bonus: 49
Mean: 41.3
Std_dev: 22.74365151444522
Variance: 517.2736842105263
Median: 48.0
Avg Distance: 4.0
2019-03-11 2478487
Spots:
[15, 17, 22, 23, 26, 30, 32, 33, 40, 46, 50, 51, 57, 62, 65, 69, 75, 77, 79, 80]
Bonus: 80
Mean: 47.45
Std_dev: 22.096617983659616
Variance: 488.2605263157895
Median: 48.0
Avg Distance: 3.4210526315789473
2019-03-11 2478488
Spots:
[4, 9, 10, 15, 17, 25, 28, 29, 33, 40, 44, 45, 47, 48, 51, 53, 56, 58, 68, 72]
Bonus: 68
Mean: 37.6
Std_dev: 19.956267977228293
Variance: 398.2526315789474
Median: 42.0
Avg Distance: 3.5789473684210527
2019-03-11 2478489
Spots:
[6, 8, 10, 12, 18, 20, 27, 37, 41, 46, 52, 55, 63, 66, 70, 71, 73, 76, 78, 80]
Bonus: 63
Mean: 45.45
Std_dev: 26.390738008467647
Variance: 696.4710526315789
Median: 49.0
Avg Distance: 3.8947368421052633
2019-03-11 2478490
Spots:
[1, 5, 6, 7, 9, 10, 22, 23, 36, 45, 46, 48, 55, 57, 62, 63, 67, 72, 73, 77]
Bonus: 77
Mean: 39.2
Std_dev: 26.488527804752717
Variance: 701.6421052631579
Median: 45.5
Avg Distance: 4.0
2019-03-11 2478491
Spots:
[7, 8, 10, 17, 22, 25, 26, 29, 36, 40, 47, 48, 49, 51, 60, 66, 67, 71, 76, 78]
Bonus: 29
Mean: 41.65
Std_dev: 23.159117790669516
Variance: 536.3447368421052
Median: 43.5
Avg Distance: 3.736842105263158
2019-03-11 2478492
Spots:
[3, 5, 7, 10, 11, 14, 20, 43, 45, 46, 47, 53, 54, 62, 63, 64, 66, 75, 78, 79]
Bonus: 20
Mean: 42.25
Std_dev: 26.495034291452864
Variance: 701.9868421052631
Median: 46.5
Avg Distance: 4.0
2019-03-11 2478493
Spots:
[8, 13, 16, 20, 26, 29, 36, 37, 38, 42, 50, 54, 55, 56, 57, 61, 69, 71, 74, 78]
Bonus: 37
Mean: 44.5
Std_dev: 21.25410177131142
Variance: 451.7368421052632
Median: 46.0
Avg Distance: 3.6842105263157894
2019-03-11 2478494
Spots:
[3, 7, 8, 13, 21, 24, 29, 30, 31, 32, 34, 36, 38, 45, 46, 56, 61, 62, 65, 74]
Bonus: 30
Mean: 35.75
Std_dev: 20.40607494685938
Variance: 416.4078947368421
Median: 33.0
Avg Distance: 3.736842105263158
2019-03-11 2478495
Spots:
[3, 12, 13, 14, 19, 21, 22, 25, 36, 40, 44, 50, 54, 58, 59, 60, 66, 74, 76, 80]
Bonus: 19
Mean: 41.3
Std_dev: 24.079036525575518
Variance: 579.8
Median: 42.0
Avg Distance: 4.052631578947368
2019-03-11 2478496
Spots:
[6, 11, 12, 13, 20, 21, 24, 28, 30, 48, 49, 52, 58, 59, 60, 61, 69, 70, 75, 79]
Bonus: 24
Mean: 42.25
Std_dev: 24.030408367645137
Variance: 577.4605263157895
Median: 48.5
Avg Distance: 3.8421052631578947
2019-03-11 2478497
Spots:
[1, 5, 7, 13, 22, 23, 26, 27, 30, 34, 40, 42, 48, 50, 52, 60, 64, 65, 70, 71]
Bonus: 60
Mean: 37.5
Std_dev: 22.156144448935724
Variance: 490.89473684210526
Median: 37.0
Avg Distance: 3.6842105263157894
2019-03-11 2478498
Spots:
[8, 11, 13, 14, 20, 21, 28, 31, 43, 48, 55, 56, 58, 59, 60, 64, 70, 72, 75, 78]
Bonus: 43
Mean: 44.2
Std_dev: 23.74336472408771
Variance: 563.7473684210527
Median: 51.5
Avg Distance: 3.6842105263157894
2019-03-11 2478499
Spots:
[6, 12, 18, 20, 24, 25, 33, 39, 41, 45, 47, 52, 54, 60, 61, 63, 71, 73, 75, 77]
Bonus: 24
Mean: 44.8
Std_dev: 22.15163056847295
Variance: 490.69473684210527
Median: 46.0
Avg Distance: 3.736842105263158
2019-03-11 2478500
Spots:
[4, 5, 15, 17, 18, 19, 21, 24, 30, 36, 40, 41, 42, 46, 53, 54, 59, 65, 69, 77]
Bonus: 24
Mean: 36.75
Std_dev: 21.427662888007763
Variance: 459.14473684210526
Median: 38.0
Avg Distance: 3.8421052631578947
2019-03-11 2478501
Spots:
[4, 9, 11, 12, 13, 17, 18, 22, 25, 31, 43, 49, 51, 58, 59, 67, 72, 75, 76, 77]
Bonus: 18
Mean: 39.45
Std_dev: 25.94219282213924
Variance: 672.9973684210527
Median: 37.0
Avg Distance: 3.8421052631578947
2019-03-11 2478502
Spots:
[2, 14, 16, 17, 18, 20, 23, 29, 30, 31, 42, 43, 49, 52, 54, 55, 56, 58, 60, 76]
Bonus: 30
Mean: 37.25
Std_dev: 19.84645003388184
Variance: 393.88157894736844
Median: 36.5
Avg Distance: 3.8947368421052633
2019-03-11 2478503
Spots:
[1, 3, 5, 10, 16, 17, 31, 37, 45, 48, 50, 52, 57, 64, 67, 70, 71, 73, 79, 80]
Bonus: 3
Mean: 43.8
Std_dev: 27.066390111801216
Variance: 732.5894736842106
Median: 49.0
Avg Distance: 4.157894736842105
2019-03-11 2478504
Spots:
[2, 3, 9, 14, 15, 16, 24, 32, 33, 37, 47, 52, 54, 56, 58, 60, 64, 68, 70, 75]
Bonus: 15
Mean: 39.45
Std_dev: 23.926367309551587
Variance: 572.4710526315789
Median: 42.0
Avg Distance: 3.8421052631578947
2019-03-11 2478505
Spots:
[1, 6, 9, 15, 18, 19, 21, 22, 23, 26, 30, 31, 33, 36, 38, 53, 61, 64, 65, 67]
Bonus: 19
Mean: 31.9
Std_dev: 20.307893202294263
Variance: 412.41052631578947
Median: 28.0
Avg Distance: 3.473684210526316
2019-03-11 2478506
Spots:
[5, 16, 17, 26, 34, 37, 41, 43, 47, 52, 55, 57, 64, 65, 66, 68, 71, 72, 75, 76]
Bonus: 5
Mean: 49.35
Std_dev: 21.40652876307157
Variance: 458.2394736842105
Median: 53.5
Avg Distance: 3.736842105263158
2019-03-11 2478507
Spots:
[7, 10, 11, 19, 21, 24, 25, 28, 37, 40, 49, 50, 57, 58, 61, 66, 68, 69, 70, 80]
Bonus: 24
Mean: 42.5
Std_dev: 23.143715754981272
Variance: 535.6315789473684
Median: 44.5
Avg Distance: 3.8421052631578947
2019-03-11 2478508
Spots:
[6, 9, 18, 21, 24, 30, 33, 36, 39, 45, 51, 55, 59, 60, 67, 72, 73, 76, 78, 80]
Bonus: 76
Mean: 46.6
Std_dev: 23.871145321231833
Variance: 569.8315789473685
Median: 48.0
Avg Distance: 3.8947368421052633
2019-03-11 2478509
Spots:
[2, 7, 11, 19, 22, 27, 29, 32, 35, 36, 40, 52, 57, 60, 63, 64, 66, 68, 76, 77]
Bonus: 64
Mean: 42.15
Std_dev: 23.513210172827932
Variance: 552.8710526315789
Median: 38.0
Avg Distance: 3.9473684210526314
2019-03-11 2478510
Spots:
[1, 3, 8, 9, 16, 23, 25, 38, 41, 42, 44, 47, 53, 54, 57, 59, 63, 68, 69, 70]
Bonus: 68
Mean: 39.5
Std_dev: 23.059419812850088
Variance: 531.7368421052631
Median: 43.0
Avg Distance: 3.6315789473684212
2019-03-11 2478511
Spots:
[1, 7, 15, 18, 27, 32, 34, 44, 47, 49, 51, 53, 54, 55, 58, 63, 70, 71, 78, 80]
Bonus: 78
Mean: 45.35
Std_dev: 22.97658991692471
Variance: 527.9236842105263
Median: 50.0
Avg Distance: 4.157894736842105
2019-03-11 2478512
Spots:
[3, 4, 6, 7, 9, 22, 24, 28, 35, 37, 38, 43, 47, 49, 54, 58, 61, 67, 73, 80]
Bonus: 49
Mean: 37.25
Std_dev: 24.06105173358629
Variance: 578.9342105263158
Median: 37.5
Avg Distance: 4.052631578947368
2019-03-11 2478513
Spots:
[3, 5, 7, 10, 15, 18, 20, 24, 32, 35, 36, 39, 42, 43, 47, 53, 55, 61, 63, 68]
Bonus: 18
Mean: 33.8
Std_dev: 20.384720800277425
Variance: 415.53684210526313
Median: 35.5
Avg Distance: 3.4210526315789473
2019-03-11 2478514
Spots:
[2, 4, 5, 8, 12, 16, 18, 21, 27, 34, 36, 49, 50, 51, 54, 60, 69, 70, 77, 78]
Bonus: 60
Mean: 37.05
Std_dev: 25.846663227581235
Variance: 668.05
Median: 35.0
Avg Distance: 4.0
2019-03-11 2478515
Spots:
[1, 5, 19, 21, 25, 27, 36, 39, 41, 44, 46, 50, 52, 55, 61, 64, 68, 70, 71, 77]
Bonus: 25
Mean: 43.6
Std_dev: 22.067837992975445
Variance: 486.9894736842105
Median: 45.0
Avg Distance: 4.0
2019-03-11 2478516
Spots:
[1, 11, 14, 15, 19, 23, 26, 38, 45, 52, 56, 58, 59, 60, 61, 62, 64, 66, 71, 80]
Bonus: 71
Mean: 44.05
Std_dev: 23.52260950436275
Variance: 553.3131578947368
Median: 54.0
Avg Distance: 4.157894736842105
2019-03-11 2478517
Spots:
[1, 2, 6, 7, 14, 16, 17, 25, 34, 35, 37, 42, 44, 60, 61, 67, 73, 77, 78, 80]
Bonus: 80
Mean: 38.8
Std_dev: 27.481285498163636
Variance: 755.2210526315789
Median: 36.0
Avg Distance: 4.157894736842105
2019-03-11 2478518
Spots:
[4, 15, 17, 18, 20, 21, 26, 30, 35, 40, 41, 47, 48, 49, 53, 56, 57, 66, 74, 76]
Bonus: 35
Mean: 39.65
Std_dev: 20.58429396153137
Variance: 423.7131578947368
Median: 40.5
Avg Distance: 3.789473684210526
2019-03-11 2478519
Spots:
[3, 5, 16, 24, 26, 27, 33, 38, 41, 45, 48, 49, 50, 52, 56, 60, 66, 70, 71, 79]
Bonus: 49
Mean: 42.95
Std_dev: 21.51981950618888
Variance: 463.1026315789474
Median: 46.5
Avg Distance: 4.0
2019-03-11 2478520
Spots:
[1, 5, 6, 8, 9, 12, 14, 20, 22, 29, 34, 38, 47, 50, 54, 55, 56, 65, 72, 74]
Bonus: 38
Mean: 33.55
Std_dev: 24.09515129210592
Variance: 580.5763157894737
Median: 31.5
Avg Distance: 3.8421052631578947
2019-03-11 2478521
Spots:
[1, 2, 5, 15, 17, 18, 24, 32, 35, 38, 39, 42, 48, 53, 54, 62, 63, 67, 75, 77]
Bonus: 38
Mean: 38.35
Std_dev: 23.943519065984386
Variance: 573.2921052631579
Median: 38.5
Avg Distance: 4.0
2019-03-11 2478522
Spots:
[4, 6, 7, 8, 14, 24, 29, 31, 38, 44, 45, 50, 52, 55, 58, 60, 62, 63, 72, 77]
Bonus: 63
Mean: 39.95
Std_dev: 23.331647808795765
Variance: 544.3657894736842
Median: 44.5
Avg Distance: 3.8421052631578947
2019-03-11 2478523
Spots:
[1, 6, 7, 9, 12, 19, 25, 26, 31, 44, 48, 49, 57, 61, 63, 67, 71, 73, 76, 79]
Bonus: 63
Mean: 41.2
Std_dev: 26.597585960898186
Variance: 707.4315789473684
Median: 46.0
Avg Distance: 4.105263157894737
2019-03-11 2478524
Spots:
[2, 4, 7, 11, 12, 20, 25, 27, 28, 33, 35, 36, 38, 52, 53, 54, 55, 74, 75, 80]
Bonus: 4
Mean: 36.05
Std_dev: 23.93956205904668
Variance: 573.1026315789474
Median: 34.0
Avg Distance: 4.105263157894737
2019-03-11 2478525
Spots:
[4, 9, 20, 26, 28, 31, 38, 41, 43, 47, 49, 51, 54, 58, 59, 60, 62, 74, 78, 80]
Bonus: 51
Mean: 45.6
Std_dev: 21.374849953305304
Variance: 456.8842105263158
Median: 48.0
Avg Distance: 4.0
2019-03-11 2478526
Spots:
[1, 2, 6, 8, 11, 19, 22, 29, 30, 31, 36, 40, 41, 43, 44, 47, 51, 70, 74, 80]
Bonus: 19
Mean: 34.25
Std_dev: 23.23761696270216
Variance: 539.9868421052631
Median: 33.5
Avg Distance: 4.157894736842105
2019-03-11 2478527
Spots:
[4, 6, 12, 15, 16, 17, 31, 35, 36, 38, 48, 54, 56, 58, 60, 65, 66, 70, 73, 79]
Bonus: 6
Mean: 41.95
Std_dev: 24.13443706887689
Variance: 582.4710526315789
Median: 43.0
Avg Distance: 3.9473684210526314
2019-03-11 2478528
Spots:
[1, 2, 4, 5, 6, 7, 11, 26, 28, 34, 39, 40, 43, 44, 53, 55, 59, 61, 63, 73]
Bonus: 26
Mean: 32.7
Std_dev: 23.755553367359678
Variance: 564.3263157894737
Median: 36.5
Avg Distance: 3.789473684210526
2019-03-11 2478529
Spots:
[9, 14, 18, 23, 24, 25, 28, 31, 33, 34, 35, 38, 39, 46, 51, 63, 64, 75, 77, 78]
Bonus: 18
Mean: 40.25
Std_dev: 21.188067644934396
Variance: 448.9342105263158
Median: 34.5
Avg Distance: 3.6315789473684212
2019-03-11 2478530
Spots:
[7, 9, 12, 13, 14, 15, 16, 17, 19, 20, 21, 36, 45, 55, 62, 64, 65, 68, 72, 79]
Bonus: 79
Mean: 35.45
Std_dev: 25.169896388553656
Variance: 633.5236842105263
Median: 20.5
Avg Distance: 3.789473684210526
2019-03-11 2478531
Spots:
[5, 23, 24, 25, 26, 28, 31, 36, 40, 42, 43, 52, 58, 65, 66, 67, 71, 72, 73, 75]
Bonus: 43
Mean: 46.1
Std_dev: 21.148348199775494
Variance: 447.25263157894733
Median: 42.5
Avg Distance: 3.6842105263157894
2019-03-11 2478532
Spots:
[4, 8, 10, 16, 18, 21, 24, 25, 29, 30, 34, 36, 37, 40, 41, 45, 50, 64, 70, 77]
Bonus: 41
Mean: 33.95
Std_dev: 20.05643353928583
Variance: 402.2605263157895
Median: 32.0
Avg Distance: 3.8421052631578947
2019-03-11 2478533
Spots:
[5, 8, 11, 12, 21, 22, 25, 33, 35, 36, 37, 45, 52, 60, 62, 66, 68, 69, 72, 79]
Bonus: 8
Mean: 40.9
Std_dev: 23.803803322821732
Variance: 566.6210526315789
Median: 36.5
Avg Distance: 3.8947368421052633
2019-03-11 2478534
Spots:
[6, 7, 10, 14, 19, 20, 21, 29, 31, 33, 34, 39, 41, 42, 46, 52, 53, 56, 71, 77]
Bonus: 7
Mean: 35.05
Std_dev: 20.210666803239793
Variance: 408.47105263157897
Median: 33.5
Avg Distance: 3.736842105263158
2019-03-11 2478535
Spots:
[4, 11, 17, 29, 30, 35, 38, 43, 48, 49, 50, 54, 59, 61, 62, 66, 68, 71, 76, 80]
Bonus: 49
Mean: 47.55
Std_dev: 21.556474177085835
Variance: 464.6815789473684
Median: 49.5
Avg Distance: 4.0
