2019-03-12 2478536
Spots:
[2, 5, 6, 9, 12, 19, 21, 29, 31, 37, 40, 43, 50, 58, 60, 68, 71, 72, 78, 80]
Bonus: 60
Mean: 39.55
Std_dev: 26.38275952208184
Variance: 696.05
Median: 38.5
Avg Distance: 4.105263157894737
2019-03-12 2478537
Spots:
[3, 5, 6, 9, 27, 28, 34, 38, 46, 56, 57, 58, 59, 63, 68, 70, 72, 73, 76, 79]
Bonus: 5
Mean: 46.35
Std_dev: 25.819770067058876
Variance: 666.6605263157895
Median: 56.5
Avg Distance: 4.0
2019-03-12 2478538
Spots:
[1, 2, 7, 16, 18, 20, 24, 25, 30, 34, 39, 40, 43, 46, 55, 59, 69, 71, 78, 79]
Bonus: 2
Mean: 37.8
Std_dev: 24.530539505299362
Variance: 601.7473684210527
Median: 36.5
Avg Distance: 4.105263157894737
2019-03-12 2478539
Spots:
[5, 6, 8, 11, 21, 23, 27, 32, 40, 41, 42, 43, 45, 50, 51, 55, 59, 60, 63, 74]
Bonus: 74
Mean: 37.8
Std_dev: 20.472317638061504
Variance: 419.11578947368423
Median: 41.5
Avg Distance: 3.6315789473684212
2019-03-12 2478540
Spots:
[6, 12, 19, 21, 26, 35, 40, 42, 55, 58, 60, 62, 67, 68, 70, 75, 76, 77, 78, 80]
Bonus: 26
Mean: 51.35
Std_dev: 24.247137649844905
Variance: 587.9236842105263
Median: 59.0
Avg Distance: 3.8947368421052633
2019-03-12 2478541
Spots:
[1, 7, 8, 9, 12, 25, 28, 30, 37, 39, 46, 48, 50, 54, 62, 66, 70, 72, 73, 79]
Bonus: 79
Mean: 40.8
Std_dev: 25.063288312841784
Variance: 628.1684210526316
Median: 42.5
Avg Distance: 4.105263157894737
2019-03-12 2478542
Spots:
[1, 9, 14, 15, 24, 31, 36, 37, 38, 46, 50, 54, 60, 62, 63, 64, 65, 69, 70, 75]
Bonus: 60
Mean: 44.15
Std_dev: 22.61409667488517
Variance: 511.39736842105265
Median: 48.0
Avg Distance: 3.8947368421052633
2019-03-12 2478543
Spots:
[3, 7, 8, 10, 11, 12, 13, 14, 21, 34, 35, 42, 46, 49, 54, 55, 59, 64, 74, 77]
Bonus: 42
Mean: 34.4
Std_dev: 24.290782310645284
Variance: 590.0421052631579
Median: 34.5
Avg Distance: 3.8947368421052633
2019-03-12 2478544
Spots:
[4, 6, 9, 11, 21, 22, 26, 32, 35, 38, 48, 50, 51, 53, 54, 60, 61, 64, 67, 69]
Bonus: 50
Mean: 39.05
Std_dev: 21.57843709281145
Variance: 465.62894736842105
Median: 43.0
Avg Distance: 3.4210526315789473
2019-03-12 2478545
Spots:
[4, 6, 10, 13, 14, 16, 19, 21, 31, 37, 38, 40, 47, 55, 60, 63, 66, 69, 70, 78]
Bonus: 47
Mean: 37.85
Std_dev: 24.279675277460928
Variance: 589.5026315789473
Median: 37.5
Avg Distance: 3.8947368421052633
2019-03-12 2478546
Spots:
[1, 2, 3, 7, 12, 13, 15, 26, 30, 36, 40, 42, 46, 47, 65, 66, 68, 72, 76, 80]
Bonus: 66
Mean: 37.35
Std_dev: 26.97615906489908
Variance: 727.7131578947368
Median: 38.0
Avg Distance: 4.157894736842105
2019-03-12 2478547
Spots:
[2, 7, 20, 21, 26, 27, 30, 31, 37, 39, 40, 46, 51, 53, 55, 63, 64, 65, 72, 73]
Bonus: 65
Mean: 41.1
Std_dev: 20.799544529426093
Variance: 432.62105263157895
Median: 39.5
Avg Distance: 3.736842105263158
2019-03-12 2478548
Spots:
[6, 23, 26, 27, 29, 30, 33, 37, 42, 46, 51, 54, 55, 57, 59, 61, 62, 70, 72, 74]
Bonus: 29
Mean: 45.7
Std_dev: 18.74510462409909
Variance: 351.37894736842105
Median: 48.5
Avg Distance: 3.5789473684210527
2019-03-12 2478549
Spots:
[1, 9, 11, 17, 20, 25, 26, 33, 37, 38, 39, 42, 44, 48, 52, 53, 61, 65, 71, 80]
Bonus: 42
Mean: 38.6
Std_dev: 21.424039621047438
Variance: 458.9894736842105
Median: 38.5
Avg Distance: 4.157894736842105
2019-03-12 2478550
Spots:
[5, 14, 20, 22, 26, 32, 34, 38, 42, 48, 50, 52, 56, 57, 58, 61, 65, 66, 69, 72]
Bonus: 42
Mean: 44.35
Std_dev: 19.647619381706807
Variance: 386.02894736842103
Median: 49.0
Avg Distance: 3.526315789473684
2019-03-12 2478551
Spots:
[3, 4, 6, 8, 11, 12, 14, 15, 24, 29, 34, 38, 39, 51, 53, 64, 65, 67, 74, 76]
Bonus: 6
Mean: 34.35
Std_dev: 25.363203765754
Variance: 643.2921052631579
Median: 31.5
Avg Distance: 3.8421052631578947
2019-03-12 2478552
Spots:
[19, 21, 22, 29, 31, 33, 42, 47, 50, 58, 60, 62, 63, 66, 70, 71, 72, 73, 75, 78]
Bonus: 71
Mean: 52.1
Std_dev: 20.075908578770672
Variance: 403.0421052631579
Median: 59.0
Avg Distance: 3.1052631578947367
2019-03-12 2478553
Spots:
[4, 8, 13, 14, 31, 32, 34, 35, 38, 39, 41, 43, 47, 50, 60, 65, 67, 72, 73, 74]
Bonus: 60
Mean: 42
Std_dev: 21.810185935161485
Variance: 475.6842105263158
Median: 40.0
Avg Distance: 3.6842105263157894
2019-03-12 2478554
Spots:
[8, 11, 20, 24, 29, 31, 34, 42, 44, 46, 47, 50, 53, 55, 56, 58, 64, 66, 68, 73]
Bonus: 73
Mean: 43.95
Std_dev: 18.849752197170574
Variance: 355.31315789473683
Median: 46.5
Avg Distance: 3.4210526315789473
2019-03-12 2478555
Spots:
[6, 8, 13, 15, 23, 25, 26, 28, 37, 40, 41, 49, 51, 54, 63, 66, 70, 75, 79, 80]
Bonus: 13
Mean: 42.45
Std_dev: 24.199771638765952
Variance: 585.628947368421
Median: 40.5
Avg Distance: 3.8947368421052633
2019-03-12 2478556
Spots:
[9, 15, 17, 24, 25, 33, 40, 44, 48, 49, 52, 53, 55, 60, 65, 67, 73, 74, 75, 77]
Bonus: 33
Mean: 47.75
Std_dev: 21.442395290393137
Variance: 459.7763157894737
Median: 50.5
Avg Distance: 3.5789473684210527
2019-03-12 2478557
Spots:
[14, 21, 24, 25, 26, 28, 31, 33, 44, 49, 50, 57, 59, 61, 64, 66, 67, 69, 70, 77]
Bonus: 59
Mean: 46.75
Std_dev: 19.80928809263074
Variance: 392.4078947368421
Median: 49.5
Avg Distance: 3.3157894736842106
2019-03-12 2478558
Spots:
[4, 12, 13, 18, 19, 22, 25, 43, 44, 45, 52, 53, 57, 59, 60, 63, 65, 66, 76, 79]
Bonus: 45
Mean: 43.75
Std_dev: 23.01229648413396
Variance: 529.5657894736842
Median: 48.5
Avg Distance: 3.9473684210526314
2019-03-12 2478559
Spots:
[1, 2, 3, 5, 13, 15, 16, 19, 20, 23, 26, 30, 46, 49, 50, 58, 61, 62, 65, 74]
Bonus: 65
Mean: 31.9
Std_dev: 23.896487299667243
Variance: 571.0421052631579
Median: 24.5
Avg Distance: 3.8421052631578947
2019-03-12 2478560
Spots:
[3, 4, 11, 14, 27, 37, 40, 42, 52, 53, 54, 56, 57, 60, 65, 66, 68, 77, 78, 79]
Bonus: 14
Mean: 47.15
Std_dev: 24.294844590657718
Variance: 590.2394736842106
Median: 53.5
Avg Distance: 4.0
2019-03-12 2478561
Spots:
[4, 7, 8, 18, 22, 27, 33, 35, 39, 40, 42, 45, 53, 54, 60, 63, 65, 66, 67, 74]
Bonus: 8
Mean: 41.1
Std_dev: 21.69865385104266
Variance: 470.8315789473684
Median: 41.0
Avg Distance: 3.6842105263157894
2019-03-12 2478562
Spots:
[5, 7, 8, 9, 12, 13, 17, 21, 22, 27, 41, 42, 45, 52, 57, 60, 63, 68, 73, 78]
Bonus: 41
Mean: 36
Std_dev: 24.69178427182442
Variance: 609.6842105263158
Median: 34.0
Avg Distance: 3.8421052631578947
2019-03-12 2478563
Spots:
[2, 3, 15, 16, 17, 22, 29, 36, 40, 46, 47, 53, 60, 61, 63, 68, 72, 74, 79, 80]
Bonus: 2
Mean: 44.15
Std_dev: 25.514237511426316
Variance: 650.9763157894737
Median: 46.5
Avg Distance: 4.105263157894737
2019-03-12 2478564
Spots:
[3, 6, 10, 24, 25, 26, 27, 28, 35, 38, 40, 43, 46, 47, 50, 57, 60, 61, 66, 72]
Bonus: 40
Mean: 38.2
Std_dev: 19.73935422609255
Variance: 389.6421052631579
Median: 39.0
Avg Distance: 3.6315789473684212
2019-03-12 2478565
Spots:
[3, 10, 11, 16, 20, 23, 26, 35, 37, 42, 45, 46, 54, 55, 63, 70, 71, 76, 78, 80]
Bonus: 3
Mean: 43.05
Std_dev: 24.74602573088625
Variance: 612.3657894736842
Median: 43.5
Avg Distance: 4.052631578947368
2019-03-12 2478566
Spots:
[2, 3, 7, 10, 13, 15, 18, 20, 26, 32, 34, 38, 49, 51, 52, 53, 58, 66, 71, 80]
Bonus: 15
Mean: 34.9
Std_dev: 23.94709080232371
Variance: 573.4631578947368
Median: 33.0
Avg Distance: 4.105263157894737
2019-03-12 2478567
Spots:
[1, 2, 10, 12, 15, 17, 24, 25, 26, 30, 31, 33, 38, 40, 41, 50, 55, 57, 59, 79]
Bonus: 79
Mean: 32.25
Std_dev: 20.532067345342607
Variance: 421.5657894736842
Median: 30.5
Avg Distance: 4.105263157894737
2019-03-12 2478568
Spots:
[4, 5, 12, 22, 31, 40, 41, 42, 45, 47, 54, 57, 59, 60, 69, 72, 74, 75, 79, 80]
Bonus: 59
Mean: 48.4
Std_dev: 24.051261045831605
Variance: 578.4631578947368
Median: 50.5
Avg Distance: 4.0
2019-03-12 2478569
Spots:
[8, 10, 12, 13, 17, 30, 31, 37, 38, 39, 42, 44, 45, 47, 51, 56, 57, 70, 75, 78]
Bonus: 42
Mean: 40
Std_dev: 21.13864009966483
Variance: 446.8421052631579
Median: 40.5
Avg Distance: 3.6842105263157894
2019-03-12 2478570
Spots:
[7, 10, 12, 14, 21, 37, 40, 41, 42, 44, 45, 46, 49, 50, 57, 59, 64, 66, 69, 79]
Bonus: 66
Mean: 42.6
Std_dev: 20.78815452177159
Variance: 432.14736842105265
Median: 44.5
Avg Distance: 3.789473684210526
2019-03-12 2478571
Spots:
[5, 10, 25, 26, 29, 33, 35, 37, 39, 40, 43, 47, 51, 57, 60, 67, 69, 75, 76, 79]
Bonus: 57
Mean: 45.15
Std_dev: 21.39915148342397
Variance: 457.9236842105263
Median: 41.5
Avg Distance: 3.8947368421052633
2019-03-12 2478572
Spots:
[2, 4, 6, 9, 13, 22, 23, 27, 32, 33, 49, 57, 59, 61, 62, 63, 64, 66, 77, 79]
Bonus: 33
Mean: 40.4
Std_dev: 25.96029356739371
Variance: 673.9368421052632
Median: 41.0
Avg Distance: 4.052631578947368
2019-03-12 2478573
Spots:
[2, 3, 4, 11, 12, 18, 37, 38, 39, 43, 47, 50, 54, 58, 63, 65, 68, 71, 76, 77]
Bonus: 18
Mean: 41.8
Std_dev: 25.556130174063604
Variance: 653.1157894736842
Median: 45.0
Avg Distance: 3.9473684210526314
2019-03-12 2478574
Spots:
[1, 3, 8, 16, 20, 21, 24, 25, 29, 32, 34, 37, 42, 46, 50, 56, 67, 70, 75, 79]
Bonus: 34
Mean: 36.75
Std_dev: 23.532452396413632
Variance: 553.7763157894736
Median: 33.0
Avg Distance: 4.105263157894737
2019-03-12 2478575
Spots:
[3, 9, 10, 26, 38, 41, 42, 43, 45, 46, 52, 54, 56, 57, 60, 63, 64, 72, 73, 79]
Bonus: 72
Mean: 46.65
Std_dev: 21.330173834019114
Variance: 454.9763157894737
Median: 49.0
Avg Distance: 4.0
2019-03-12 2478576
Spots:
[6, 10, 11, 28, 29, 30, 34, 37, 39, 41, 43, 44, 45, 51, 55, 56, 57, 58, 59, 60]
Bonus: 11
Mean: 39.65
Std_dev: 16.752925903130755
Variance: 280.66052631578947
Median: 42.0
Avg Distance: 2.8421052631578947
2019-03-12 2478577
Spots:
[2, 3, 10, 12, 13, 14, 15, 24, 27, 29, 30, 31, 34, 44, 52, 59, 67, 72, 75, 77]
Bonus: 10
Mean: 34.5
Std_dev: 24.658723234971987
Variance: 608.0526315789474
Median: 29.5
Avg Distance: 3.9473684210526314
2019-03-12 2478578
Spots:
[5, 7, 15, 22, 23, 26, 28, 44, 48, 52, 55, 57, 58, 60, 64, 66, 67, 69, 75, 78]
Bonus: 28
Mean: 45.95
Std_dev: 23.098131617308926
Variance: 533.5236842105263
Median: 53.5
Avg Distance: 3.8421052631578947
2019-03-12 2478579
Spots:
[7, 20, 28, 33, 34, 35, 37, 38, 41, 43, 51, 57, 64, 65, 69, 71, 72, 73, 74, 75]
Bonus: 7
Mean: 49.35
Std_dev: 20.422575228099134
Variance: 417.0815789473684
Median: 47.0
Avg Distance: 3.5789473684210527
2019-03-12 2478580
Spots:
[4, 8, 11, 14, 15, 18, 20, 24, 25, 28, 43, 52, 54, 57, 58, 60, 65, 73, 79, 80]
Bonus: 57
Mean: 39.4
Std_dev: 25.299053445991962
Variance: 640.0421052631579
Median: 35.5
Avg Distance: 4.0
2019-03-12 2478581
Spots:
[1, 4, 8, 10, 11, 13, 17, 21, 22, 25, 34, 36, 38, 40, 47, 48, 53, 60, 71, 77]
Bonus: 13
Mean: 31.8
Std_dev: 22.329117172074014
Variance: 498.5894736842106
Median: 29.5
Avg Distance: 4.0
2019-03-12 2478582
Spots:
[9, 10, 14, 19, 20, 28, 29, 30, 31, 32, 39, 41, 44, 46, 50, 56, 64, 73, 75, 79]
Bonus: 50
Mean: 39.45
Std_dev: 21.40210270043577
Variance: 458.05
Median: 35.5
Avg Distance: 3.6842105263157894
2019-03-12 2478583
Spots:
[1, 3, 11, 13, 17, 26, 27, 28, 34, 37, 40, 50, 61, 65, 68, 69, 77, 78, 79, 80]
Bonus: 11
Mean: 43.2
Std_dev: 27.206036481866146
Variance: 740.1684210526316
Median: 38.5
Avg Distance: 4.157894736842105
2019-03-12 2478584
Spots:
[3, 10, 12, 15, 16, 25, 40, 42, 49, 57, 58, 59, 62, 67, 69, 71, 72, 73, 74, 77]
Bonus: 40
Mean: 47.55
Std_dev: 25.184529503562093
Variance: 634.2605263157894
Median: 57.5
Avg Distance: 3.8947368421052633
2019-03-12 2478585
Spots:
[4, 5, 8, 9, 10, 19, 25, 26, 29, 38, 50, 52, 53, 54, 59, 64, 65, 68, 69, 74]
Bonus: 52
Mean: 39.05
Std_dev: 24.416290937771336
Variance: 596.1552631578948
Median: 44.0
Avg Distance: 3.6842105263157894
2019-03-12 2478586
Spots:
[3, 4, 5, 6, 11, 15, 16, 17, 29, 32, 38, 39, 40, 41, 46, 57, 60, 62, 71, 79]
Bonus: 60
Mean: 33.55
Std_dev: 23.694269793615327
Variance: 561.4184210526316
Median: 35.0
Avg Distance: 4.0
2019-03-12 2478587
Spots:
[5, 6, 8, 9, 11, 14, 17, 20, 28, 29, 30, 35, 39, 48, 49, 50, 51, 60, 68, 76]
Bonus: 11
Mean: 32.65
Std_dev: 21.726227177501872
Variance: 472.02894736842103
Median: 29.5
Avg Distance: 3.736842105263158
2019-03-12 2478588
Spots:
[5, 10, 11, 13, 16, 20, 23, 27, 31, 35, 36, 41, 43, 44, 48, 51, 54, 56, 65, 78]
Bonus: 20
Mean: 35.35
Std_dev: 19.93482802587102
Variance: 397.39736842105265
Median: 35.5
Avg Distance: 3.8421052631578947
2019-03-12 2478589
Spots:
[1, 5, 6, 9, 10, 16, 18, 21, 26, 33, 35, 36, 39, 46, 58, 59, 61, 65, 73, 77]
Bonus: 26
Mean: 34.7
Std_dev: 24.22938624676112
Variance: 587.0631578947368
Median: 34.0
Avg Distance: 4.0
2019-03-12 2478590
Spots:
[9, 13, 16, 23, 29, 38, 39, 40, 45, 50, 51, 52, 55, 58, 59, 65, 68, 71, 74, 80]
Bonus: 51
Mean: 46.75
Std_dev: 20.76909394166955
Variance: 431.35526315789474
Median: 50.5
Avg Distance: 3.736842105263158
2019-03-12 2478591
Spots:
[5, 7, 9, 12, 17, 21, 27, 32, 34, 36, 44, 49, 54, 58, 64, 68, 72, 75, 78, 80]
Bonus: 32
Mean: 42.1
Std_dev: 25.56292545650315
Variance: 653.4631578947368
Median: 40.0
Avg Distance: 3.9473684210526314
2019-03-12 2478592
Spots:
[1, 9, 11, 12, 13, 16, 18, 29, 37, 42, 46, 48, 49, 54, 55, 62, 63, 65, 66, 71]
Bonus: 63
Mean: 38.35
Std_dev: 22.771808517504592
Variance: 518.5552631578947
Median: 44.0
Avg Distance: 3.6842105263157894
2019-03-12 2478593
Spots:
[1, 7, 10, 11, 13, 17, 28, 35, 40, 44, 45, 54, 56, 60, 64, 66, 70, 72, 75, 80]
Bonus: 44
Mean: 42.4
Std_dev: 25.70766832146229
Variance: 660.8842105263158
Median: 44.5
Avg Distance: 4.157894736842105
2019-03-12 2478594
Spots:
[4, 6, 11, 16, 20, 21, 22, 23, 24, 27, 28, 34, 41, 42, 47, 49, 52, 59, 76, 77]
Bonus: 52
Mean: 33.95
Std_dev: 21.0525032890828
Variance: 443.2078947368421
Median: 27.5
Avg Distance: 3.8421052631578947
2019-03-12 2478595
Spots:
[4, 6, 8, 9, 11, 17, 23, 31, 33, 36, 46, 48, 58, 60, 68, 69, 70, 72, 77, 78]
Bonus: 36
Mean: 41.2
Std_dev: 26.555998430327918
Variance: 705.2210526315789
Median: 41.0
Avg Distance: 3.8947368421052633
2019-03-12 2478596
Spots:
[1, 4, 5, 14, 20, 25, 26, 36, 45, 46, 48, 49, 50, 55, 58, 65, 68, 69, 70, 73]
Bonus: 65
Mean: 41.35
Std_dev: 23.63377378155877
Variance: 558.5552631578947
Median: 47.0
Avg Distance: 3.789473684210526
2019-03-12 2478597
Spots:
[1, 2, 9, 11, 13, 19, 21, 22, 28, 29, 31, 34, 42, 51, 54, 58, 62, 66, 74, 79]
Bonus: 58
Mean: 35.3
Std_dev: 24.109618085123753
Variance: 581.2736842105263
Median: 30.0
Avg Distance: 4.105263157894737
2019-03-12 2478598
Spots:
[4, 5, 9, 10, 13, 14, 16, 22, 30, 40, 44, 58, 59, 62, 66, 67, 68, 74, 78, 79]
Bonus: 68
Mean: 40.9
Std_dev: 27.401306154038867
Variance: 750.8315789473684
Median: 42.0
Avg Distance: 3.9473684210526314
2019-03-12 2478599
Spots:
[2, 9, 19, 23, 26, 34, 37, 42, 49, 50, 52, 53, 55, 58, 59, 66, 67, 69, 70, 72]
Bonus: 66
Mean: 45.6
Std_dev: 20.93448426828202
Variance: 438.2526315789474
Median: 51.0
Avg Distance: 3.6842105263157894
2019-03-12 2478600
Spots:
[4, 6, 16, 17, 18, 24, 26, 29, 30, 35, 42, 43, 46, 52, 54, 64, 66, 73, 76, 80]
Bonus: 6
Mean: 40.05
Std_dev: 23.3564484502787
Variance: 545.5236842105263
Median: 38.5
Avg Distance: 4.0
2019-03-12 2478601
Spots:
[2, 3, 5, 13, 29, 30, 33, 41, 42, 43, 51, 54, 55, 57, 58, 61, 68, 69, 71, 78]
Bonus: 54
Mean: 43.15
Std_dev: 23.484093160668294
Variance: 551.5026315789473
Median: 47.0
Avg Distance: 4.0
2019-03-12 2478602
Spots:
[8, 16, 17, 23, 27, 30, 33, 34, 48, 50, 52, 54, 56, 57, 58, 59, 68, 70, 74, 77]
Bonus: 30
Mean: 45.55
Std_dev: 20.646077746530683
Variance: 426.2605263157895
Median: 51.0
Avg Distance: 3.6315789473684212
2019-03-12 2478603
Spots:
[3, 5, 14, 18, 26, 28, 30, 32, 34, 37, 39, 40, 42, 47, 50, 56, 57, 58, 74, 75]
Bonus: 39
Mean: 38.25
Std_dev: 20.060107046993593
Variance: 402.4078947368421
Median: 38.0
Avg Distance: 3.789473684210526
2019-03-12 2478604
Spots:
[3, 4, 5, 9, 10, 15, 22, 24, 42, 45, 46, 54, 57, 64, 67, 70, 72, 75, 78, 79]
Bonus: 24
Mean: 42.05
Std_dev: 27.948213387960013
Variance: 781.1026315789474
Median: 45.5
Avg Distance: 4.0
2019-03-12 2478605
Spots:
[8, 11, 16, 18, 21, 26, 32, 34, 42, 45, 46, 50, 52, 54, 58, 61, 71, 74, 76, 79]
Bonus: 11
Mean: 43.7
Std_dev: 22.37503307848187
Variance: 500.6421052631579
Median: 45.5
Avg Distance: 3.736842105263158
2019-03-12 2478606
Spots:
[1, 3, 6, 8, 12, 15, 16, 21, 25, 26, 27, 32, 43, 45, 51, 53, 60, 71, 72, 77]
Bonus: 77
Mean: 33.2
Std_dev: 24.304212327127683
Variance: 590.6947368421053
Median: 26.5
Avg Distance: 4.0
2019-03-12 2478607
Spots:
[1, 4, 7, 11, 15, 19, 25, 26, 31, 37, 39, 45, 50, 61, 64, 65, 67, 68, 73, 76]
Bonus: 73
Mean: 39.2
Std_dev: 25.10734847347328
Variance: 630.378947368421
Median: 38.0
Avg Distance: 3.9473684210526314
2019-03-12 2478608
Spots:
[10, 17, 19, 22, 23, 30, 33, 35, 37, 43, 49, 53, 54, 56, 58, 61, 68, 78, 79, 80]
Bonus: 30
Mean: 45.25
Std_dev: 21.691315264288075
Variance: 470.5131578947368
Median: 46.0
Avg Distance: 3.6842105263157894
2019-03-12 2478609
Spots:
[4, 9, 15, 17, 20, 21, 26, 27, 31, 32, 33, 35, 38, 41, 46, 51, 60, 66, 67, 68]
Bonus: 26
Mean: 35.35
Std_dev: 19.296236338781334
Variance: 372.34473684210525
Median: 32.5
Avg Distance: 3.3684210526315788
2019-03-12 2478610
Spots:
[2, 6, 11, 14, 23, 28, 31, 35, 36, 37, 38, 41, 42, 44, 51, 62, 64, 68, 69, 70]
Bonus: 51
Mean: 38.6
Std_dev: 20.992229138672396
Variance: 440.67368421052635
Median: 37.5
Avg Distance: 3.5789473684210527
2019-03-12 2478611
Spots:
[3, 5, 18, 22, 23, 24, 28, 36, 38, 43, 50, 52, 56, 59, 60, 61, 62, 63, 67, 76]
Bonus: 23
Mean: 42.3
Std_dev: 21.46502663452931
Variance: 460.7473684210526
Median: 46.5
Avg Distance: 3.8421052631578947
2019-03-12 2478612
Spots:
[3, 9, 14, 16, 18, 20, 25, 29, 31, 38, 41, 45, 57, 59, 65, 69, 70, 71, 74, 78]
Bonus: 29
Mean: 41.6
Std_dev: 24.547269115985827
Variance: 602.5684210526316
Median: 39.5
Avg Distance: 3.9473684210526314
2019-03-12 2478613
Spots:
[1, 3, 4, 7, 13, 15, 16, 35, 38, 41, 51, 53, 54, 55, 57, 66, 69, 72, 74, 79]
Bonus: 3
Mean: 40.15
Std_dev: 26.608813340102582
Variance: 708.0289473684211
Median: 46.0
Avg Distance: 4.105263157894737
2019-03-12 2478614
Spots:
[4, 8, 20, 24, 29, 39, 41, 50, 51, 53, 54, 55, 56, 58, 59, 64, 65, 66, 68, 76]
Bonus: 39
Mean: 47
Std_dev: 20.29778313018444
Variance: 412
Median: 53.5
Avg Distance: 3.789473684210526
2019-03-12 2478615
Spots:
[2, 6, 14, 15, 16, 24, 31, 36, 37, 38, 41, 44, 48, 55, 57, 60, 66, 68, 72, 74]
Bonus: 24
Mean: 40.2
Std_dev: 22.333830840229805
Variance: 498.8
Median: 39.5
Avg Distance: 3.789473684210526
2019-03-12 2478616
Spots:
[5, 9, 14, 16, 17, 20, 23, 32, 33, 37, 39, 51, 53, 57, 58, 60, 64, 67, 71, 74]
Bonus: 58
Mean: 40
Std_dev: 22.36538679110624
Variance: 500.2105263157895
Median: 38.0
Avg Distance: 3.6315789473684212
2019-03-12 2478617
Spots:
[6, 7, 11, 12, 13, 24, 30, 38, 40, 41, 46, 47, 49, 54, 56, 64, 68, 71, 75, 76]
Bonus: 38
Mean: 41.4
Std_dev: 23.374299876934113
Variance: 546.3578947368421
Median: 43.5
Avg Distance: 3.6842105263157894
2019-03-12 2478618
Spots:
[3, 18, 19, 24, 26, 28, 30, 31, 33, 38, 40, 43, 44, 50, 51, 52, 64, 73, 76, 77]
Bonus: 43
Mean: 41
Std_dev: 20.292596523959435
Variance: 411.7894736842105
Median: 39.0
Avg Distance: 3.8947368421052633
2019-03-12 2478619
Spots:
[1, 5, 7, 9, 16, 19, 21, 24, 27, 29, 37, 38, 39, 41, 50, 55, 60, 65, 74, 79]
Bonus: 16
Mean: 34.8
Std_dev: 23.193919348330116
Variance: 537.9578947368421
Median: 33.0
Avg Distance: 4.105263157894737
2019-03-12 2478620
Spots:
[2, 3, 10, 12, 14, 16, 17, 34, 36, 37, 41, 43, 44, 45, 53, 62, 63, 69, 75, 79]
Bonus: 45
Mean: 37.75
Std_dev: 24.12440345594608
Variance: 581.9868421052631
Median: 39.0
Avg Distance: 4.052631578947368
2019-03-12 2478621
Spots:
[3, 10, 25, 30, 33, 34, 36, 37, 40, 50, 52, 53, 57, 59, 60, 62, 65, 70, 73, 75]
Bonus: 10
Mean: 46.2
Std_dev: 20.158842907479116
Variance: 406.37894736842105
Median: 51.0
Avg Distance: 3.789473684210526
2019-03-12 2478622
Spots:
[2, 3, 7, 9, 24, 28, 33, 35, 39, 41, 44, 45, 47, 53, 55, 66, 67, 69, 77, 79]
Bonus: 3
Mean: 41.15
Std_dev: 23.987441889894235
Variance: 575.3973684210526
Median: 42.5
Avg Distance: 4.052631578947368
2019-03-12 2478623
Spots:
[4, 5, 7, 11, 12, 19, 21, 23, 24, 26, 30, 34, 36, 50, 53, 54, 56, 57, 64, 65]
Bonus: 65
Mean: 32.55
Std_dev: 20.55922126315509
Variance: 422.68157894736845
Median: 28.0
Avg Distance: 3.210526315789474
2019-03-12 2478624
Spots:
[2, 3, 9, 12, 22, 24, 25, 27, 30, 36, 39, 42, 46, 51, 57, 68, 69, 72, 77, 80]
Bonus: 72
Mean: 39.55
Std_dev: 24.828835104200497
Variance: 616.4710526315789
Median: 37.5
Avg Distance: 4.105263157894737
2019-03-12 2478625
Spots:
[7, 12, 20, 27, 29, 30, 31, 36, 38, 53, 56, 60, 61, 63, 69, 70, 71, 73, 75, 79]
Bonus: 75
Mean: 48
Std_dev: 22.72953098828413
Variance: 516.6315789473684
Median: 54.5
Avg Distance: 3.789473684210526
2019-03-12 2478626
Spots:
[1, 5, 7, 19, 21, 28, 30, 38, 42, 47, 50, 54, 58, 61, 64, 66, 68, 69, 76, 80]
Bonus: 47
Mean: 44.2
Std_dev: 24.51551603201102
Variance: 601.0105263157894
Median: 48.5
Avg Distance: 4.157894736842105
2019-03-12 2478627
Spots:
[1, 6, 13, 14, 16, 17, 19, 27, 30, 32, 37, 40, 43, 44, 51, 57, 61, 62, 70, 73]
Bonus: 61
Mean: 35.65
Std_dev: 21.692285798363777
Variance: 470.55526315789473
Median: 34.5
Avg Distance: 3.789473684210526
2019-03-12 2478628
Spots:
[2, 6, 11, 17, 22, 28, 30, 37, 38, 40, 43, 50, 52, 55, 57, 64, 67, 70, 72, 79]
Bonus: 6
Mean: 42
Std_dev: 22.927804311061184
Variance: 525.6842105263158
Median: 41.5
Avg Distance: 4.052631578947368
2019-03-12 2478629
Spots:
[4, 7, 8, 10, 16, 31, 34, 35, 41, 44, 49, 51, 57, 59, 61, 62, 63, 70, 72, 79]
Bonus: 51
Mean: 42.65
Std_dev: 23.68049386042623
Variance: 560.7657894736842
Median: 46.5
Avg Distance: 3.9473684210526314
2019-03-12 2478630
Spots:
[3, 4, 11, 15, 20, 22, 32, 34, 39, 40, 44, 47, 48, 51, 56, 67, 71, 73, 78, 80]
Bonus: 44
Mean: 41.75
Std_dev: 24.30480784146475
Variance: 590.7236842105264
Median: 42.0
Avg Distance: 4.052631578947368
2019-03-12 2478631
Spots:
[1, 7, 12, 20, 21, 25, 28, 32, 33, 34, 40, 42, 47, 51, 59, 60, 62, 67, 77, 79]
Bonus: 59
Mean: 39.85
Std_dev: 22.607113458983843
Variance: 511.0815789473684
Median: 37.0
Avg Distance: 4.105263157894737
2019-03-12 2478632
Spots:
[4, 8, 20, 21, 25, 28, 30, 31, 37, 41, 48, 50, 54, 62, 65, 68, 69, 70, 71, 77]
Bonus: 31
Mean: 43.95
Std_dev: 22.539964507514203
Variance: 508.05
Median: 44.5
Avg Distance: 3.8421052631578947
2019-03-12 2478633
Spots:
[5, 9, 16, 21, 22, 24, 28, 34, 40, 44, 48, 49, 50, 54, 55, 63, 66, 67, 69, 79]
Bonus: 24
Mean: 42.15
Std_dev: 21.482612308072483
Variance: 461.5026315789474
Median: 46.0
Avg Distance: 3.8947368421052633
2019-03-12 2478634
Spots:
[2, 3, 8, 10, 13, 14, 21, 24, 32, 35, 40, 41, 43, 55, 61, 62, 63, 69, 73, 78]
Bonus: 43
Mean: 37.35
Std_dev: 24.889809793948753
Variance: 619.5026315789473
Median: 37.5
Avg Distance: 4.0
2019-03-12 2478635
Spots:
[10, 19, 34, 40, 43, 46, 47, 48, 49, 51, 55, 56, 59, 65, 66, 73, 74, 77, 78, 79]
Bonus: 10
Mean: 53.45
Std_dev: 18.974983530954646
Variance: 360.05
Median: 53.0
Avg Distance: 3.6315789473684212
2019-03-12 2478636
Spots:
[2, 6, 10, 11, 12, 18, 19, 20, 21, 35, 39, 40, 44, 60, 61, 62, 69, 72, 73, 78]
Bonus: 11
Mean: 37.6
Std_dev: 25.609208870001595
Variance: 655.8315789473684
Median: 37.0
Avg Distance: 4.0
2019-03-12 2478637
Spots:
[2, 13, 17, 26, 28, 29, 30, 33, 34, 50, 51, 52, 55, 61, 66, 68, 71, 77, 79, 80]
Bonus: 52
Mean: 46.1
Std_dev: 23.559331596273225
Variance: 555.0421052631579
Median: 50.5
Avg Distance: 4.105263157894737
2019-03-12 2478638
Spots:
[5, 6, 18, 19, 20, 28, 30, 34, 35, 39, 44, 47, 50, 58, 61, 70, 73, 77, 78, 80]
Bonus: 73
Mean: 43.6
Std_dev: 24.153892570676668
Variance: 583.4105263157895
Median: 41.5
Avg Distance: 3.9473684210526314
2019-03-12 2478639
Spots:
[5, 6, 7, 11, 12, 18, 24, 26, 27, 29, 42, 50, 51, 56, 60, 68, 69, 74, 76, 80]
Bonus: 42
Mean: 39.55
Std_dev: 26.031307062236063
Variance: 677.6289473684211
Median: 35.5
Avg Distance: 3.9473684210526314
2019-03-12 2478640
Spots:
[1, 2, 10, 11, 17, 18, 25, 26, 28, 29, 30, 32, 36, 37, 38, 50, 57, 62, 67, 70]
Bonus: 38
Mean: 32.3
Std_dev: 20.409234236131034
Variance: 416.53684210526313
Median: 29.5
Avg Distance: 3.6315789473684212
2019-03-12 2478641
Spots:
[1, 2, 4, 8, 9, 12, 15, 17, 25, 26, 35, 46, 47, 49, 51, 53, 56, 58, 69, 78]
Bonus: 56
Mean: 33.05
Std_dev: 24.044859391518486
Variance: 578.1552631578948
Median: 30.5
Avg Distance: 4.052631578947368
2019-03-12 2478642
Spots:
[2, 7, 9, 11, 18, 24, 25, 27, 35, 38, 39, 46, 48, 50, 56, 60, 61, 75, 77, 79]
Bonus: 9
Mean: 39.35
Std_dev: 23.954507322268842
Variance: 573.8184210526316
Median: 38.5
Avg Distance: 4.052631578947368
2019-03-12 2478643
Spots:
[1, 3, 14, 23, 27, 29, 36, 37, 39, 44, 45, 46, 47, 48, 57, 58, 59, 61, 75, 80]
Bonus: 36
Mean: 41.45
Std_dev: 21.22430334855726
Variance: 450.47105263157897
Median: 44.5
Avg Distance: 4.157894736842105
2019-03-12 2478644
Spots:
[1, 3, 7, 10, 17, 19, 26, 30, 31, 35, 38, 40, 44, 48, 49, 50, 51, 63, 68, 69]
Bonus: 30
Mean: 34.95
Std_dev: 20.87676875582547
Variance: 435.83947368421053
Median: 36.5
Avg Distance: 3.5789473684210527
2019-03-12 2478645
Spots:
[3, 9, 11, 16, 20, 27, 31, 34, 39, 41, 48, 54, 58, 63, 65, 67, 73, 75, 78, 80]
Bonus: 75
Mean: 44.6
Std_dev: 24.959757083838188
Variance: 622.9894736842106
Median: 44.5
Avg Distance: 4.052631578947368
2019-03-12 2478646
Spots:
[12, 15, 20, 21, 24, 28, 30, 31, 36, 39, 43, 45, 47, 48, 49, 51, 63, 66, 70, 74]
Bonus: 51
Mean: 40.6
Std_dev: 18.311342472847116
Variance: 335.30526315789473
Median: 41.0
Avg Distance: 3.263157894736842
2019-03-12 2478647
Spots:
[1, 6, 11, 12, 18, 23, 27, 29, 34, 38, 41, 42, 44, 45, 46, 53, 60, 74, 79, 80]
Bonus: 74
Mean: 38.15
Std_dev: 23.24305215939186
Variance: 540.2394736842106
Median: 39.5
Avg Distance: 4.157894736842105
2019-03-12 2478648
Spots:
[9, 11, 14, 22, 25, 31, 32, 34, 39, 48, 56, 58, 60, 67, 71, 72, 74, 77, 78, 79]
Bonus: 78
Mean: 47.85
Std_dev: 24.305674018090595
Variance: 590.7657894736842
Median: 52.0
Avg Distance: 3.6842105263157894
2019-03-12 2478649
Spots:
[4, 9, 11, 13, 14, 15, 26, 40, 42, 44, 51, 52, 53, 55, 63, 66, 68, 69, 75, 80]
Bonus: 15
Mean: 42.5
Std_dev: 24.63736998950984
Variance: 607.0
Median: 47.5
Avg Distance: 4.0
2019-03-12 2478650
Spots:
[7, 12, 19, 23, 35, 36, 38, 39, 41, 42, 50, 56, 61, 62, 63, 67, 68, 69, 70, 78]
Bonus: 61
Mean: 46.8
Std_dev: 20.82154754347676
Variance: 433.53684210526313
Median: 46.0
Avg Distance: 3.736842105263158
2019-03-12 2478651
Spots:
[4, 5, 14, 21, 22, 24, 29, 32, 35, 37, 38, 40, 42, 44, 47, 48, 49, 65, 74, 79]
Bonus: 40
Mean: 37.45
Std_dev: 20.192429535009296
Variance: 407.7342105263158
Median: 37.5
Avg Distance: 3.9473684210526314
2019-03-12 2478652
Spots:
[1, 2, 4, 8, 13, 15, 17, 26, 32, 35, 40, 42, 54, 63, 69, 72, 73, 75, 76, 80]
Bonus: 26
Mean: 39.85
Std_dev: 28.336836728708334
Variance: 802.9763157894737
Median: 37.5
Avg Distance: 4.157894736842105
2019-03-12 2478653
Spots:
[4, 9, 15, 20, 24, 28, 37, 38, 39, 42, 43, 50, 52, 59, 61, 62, 66, 67, 70, 78]
Bonus: 50
Mean: 43.2
Std_dev: 21.500550788538565
Variance: 462.2736842105263
Median: 42.5
Avg Distance: 3.8947368421052633
2019-03-12 2478654
Spots:
[3, 6, 10, 18, 22, 25, 29, 31, 34, 35, 44, 45, 48, 49, 56, 62, 66, 67, 76, 80]
Bonus: 45
Mean: 40.3
Std_dev: 22.87977732685167
Variance: 523.4842105263158
Median: 39.5
Avg Distance: 4.052631578947368
2019-03-12 2478655
Spots:
[9, 15, 16, 25, 31, 36, 40, 44, 47, 51, 52, 54, 57, 58, 62, 68, 70, 72, 73, 77]
Bonus: 36
Mean: 47.85
Std_dev: 20.57150558673971
Variance: 423.18684210526317
Median: 51.5
Avg Distance: 3.5789473684210527
2019-03-12 2478656
Spots:
[10, 13, 14, 15, 20, 26, 30, 31, 32, 35, 44, 52, 53, 54, 56, 58, 69, 71, 78, 80]
Bonus: 15
Mean: 42.05
Std_dev: 22.551636654342268
Variance: 508.5763157894737
Median: 39.5
Avg Distance: 3.6842105263157894
2019-03-12 2478657
Spots:
[1, 4, 9, 10, 13, 19, 20, 23, 35, 41, 46, 49, 57, 59, 61, 62, 71, 72, 73, 75]
Bonus: 35
Mean: 40
Std_dev: 25.704801926979773
Variance: 660.7368421052631
Median: 43.5
Avg Distance: 3.8947368421052633
2019-03-12 2478658
Spots:
[4, 9, 10, 14, 17, 22, 26, 31, 37, 38, 42, 43, 49, 54, 56, 58, 60, 64, 66, 76]
Bonus: 17
Mean: 38.8
Std_dev: 21.478508230076727
Variance: 461.32631578947365
Median: 40.0
Avg Distance: 3.789473684210526
2019-03-12 2478659
Spots:
[5, 20, 22, 23, 24, 25, 31, 37, 38, 39, 40, 42, 48, 53, 59, 63, 67, 71, 74, 78]
Bonus: 38
Mean: 42.95
Std_dev: 20.5924743535108
Variance: 424.05
Median: 39.5
Avg Distance: 3.8421052631578947
2019-03-12 2478660
Spots:
[4, 9, 12, 14, 15, 18, 20, 21, 25, 26, 28, 32, 50, 51, 63, 70, 71, 72, 73, 77]
Bonus: 73
Mean: 37.55
Std_dev: 25.328317832231306
Variance: 641.5236842105263
Median: 27.0
Avg Distance: 3.8421052631578947
2019-03-12 2478661
Spots:
[5, 8, 11, 14, 19, 20, 27, 32, 35, 45, 47, 49, 53, 56, 57, 58, 60, 64, 69, 73]
Bonus: 32
Mean: 40.1
Std_dev: 21.720473000568404
Variance: 471.77894736842103
Median: 46.0
Avg Distance: 3.5789473684210527
2019-03-12 2478662
Spots:
[1, 4, 8, 11, 22, 23, 24, 25, 26, 34, 36, 50, 52, 53, 58, 59, 65, 71, 78, 80]
Bonus: 22
Mean: 39
Std_dev: 24.84901777154434
Variance: 617.4736842105264
Median: 35.0
Avg Distance: 4.157894736842105
2019-03-12 2478663
Spots:
[1, 3, 4, 6, 8, 14, 19, 24, 25, 26, 27, 28, 30, 42, 46, 47, 60, 76, 77, 79]
Bonus: 4
Mean: 32.1
Std_dev: 25.131025069674966
Variance: 631.5684210526316
Median: 26.5
Avg Distance: 4.105263157894737
2019-03-12 2478664
Spots:
[1, 2, 8, 13, 16, 20, 22, 27, 31, 41, 43, 51, 58, 61, 67, 68, 69, 71, 72, 75]
Bonus: 16
Mean: 40.8
Std_dev: 25.869307154069258
Variance: 669.2210526315789
Median: 42.0
Avg Distance: 3.8947368421052633
2019-03-12 2478665
Spots:
[3, 6, 11, 12, 13, 25, 29, 38, 39, 41, 48, 52, 54, 55, 61, 63, 67, 73, 75, 80]
Bonus: 13
Mean: 42.25
Std_dev: 24.464528564735044
Variance: 598.5131578947369
Median: 44.5
Avg Distance: 4.052631578947368
2019-03-12 2478666
Spots:
[1, 2, 6, 7, 12, 20, 22, 23, 28, 32, 33, 38, 41, 43, 51, 68, 72, 75, 79, 80]
Bonus: 80
Mean: 36.65
Std_dev: 26.485894955219983
Variance: 701.5026315789473
Median: 32.5
Avg Distance: 4.157894736842105
2019-03-12 2478667
Spots:
[5, 9, 14, 19, 26, 27, 35, 36, 43, 44, 47, 51, 58, 61, 62, 63, 64, 67, 71, 79]
Bonus: 79
Mean: 44.05
Std_dev: 21.93405187326198
Variance: 481.10263157894735
Median: 45.5
Avg Distance: 3.8947368421052633
2019-03-12 2478668
Spots:
[1, 5, 6, 7, 11, 12, 23, 29, 31, 32, 34, 41, 45, 47, 56, 61, 66, 72, 78, 80]
Bonus: 66
Mean: 36.85
Std_dev: 25.674634215607885
Variance: 659.1868421052632
Median: 33.0
Avg Distance: 4.157894736842105
2019-03-12 2478669
Spots:
[3, 5, 11, 12, 13, 20, 22, 23, 25, 26, 31, 37, 40, 42, 58, 60, 63, 67, 68, 76]
Bonus: 13
Mean: 35.1
Std_dev: 23.007779004867942
Variance: 529.3578947368421
Median: 28.5
Avg Distance: 3.8421052631578947
2019-03-12 2478670
Spots:
[2, 3, 6, 13, 14, 15, 16, 20, 21, 25, 29, 38, 41, 43, 44, 46, 50, 51, 69, 71]
Bonus: 46
Mean: 30.85
Std_dev: 20.643018445138196
Variance: 426.13421052631577
Median: 27.0
Avg Distance: 3.6315789473684212
2019-03-12 2478671
Spots:
[3, 4, 9, 11, 12, 14, 23, 32, 36, 37, 50, 51, 52, 55, 58, 71, 73, 74, 78, 80]
Bonus: 51
Mean: 41.15
Std_dev: 26.598921624361907
Variance: 707.5026315789474
Median: 43.5
Avg Distance: 4.052631578947368
2019-03-12 2478672
Spots:
[1, 3, 13, 18, 19, 24, 26, 29, 36, 38, 44, 51, 54, 58, 61, 62, 65, 66, 75, 78]
Bonus: 66
Mean: 41.05
Std_dev: 23.694269793615327
Variance: 561.4184210526316
Median: 41.0
Avg Distance: 4.052631578947368
2019-03-12 2478673
Spots:
[2, 4, 5, 8, 9, 11, 13, 32, 36, 44, 46, 49, 53, 57, 58, 62, 67, 70, 76, 77]
Bonus: 4
Mean: 38.95
Std_dev: 26.428602926215735
Variance: 698.4710526315789
Median: 45.0
Avg Distance: 3.9473684210526314
2019-03-12 2478674
Spots:
[1, 3, 8, 13, 14, 20, 26, 28, 29, 36, 37, 44, 46, 48, 53, 54, 56, 63, 65, 70]
Bonus: 44
Mean: 35.7
Std_dev: 21.307522763469937
Variance: 454.0105263157895
Median: 36.5
Avg Distance: 3.6315789473684212
2019-03-12 2478675
Spots:
[20, 25, 32, 33, 37, 40, 41, 43, 44, 48, 51, 54, 61, 63, 65, 67, 74, 78, 79, 80]
Bonus: 48
Mean: 51.75
Std_dev: 18.407306901565505
Variance: 338.82894736842104
Median: 49.5
Avg Distance: 3.1578947368421053
2019-03-12 2478676
Spots:
[2, 4, 6, 10, 11, 22, 39, 43, 46, 47, 49, 55, 59, 60, 61, 65, 71, 72, 74, 77]
Bonus: 46
Mean: 43.65
Std_dev: 25.580162955737894
Variance: 654.3447368421052
Median: 48.0
Avg Distance: 3.9473684210526314
2019-03-12 2478677
Spots:
[2, 4, 7, 9, 10, 11, 14, 16, 29, 30, 32, 33, 39, 40, 53, 57, 59, 65, 67, 75]
Bonus: 11
Mean: 32.6
Std_dev: 23.41929029442901
Variance: 548.4631578947368
Median: 31.0
Avg Distance: 3.8421052631578947
2019-03-12 2478678
Spots:
[1, 6, 10, 12, 23, 36, 40, 44, 45, 48, 50, 51, 52, 57, 61, 62, 65, 69, 72, 77]
Bonus: 61
Mean: 44.05
Std_dev: 22.804604798154255
Variance: 520.0500000000001
Median: 49.0
Avg Distance: 4.0
2019-03-12 2478679
Spots:
[1, 2, 3, 4, 11, 15, 16, 17, 23, 24, 28, 35, 36, 40, 51, 58, 62, 66, 77, 79]
Bonus: 36
Mean: 32.4
Std_dev: 25.413216619455483
Variance: 645.8315789473684
Median: 26.0
Avg Distance: 4.105263157894737
2019-03-12 2478680
Spots:
[3, 4, 9, 11, 12, 14, 21, 33, 40, 42, 44, 49, 50, 54, 58, 68, 71, 72, 77, 79]
Bonus: 54
Mean: 40.55
Std_dev: 25.864983441345032
Variance: 668.9973684210527
Median: 43.0
Avg Distance: 4.0
2019-03-12 2478681
Spots:
[3, 7, 8, 10, 17, 25, 32, 35, 38, 41, 54, 56, 58, 60, 66, 67, 69, 70, 71, 80]
Bonus: 7
Mean: 43.35
Std_dev: 25.01425909146095
Variance: 625.7131578947368
Median: 47.5
Avg Distance: 4.052631578947368
2019-03-12 2478682
Spots:
[1, 8, 9, 15, 20, 21, 24, 26, 34, 44, 46, 56, 58, 59, 63, 64, 67, 69, 78, 80]
Bonus: 78
Mean: 42.1
Std_dev: 25.135213294667327
Variance: 631.7789473684211
Median: 45.0
Avg Distance: 4.157894736842105
2019-03-12 2478683
Spots:
[3, 4, 5, 6, 10, 15, 27, 28, 30, 34, 35, 46, 49, 52, 61, 68, 72, 74, 75, 78]
Bonus: 5
Mean: 38.6
Std_dev: 26.498063484357733
Variance: 702.1473684210526
Median: 34.5
Avg Distance: 3.9473684210526314
2019-03-12 2478684
Spots:
[1, 4, 6, 11, 14, 15, 21, 22, 25, 27, 29, 39, 41, 51, 53, 65, 67, 68, 70, 76]
Bonus: 70
Mean: 35.25
Std_dev: 24.591130193842787
Variance: 604.7236842105264
Median: 28.0
Avg Distance: 3.9473684210526314
2019-03-12 2478685
Spots:
[1, 4, 5, 8, 12, 19, 22, 26, 33, 39, 40, 41, 48, 49, 62, 63, 64, 71, 72, 77]
Bonus: 71
Mean: 37.8
Std_dev: 24.97704209026656
Variance: 623.8526315789474
Median: 39.5
Avg Distance: 4.0
2019-03-12 2478686
Spots:
[3, 6, 8, 14, 15, 24, 26, 30, 33, 35, 48, 49, 50, 51, 52, 55, 61, 63, 76, 77]
Bonus: 26
Mean: 38.8
Std_dev: 22.730920281460346
Variance: 516.6947368421053
Median: 41.5
Avg Distance: 3.8947368421052633
2019-03-12 2478687
Spots:
[3, 5, 6, 9, 11, 12, 20, 22, 30, 35, 37, 41, 42, 43, 51, 52, 61, 70, 75, 78]
Bonus: 22
Mean: 35.15
Std_dev: 24.075047138829078
Variance: 579.6078947368421
Median: 36.0
Avg Distance: 3.9473684210526314
2019-03-12 2478688
Spots:
[2, 15, 30, 34, 36, 40, 48, 51, 52, 58, 59, 60, 67, 70, 71, 73, 74, 77, 79, 80]
Bonus: 80
Mean: 53.8
Std_dev: 21.94634605721777
Variance: 481.64210526315793
Median: 58.5
Avg Distance: 4.105263157894737
2019-03-12 2478689
Spots:
[5, 10, 14, 17, 18, 20, 26, 28, 29, 30, 31, 34, 38, 41, 47, 48, 58, 62, 64, 80]
Bonus: 18
Mean: 35
Std_dev: 19.860036571758346
Variance: 394.42105263157896
Median: 30.5
Avg Distance: 3.9473684210526314
2019-03-12 2478690
Spots:
[3, 5, 8, 10, 11, 15, 16, 23, 25, 36, 43, 44, 47, 52, 55, 65, 67, 68, 75, 78]
Bonus: 10
Mean: 37.3
Std_dev: 25.33377192602791
Variance: 641.8
Median: 39.5
Avg Distance: 3.9473684210526314
2019-03-12 2478691
Spots:
[1, 2, 12, 24, 25, 26, 38, 39, 43, 49, 50, 52, 58, 59, 61, 64, 73, 78, 79, 80]
Bonus: 38
Mean: 45.65
Std_dev: 24.583424025999822
Variance: 604.3447368421052
Median: 49.5
Avg Distance: 4.157894736842105
2019-03-12 2478692
Spots:
[4, 6, 8, 12, 14, 15, 18, 28, 38, 43, 44, 45, 51, 53, 63, 64, 65, 66, 67, 71]
Bonus: 65
Mean: 38.75
Std_dev: 23.61728849359032
Variance: 557.7763157894736
Median: 43.5
Avg Distance: 3.526315789473684
2019-03-12 2478693
Spots:
[5, 11, 13, 15, 22, 28, 29, 37, 38, 41, 42, 44, 45, 47, 51, 53, 54, 73, 78, 79]
Bonus: 37
Mean: 40.25
Std_dev: 21.34398719718704
Variance: 455.5657894736842
Median: 41.5
Avg Distance: 3.8947368421052633
2019-03-12 2478694
Spots:
[6, 8, 18, 20, 25, 30, 33, 39, 43, 44, 47, 50, 54, 57, 69, 70, 74, 76, 78, 80]
Bonus: 78
Mean: 46.05
Std_dev: 23.623081932719955
Variance: 558.0500000000001
Median: 45.5
Avg Distance: 3.8947368421052633
2019-03-12 2478695
Spots:
[2, 3, 6, 16, 18, 19, 21, 24, 28, 30, 32, 37, 42, 45, 46, 64, 66, 75, 79, 80]
Bonus: 64
Mean: 36.65
Std_dev: 24.96581873808984
Variance: 623.2921052631579
Median: 31.0
Avg Distance: 4.105263157894737
2019-03-12 2478696
Spots:
[6, 7, 14, 15, 16, 19, 23, 24, 26, 33, 35, 36, 40, 48, 59, 66, 72, 73, 75, 78]
Bonus: 14
Mean: 38.25
Std_dev: 24.29614437681311
Variance: 590.3026315789474
Median: 34.0
Avg Distance: 3.789473684210526
2019-03-12 2478697
Spots:
[2, 5, 6, 8, 9, 10, 14, 17, 23, 26, 30, 37, 42, 46, 49, 52, 54, 56, 71, 80]
Bonus: 42
Mean: 31.85
Std_dev: 23.461670869739862
Variance: 550.45
Median: 28.0
Avg Distance: 4.105263157894737
2019-03-12 2478698
Spots:
[3, 6, 10, 12, 14, 15, 17, 23, 26, 39, 41, 45, 56, 65, 67, 70, 75, 76, 78, 80]
Bonus: 10
Mean: 40.9
Std_dev: 27.72971045837412
Variance: 768.9368421052632
Median: 40.0
Avg Distance: 4.052631578947368
2019-03-12 2478699
Spots:
[8, 10, 12, 15, 18, 27, 31, 33, 36, 38, 39, 43, 56, 58, 60, 62, 63, 69, 72, 77]
Bonus: 27
Mean: 41.35
Std_dev: 22.167484485639154
Variance: 491.39736842105265
Median: 38.5
Avg Distance: 3.6315789473684212
2019-03-12 2478700
Spots:
[1, 4, 9, 11, 12, 13, 14, 24, 29, 31, 38, 46, 48, 50, 54, 55, 59, 70, 75, 76]
Bonus: 48
Mean: 35.95
Std_dev: 24.43568357093673
Variance: 597.1026315789474
Median: 34.5
Avg Distance: 3.9473684210526314
2019-03-12 2478701
Spots:
[4, 7, 12, 15, 17, 18, 24, 25, 26, 27, 32, 37, 45, 47, 57, 61, 62, 63, 67, 80]
Bonus: 67
Mean: 36.3
Std_dev: 22.475952061094798
Variance: 505.1684210526316
Median: 29.5
Avg Distance: 4.0
2019-03-12 2478702
Spots:
[2, 3, 11, 12, 18, 26, 33, 37, 42, 44, 48, 55, 57, 58, 63, 65, 71, 75, 77, 78]
Bonus: 42
Mean: 43.75
Std_dev: 25.09953868311653
Variance: 629.9868421052631
Median: 46.0
Avg Distance: 4.0
2019-03-12 2478703
Spots:
[10, 11, 14, 16, 17, 18, 21, 29, 38, 41, 43, 49, 52, 53, 57, 61, 62, 69, 72, 78]
Bonus: 52
Mean: 40.55
Std_dev: 22.257996788853923
Variance: 495.4184210526316
Median: 42.0
Avg Distance: 3.5789473684210527
2019-03-12 2478704
Spots:
[2, 5, 10, 13, 23, 28, 37, 45, 50, 51, 52, 53, 64, 65, 66, 68, 70, 71, 77, 78]
Bonus: 65
Mean: 46.4
Std_dev: 24.936551063596752
Variance: 621.8315789473684
Median: 51.5
Avg Distance: 4.0
2019-03-12 2478705
Spots:
[2, 5, 8, 11, 13, 15, 27, 29, 30, 31, 33, 38, 40, 56, 59, 67, 68, 70, 74, 76]
Bonus: 29
Mean: 37.6
Std_dev: 24.898530922632027
Variance: 619.9368421052632
Median: 32.0
Avg Distance: 3.8947368421052633
2019-03-12 2478706
Spots:
[6, 12, 15, 16, 21, 24, 27, 29, 31, 33, 43, 44, 45, 48, 56, 59, 60, 61, 65, 77]
Bonus: 15
Mean: 38.6
Std_dev: 20.137422612481572
Variance: 405.5157894736842
Median: 38.0
Avg Distance: 3.736842105263158
2019-03-12 2478707
Spots:
[2, 9, 11, 13, 15, 18, 19, 24, 25, 35, 37, 43, 45, 51, 53, 56, 62, 65, 68, 79]
Bonus: 51
Mean: 36.5
Std_dev: 22.69824941081998
Variance: 515.2105263157895
Median: 36.0
Avg Distance: 4.052631578947368
2019-03-12 2478708
Spots:
[2, 4, 10, 26, 27, 30, 35, 41, 43, 45, 54, 55, 56, 57, 60, 66, 72, 74, 76, 77]
Bonus: 4
Mean: 45.5
Std_dev: 23.448712230379687
Variance: 549.8421052631579
Median: 49.5
Avg Distance: 3.9473684210526314
2019-03-12 2478709
Spots:
[2, 4, 5, 20, 21, 22, 28, 34, 35, 38, 40, 47, 48, 50, 57, 60, 69, 71, 74, 77]
Bonus: 22
Mean: 40.1
Std_dev: 23.494456232996978
Variance: 551.9894736842106
Median: 39.0
Avg Distance: 3.9473684210526314
2019-03-12 2478710
Spots:
[1, 2, 4, 8, 9, 10, 13, 18, 22, 24, 26, 30, 31, 33, 36, 46, 63, 71, 72, 79]
Bonus: 33
Mean: 29.9
Std_dev: 24.507571332785687
Variance: 600.6210526315789
Median: 25.0
Avg Distance: 4.105263157894737
2019-03-12 2478711
Spots:
[11, 15, 16, 18, 22, 27, 32, 35, 39, 41, 43, 56, 58, 59, 62, 63, 69, 72, 74, 76]
Bonus: 62
Mean: 44.4
Std_dev: 21.76767279585414
Variance: 473.8315789473684
Median: 42.0
Avg Distance: 3.4210526315789473
2019-03-12 2478712
Spots:
[3, 6, 7, 13, 19, 22, 25, 26, 27, 30, 34, 42, 45, 51, 56, 62, 64, 72, 75, 76]
Bonus: 25
Mean: 37.75
Std_dev: 23.77941391867742
Variance: 565.4605263157895
Median: 32.0
Avg Distance: 3.8421052631578947
2019-03-12 2478713
Spots:
[5, 6, 9, 12, 19, 20, 30, 36, 38, 40, 41, 42, 45, 47, 49, 51, 57, 68, 71, 74]
Bonus: 68
Mean: 38
Std_dev: 21.12369584887525
Variance: 446.2105263157895
Median: 40.5
Avg Distance: 3.6315789473684212
2019-03-12 2478714
Spots:
[1, 7, 12, 15, 22, 30, 36, 42, 46, 47, 48, 53, 54, 55, 66, 68, 70, 71, 75, 76]
Bonus: 12
Mean: 44.7
Std_dev: 23.622246428225015
Variance: 558.0105263157894
Median: 47.5
Avg Distance: 3.9473684210526314
2019-03-12 2478715
Spots:
[1, 2, 4, 8, 12, 18, 19, 24, 28, 32, 38, 43, 45, 51, 54, 56, 60, 62, 68, 77]
Bonus: 43
Mean: 35.1
Std_dev: 23.648522820230173
Variance: 559.2526315789473
Median: 35.0
Avg Distance: 4.0
2019-03-12 2478716
Spots:
[2, 5, 10, 11, 14, 16, 22, 23, 27, 32, 35, 40, 41, 46, 53, 59, 60, 61, 71, 77]
Bonus: 71
Mean: 35.25
Std_dev: 22.733872247560928
Variance: 516.828947368421
Median: 33.5
Avg Distance: 3.9473684210526314
2019-03-12 2478717
Spots:
[15, 17, 18, 19, 29, 34, 35, 47, 49, 51, 54, 57, 62, 63, 65, 70, 71, 75, 76, 77]
Bonus: 29
Mean: 49.2
Std_dev: 21.390110848363154
Variance: 457.53684210526313
Median: 52.5
Avg Distance: 3.263157894736842
2019-03-12 2478718
Spots:
[9, 11, 18, 23, 26, 36, 37, 38, 40, 42, 48, 50, 52, 53, 55, 56, 72, 74, 78, 80]
Bonus: 38
Mean: 44.9
Std_dev: 21.158300598359176
Variance: 447.6736842105263
Median: 45.0
Avg Distance: 3.736842105263158
2019-03-12 2478719
Spots:
[4, 6, 16, 20, 27, 33, 34, 43, 46, 48, 53, 54, 55, 57, 58, 65, 71, 76, 79, 80]
Bonus: 57
Mean: 46.25
Std_dev: 23.187734961215572
Variance: 537.671052631579
Median: 50.5
Avg Distance: 4.0
2019-03-12 2478720
Spots:
[16, 22, 25, 26, 27, 28, 37, 44, 45, 52, 55, 58, 62, 63, 64, 67, 72, 74, 75, 80]
Bonus: 26
Mean: 49.6
Std_dev: 20.335087643619445
Variance: 413.5157894736842
Median: 53.5
Avg Distance: 3.3684210526315788
2019-03-12 2478721
Spots:
[1, 6, 7, 14, 18, 21, 25, 29, 30, 33, 41, 43, 47, 52, 56, 57, 59, 64, 69, 72]
Bonus: 59
Mean: 37.2
Std_dev: 21.975105532349435
Variance: 482.90526315789475
Median: 37.0
Avg Distance: 3.736842105263158
2019-03-12 2478722
Spots:
[1, 3, 8, 11, 12, 24, 31, 36, 42, 45, 47, 50, 51, 56, 58, 63, 69, 70, 73, 74]
Bonus: 70
Mean: 41.2
Std_dev: 24.34099855236666
Variance: 592.4842105263158
Median: 46.0
Avg Distance: 3.8421052631578947
2019-03-12 2478723
Spots:
[4, 6, 10, 14, 20, 25, 27, 28, 31, 39, 41, 42, 43, 44, 46, 47, 55, 60, 70, 73]
Bonus: 41
Mean: 36.25
Std_dev: 19.86235529575324
Variance: 394.5131578947368
Median: 40.0
Avg Distance: 3.6315789473684212
2019-03-12 2478724
Spots:
[3, 5, 6, 8, 14, 16, 19, 25, 31, 33, 38, 53, 54, 57, 60, 63, 66, 74, 78, 79]
Bonus: 14
Mean: 39.1
Std_dev: 26.347675419285096
Variance: 694.2
Median: 35.5
Avg Distance: 4.0
2019-03-12 2478725
Spots:
[8, 9, 13, 15, 23, 26, 30, 31, 32, 33, 34, 42, 46, 54, 59, 61, 62, 67, 78, 79]
Bonus: 15
Mean: 40.1
Std_dev: 22.206921633154213
Variance: 493.14736842105265
Median: 33.5
Avg Distance: 3.736842105263158
2019-03-12 2478726
Spots:
[2, 3, 11, 12, 18, 19, 22, 33, 38, 40, 44, 53, 55, 56, 60, 63, 75, 76, 79, 80]
Bonus: 75
Mean: 41.95
Std_dev: 26.057577946176284
Variance: 678.9973684210527
Median: 42.0
Avg Distance: 4.105263157894737
2019-03-12 2478727
Spots:
[2, 4, 12, 14, 16, 21, 23, 33, 37, 49, 54, 60, 63, 68, 69, 70, 71, 72, 78, 80]
Bonus: 63
Mean: 44.8
Std_dev: 26.933837063206727
Variance: 725.4315789473684
Median: 51.5
Avg Distance: 4.105263157894737
2019-03-12 2478728
Spots:
[1, 2, 5, 7, 8, 9, 13, 15, 28, 31, 40, 42, 44, 45, 46, 51, 52, 55, 61, 64]
Bonus: 15
Mean: 30.95
Std_dev: 21.512481077394657
Variance: 462.78684210526313
Median: 35.5
Avg Distance: 3.3157894736842106
2019-03-12 2478729
Spots:
[2, 13, 14, 15, 17, 25, 29, 30, 35, 36, 49, 51, 52, 55, 56, 57, 59, 69, 71, 72]
Bonus: 29
Mean: 40.35
Std_dev: 21.509545004852832
Variance: 462.66052631578947
Median: 42.5
Avg Distance: 3.6842105263157894
2019-03-12 2478730
Spots:
[3, 4, 10, 11, 12, 20, 28, 36, 40, 41, 42, 45, 46, 47, 53, 62, 67, 68, 71, 74]
Bonus: 28
Mean: 39
Std_dev: 23.087932596465787
Variance: 533.0526315789474
Median: 41.5
Avg Distance: 3.736842105263158
2019-03-12 2478731
Spots:
[3, 11, 16, 17, 19, 34, 35, 44, 46, 47, 48, 49, 53, 56, 58, 59, 71, 72, 75, 77]
Bonus: 46
Mean: 44.5
Std_dev: 22.179886573674192
Variance: 491.94736842105266
Median: 47.5
Avg Distance: 3.8947368421052633
2019-03-12 2478732
Spots:
[1, 6, 14, 16, 23, 27, 28, 30, 31, 35, 36, 38, 42, 47, 48, 49, 57, 63, 65, 79]
Bonus: 35
Mean: 36.75
Std_dev: 20.14127733366429
Variance: 405.67105263157896
Median: 35.5
Avg Distance: 4.105263157894737
2019-03-12 2478733
Spots:
[8, 10, 13, 14, 20, 22, 27, 29, 36, 37, 38, 41, 42, 47, 54, 59, 62, 66, 74, 75]
Bonus: 27
Mean: 38.7
Std_dev: 21.138889081002986
Variance: 446.85263157894735
Median: 37.5
Avg Distance: 3.526315789473684
2019-03-12 2478734
Spots:
[4, 6, 13, 15, 23, 27, 30, 33, 34, 37, 39, 46, 51, 59, 61, 68, 71, 74, 76, 78]
Bonus: 37
Mean: 42.25
Std_dev: 24.015072021764297
Variance: 576.7236842105264
Median: 38.0
Avg Distance: 3.8947368421052633
2019-03-12 2478735
Spots:
[3, 4, 10, 15, 16, 20, 28, 31, 37, 38, 39, 40, 44, 49, 53, 54, 56, 59, 60, 67]
Bonus: 38
Mean: 36.15
Std_dev: 19.623495584308326
Variance: 385.0815789473684
Median: 38.5
Avg Distance: 3.3684210526315788
2019-03-12 2478736
Spots:
[3, 7, 9, 12, 15, 21, 23, 27, 28, 40, 43, 44, 46, 48, 49, 51, 62, 63, 72, 73]
Bonus: 12
Mean: 36.8
Std_dev: 21.81163378614845
Variance: 475.7473684210526
Median: 41.5
Avg Distance: 3.6842105263157894
2019-03-12 2478737
Spots:
[1, 5, 6, 15, 17, 18, 19, 33, 34, 35, 42, 43, 48, 55, 56, 57, 63, 69, 72, 75]
Bonus: 35
Mean: 38.15
Std_dev: 23.49529628177566
Variance: 552.0289473684211
Median: 38.5
Avg Distance: 3.8947368421052633
2019-03-12 2478738
Spots:
[1, 6, 7, 10, 14, 16, 23, 38, 41, 42, 46, 47, 57, 58, 62, 65, 71, 74, 75, 78]
Bonus: 1
Mean: 41.55
Std_dev: 25.9158049724183
Variance: 671.6289473684211
Median: 44.0
Avg Distance: 4.052631578947368
2019-03-12 2478739
Spots:
[5, 7, 10, 13, 22, 24, 27, 28, 31, 32, 35, 37, 48, 49, 50, 55, 59, 74, 76, 77]
Bonus: 74
Mean: 37.95
Std_dev: 22.45808962208683
Variance: 504.36578947368423
Median: 33.5
Avg Distance: 3.789473684210526
2019-03-12 2478740
Spots:
[3, 5, 6, 9, 10, 13, 18, 19, 39, 46, 49, 51, 53, 55, 58, 62, 70, 71, 73, 78]
Bonus: 53
Mean: 39.4
Std_dev: 26.25061402790619
Variance: 689.0947368421052
Median: 47.5
Avg Distance: 3.9473684210526314
2019-03-12 2478741
Spots:
[5, 15, 17, 19, 20, 23, 29, 30, 31, 35, 44, 46, 47, 50, 54, 56, 57, 63, 69, 76]
Bonus: 57
Mean: 39.3
Std_dev: 19.780639125430863
Variance: 391.2736842105263
Median: 39.5
Avg Distance: 3.736842105263158
2019-03-12 2478742
Spots:
[2, 5, 18, 19, 21, 26, 28, 32, 37, 44, 45, 49, 55, 61, 70, 71, 74, 76, 77, 79]
Bonus: 55
Mean: 44.45
Std_dev: 25.092408162000336
Variance: 629.6289473684211
Median: 44.5
Avg Distance: 4.052631578947368
2019-03-12 2478743
Spots:
[2, 14, 20, 21, 24, 25, 26, 33, 37, 41, 44, 53, 58, 63, 65, 66, 67, 68, 69, 76]
Bonus: 65
Mean: 43.6
Std_dev: 22.179649278229427
Variance: 491.93684210526317
Median: 42.5
Avg Distance: 3.8947368421052633
2019-03-12 2478744
Spots:
[1, 3, 5, 8, 18, 20, 30, 34, 36, 38, 40, 46, 47, 49, 53, 56, 60, 65, 67, 70]
Bonus: 60
Mean: 37.3
Std_dev: 22.098106610962706
Variance: 488.32631578947365
Median: 39.0
Avg Distance: 3.6315789473684212
2019-03-12 2478745
Spots:
[1, 2, 7, 9, 10, 15, 19, 32, 33, 34, 38, 46, 52, 57, 58, 62, 68, 70, 71, 74]
Bonus: 15
Mean: 37.9
Std_dev: 25.260537144766047
Variance: 638.0947368421052
Median: 36.0
Avg Distance: 3.8421052631578947
2019-03-12 2478746
Spots:
[12, 13, 15, 17, 25, 26, 32, 34, 35, 40, 41, 44, 49, 54, 55, 62, 63, 67, 68, 76]
Bonus: 34
Mean: 41.4
Std_dev: 19.887578773538124
Variance: 395.5157894736842
Median: 40.5
Avg Distance: 3.3684210526315788
2019-03-12 2478747
Spots:
[18, 19, 25, 26, 31, 32, 38, 40, 45, 46, 48, 53, 54, 55, 56, 57, 69, 71, 74, 77]
Bonus: 38
Mean: 46.7
Std_dev: 18.041180962628687
Variance: 325.4842105263158
Median: 47.0
Avg Distance: 3.1052631578947367
2019-03-12 2478748
Spots:
[8, 10, 11, 13, 22, 24, 31, 38, 40, 43, 47, 51, 53, 54, 55, 56, 58, 67, 68, 74]
Bonus: 11
Mean: 41.15
Std_dev: 20.71174342708681
Variance: 428.9763157894737
Median: 45.0
Avg Distance: 3.473684210526316
2019-03-12 2478749
Spots:
[1, 2, 17, 18, 19, 22, 24, 38, 43, 49, 53, 56, 62, 63, 64, 65, 68, 71, 73, 77]
Bonus: 68
Mean: 44.25
Std_dev: 24.68085770069803
Variance: 609.1447368421053
Median: 51.0
Avg Distance: 4.0
2019-03-12 2478750
Spots:
[4, 7, 8, 12, 15, 20, 23, 25, 31, 36, 37, 38, 47, 48, 56, 63, 66, 70, 71, 72]
Bonus: 63
Mean: 37.45
Std_dev: 23.13683552032855
Variance: 535.3131578947368
Median: 36.5
Avg Distance: 3.5789473684210527
2019-03-12 2478751
Spots:
[1, 4, 5, 13, 17, 34, 37, 42, 46, 47, 51, 52, 63, 65, 67, 69, 71, 72, 77, 80]
Bonus: 17
Mean: 45.65
Std_dev: 25.893049260371015
Variance: 670.45
Median: 49.0
Avg Distance: 4.157894736842105
2019-03-12 2478752
Spots:
[10, 12, 14, 26, 29, 34, 36, 37, 41, 42, 48, 51, 52, 56, 59, 66, 67, 69, 73, 74]
Bonus: 66
Mean: 44.8
Std_dev: 20.156231895136706
Variance: 406.2736842105263
Median: 45.0
Avg Distance: 3.3684210526315788
2019-03-12 2478753
Spots:
[12, 16, 18, 19, 22, 27, 33, 36, 38, 49, 52, 58, 61, 63, 67, 71, 72, 73, 75, 79]
Bonus: 36
Mean: 47.05
Std_dev: 22.850716906869568
Variance: 522.1552631578948
Median: 50.5
Avg Distance: 3.526315789473684
2019-03-12 2478754
Spots:
[1, 2, 13, 24, 25, 26, 27, 28, 31, 33, 41, 47, 48, 56, 61, 65, 66, 67, 68, 80]
Bonus: 28
Mean: 40.45
Std_dev: 22.98162881864327
Variance: 528.1552631578948
Median: 37.0
Avg Distance: 4.157894736842105
2019-03-12 2478755
Spots:
[1, 2, 3, 9, 15, 17, 19, 26, 32, 33, 38, 49, 50, 53, 60, 61, 64, 66, 78, 80]
Bonus: 38
Mean: 37.8
Std_dev: 25.744902408049636
Variance: 662.8
Median: 35.5
Avg Distance: 4.157894736842105
2019-03-12 2478756
Spots:
[1, 7, 16, 17, 20, 21, 32, 34, 37, 47, 48, 49, 51, 54, 64, 69, 72, 74, 75, 80]
Bonus: 16
Mean: 43.4
Std_dev: 24.37297899853766
Variance: 594.0421052631579
Median: 47.5
Avg Distance: 4.157894736842105
2019-03-12 2478757
Spots:
[5, 12, 20, 25, 28, 29, 32, 34, 46, 48, 50, 54, 60, 62, 66, 67, 74, 76, 78, 80]
Bonus: 48
Mean: 47.3
Std_dev: 23.07219789680805
Variance: 532.3263157894737
Median: 49.0
Avg Distance: 3.9473684210526314
2019-03-12 2478758
Spots:
[1, 5, 6, 8, 9, 10, 15, 16, 20, 23, 31, 35, 38, 51, 52, 53, 63, 66, 73, 77]
Bonus: 63
Mean: 32.6
Std_dev: 24.909097894037366
Variance: 620.4631578947368
Median: 27.0
Avg Distance: 4.0
2019-03-12 2478759
Spots:
[2, 6, 9, 13, 14, 15, 18, 20, 22, 23, 25, 36, 43, 48, 49, 51, 54, 56, 61, 66]
Bonus: 43
Mean: 31.55
Std_dev: 20.189822866197243
Variance: 407.62894736842105
Median: 24.0
Avg Distance: 3.3684210526315788
2019-03-12 2478760
Spots:
[3, 4, 9, 12, 23, 24, 27, 30, 33, 43, 47, 52, 56, 60, 62, 65, 69, 76, 78, 80]
Bonus: 76
Mean: 42.65
Std_dev: 25.423310894572825
Variance: 646.3447368421052
Median: 45.0
Avg Distance: 4.052631578947368
2019-03-12 2478761
Spots:
[11, 16, 17, 19, 22, 23, 24, 34, 48, 49, 52, 54, 56, 57, 60, 67, 69, 71, 79, 80]
Bonus: 67
Mean: 45.4
Std_dev: 22.700336190415655
Variance: 515.3052631578947
Median: 50.5
Avg Distance: 3.6315789473684212
2019-03-12 2478762
Spots:
[5, 11, 15, 22, 24, 26, 28, 31, 33, 35, 37, 42, 45, 51, 60, 69, 72, 78, 79, 80]
Bonus: 72
Mean: 42.15
Std_dev: 23.68938247623317
Variance: 561.1868421052632
Median: 36.0
Avg Distance: 3.9473684210526314
2019-03-12 2478763
Spots:
[1, 2, 9, 12, 13, 18, 19, 20, 22, 23, 25, 30, 32, 36, 55, 62, 65, 70, 71, 77]
Bonus: 55
Mean: 33.1
Std_dev: 24.48823562877747
Variance: 599.6736842105263
Median: 24.0
Avg Distance: 4.0
2019-03-12 2478764
Spots:
[1, 9, 10, 28, 32, 33, 40, 41, 45, 46, 51, 57, 61, 62, 66, 68, 73, 75, 76, 77]
Bonus: 77
Mean: 47.55
Std_dev: 23.322622855118702
Variance: 543.9447368421053
Median: 48.5
Avg Distance: 4.0
2019-03-12 2478765
Spots:
[1, 9, 12, 14, 21, 23, 27, 32, 33, 40, 45, 53, 55, 67, 68, 69, 70, 71, 72, 76]
Bonus: 76
Mean: 42.9
Std_dev: 24.772437994887106
Variance: 613.6736842105263
Median: 42.5
Avg Distance: 3.9473684210526314
2019-03-12 2478766
Spots:
[3, 11, 12, 13, 16, 26, 27, 33, 34, 41, 42, 43, 46, 48, 55, 57, 61, 63, 72, 79]
Bonus: 34
Mean: 39.1
Std_dev: 21.613592214647074
Variance: 467.14736842105265
Median: 41.5
Avg Distance: 4.0
2019-03-12 2478767
Spots:
[10, 11, 12, 15, 17, 19, 23, 26, 29, 37, 42, 44, 45, 50, 52, 55, 61, 64, 70, 76]
Bonus: 55
Mean: 37.9
Std_dev: 20.99348269795828
Variance: 440.7263157894737
Median: 39.5
Avg Distance: 3.473684210526316
2019-03-12 2478768
Spots:
[1, 4, 5, 6, 11, 32, 39, 43, 47, 50, 51, 54, 57, 58, 64, 65, 67, 70, 72, 73]
Bonus: 65
Mean: 43.45
Std_dev: 25.023094595950653
Variance: 626.1552631578948
Median: 50.5
Avg Distance: 3.789473684210526
2019-03-12 2478769
Spots:
[11, 12, 18, 26, 27, 31, 33, 44, 45, 48, 50, 54, 57, 65, 68, 70, 72, 74, 76, 79]
Bonus: 70
Mean: 48
Std_dev: 22.147828692435603
Variance: 490.5263157894737
Median: 49.0
Avg Distance: 3.5789473684210527
2019-03-12 2478770
Spots:
[7, 8, 13, 15, 17, 21, 23, 24, 29, 36, 37, 42, 52, 55, 58, 66, 69, 72, 77, 80]
Bonus: 23
Mean: 40.05
Std_dev: 24.338565887777452
Variance: 592.3657894736842
Median: 36.5
Avg Distance: 3.8421052631578947
2019-03-12 2478771
Spots:
[12, 15, 17, 19, 21, 22, 24, 25, 27, 30, 32, 36, 38, 39, 40, 46, 55, 56, 62, 77]
Bonus: 55
Mean: 34.65
Std_dev: 17.31526554958461
Variance: 299.81842105263155
Median: 31.0
Avg Distance: 3.4210526315789473
2019-03-12 2478772
Spots:
[9, 16, 18, 19, 21, 23, 29, 31, 32, 38, 42, 48, 53, 55, 63, 64, 66, 69, 73, 76]
Bonus: 23
Mean: 42.25
Std_dev: 21.459570310114245
Variance: 460.5131578947368
Median: 40.0
Avg Distance: 3.526315789473684
2019-03-12 2478773
Spots:
[2, 8, 13, 18, 20, 21, 25, 29, 32, 33, 43, 49, 51, 55, 60, 61, 66, 73, 78, 79]
Bonus: 21
Mean: 40.8
Std_dev: 23.946431444943283
Variance: 573.4315789473684
Median: 38.0
Avg Distance: 4.052631578947368
2019-03-12 2478774
Spots:
[8, 16, 17, 19, 22, 25, 29, 30, 32, 36, 44, 48, 49, 56, 60, 63, 66, 70, 71, 79]
Bonus: 36
Mean: 42
Std_dev: 21.452517948152135
Variance: 460.2105263157895
Median: 40.0
Avg Distance: 3.736842105263158
2019-03-12 2478775
Spots:
[4, 5, 6, 7, 9, 10, 15, 19, 21, 31, 35, 47, 52, 58, 67, 68, 69, 77, 79, 80]
Bonus: 80
Mean: 37.95
Std_dev: 28.503877852523487
Variance: 812.4710526315789
Median: 33.0
Avg Distance: 4.0
2019-03-12 2478776
Spots:
[2, 3, 6, 10, 18, 21, 27, 33, 34, 37, 42, 44, 55, 58, 59, 60, 62, 69, 71, 75]
Bonus: 75
Mean: 39.3
Std_dev: 23.85063168092089
Variance: 568.8526315789474
Median: 39.5
Avg Distance: 3.8421052631578947
2019-03-12 2478777
Spots:
[1, 7, 8, 19, 31, 33, 34, 40, 42, 43, 47, 58, 60, 62, 68, 71, 72, 73, 75, 76]
Bonus: 33
Mean: 46
Std_dev: 24.24654071908208
Variance: 587.8947368421053
Median: 45.0
Avg Distance: 3.9473684210526314
2019-03-12 2478778
Spots:
[6, 9, 10, 13, 15, 25, 26, 28, 34, 39, 46, 47, 48, 51, 59, 63, 64, 66, 68, 70]
Bonus: 9
Mean: 39.35
Std_dev: 21.83737742110025
Variance: 476.87105263157895
Median: 42.5
Avg Distance: 3.3684210526315788
2019-03-12 2478779
Spots:
[5, 9, 10, 19, 20, 21, 23, 24, 27, 37, 40, 41, 42, 44, 50, 53, 55, 63, 64, 75]
Bonus: 40
Mean: 36.1
Std_dev: 19.936478071483357
Variance: 397.4631578947368
Median: 38.5
Avg Distance: 3.6842105263157894
2019-03-12 2478780
Spots:
[7, 10, 11, 13, 20, 21, 24, 34, 37, 38, 41, 47, 48, 52, 56, 59, 60, 62, 73, 75]
Bonus: 52
Mean: 39.4
Std_dev: 21.387157976594025
Variance: 457.41052631578947
Median: 39.5
Avg Distance: 3.5789473684210527
2019-03-12 2478781
Spots:
[2, 3, 6, 9, 11, 12, 19, 27, 28, 32, 33, 49, 50, 53, 58, 61, 63, 67, 68, 73]
Bonus: 53
Mean: 36.2
Std_dev: 24.472541003293767
Variance: 598.9052631578948
Median: 32.5
Avg Distance: 3.736842105263158
2019-03-12 2478782
Spots:
[2, 5, 8, 12, 13, 14, 33, 34, 37, 38, 41, 45, 48, 52, 55, 67, 68, 70, 76, 77]
Bonus: 45
Mean: 39.75
Std_dev: 24.618937939382313
Variance: 606.0921052631579
Median: 39.5
Avg Distance: 3.9473684210526314
2019-03-12 2478783
Spots:
[2, 4, 7, 8, 9, 13, 16, 20, 26, 34, 37, 44, 49, 51, 52, 56, 58, 59, 63, 70]
Bonus: 4
Mean: 33.9
Std_dev: 22.650432783131492
Variance: 513.0421052631579
Median: 35.5
Avg Distance: 3.5789473684210527
2019-03-12 2478784
Spots:
[8, 12, 23, 24, 25, 26, 32, 38, 39, 48, 49, 50, 52, 57, 58, 59, 61, 62, 66, 74]
Bonus: 62
Mean: 43.15
Std_dev: 18.86872935224895
Variance: 356.02894736842103
Median: 48.5
Avg Distance: 3.473684210526316
2019-03-12 2478785
Spots:
[7, 10, 12, 13, 22, 25, 27, 37, 39, 42, 51, 52, 53, 55, 69, 70, 75, 77, 79, 80]
Bonus: 52
Mean: 44.75
Std_dev: 25.02393590986543
Variance: 626.1973684210526
Median: 46.5
Avg Distance: 3.8421052631578947
2019-03-12 2478786
Spots:
[3, 6, 10, 13, 14, 18, 26, 33, 41, 44, 45, 46, 48, 49, 62, 64, 70, 74, 76, 80]
Bonus: 26
Mean: 41.1
Std_dev: 24.889016812536745
Variance: 619.4631578947368
Median: 44.5
Avg Distance: 4.052631578947368
2019-03-12 2478787
Spots:
[10, 12, 16, 17, 21, 24, 27, 29, 31, 33, 36, 37, 39, 52, 53, 58, 61, 71, 75, 77]
Bonus: 31
Mean: 38.95
Std_dev: 21.104938309614447
Variance: 445.4184210526316
Median: 34.5
Avg Distance: 3.526315789473684
2019-03-12 2478788
Spots:
[3, 6, 9, 23, 27, 28, 31, 32, 35, 50, 51, 53, 54, 58, 61, 62, 64, 69, 75, 78]
Bonus: 69
Mean: 43.45
Std_dev: 22.87373810151813
Variance: 523.2078947368421
Median: 50.5
Avg Distance: 3.9473684210526314
2019-03-12 2478789
Spots:
[3, 5, 6, 13, 16, 17, 24, 28, 29, 33, 37, 44, 45, 51, 58, 59, 71, 74, 79, 80]
Bonus: 51
Mean: 38.6
Std_dev: 25.34893333165385
Variance: 642.5684210526316
Median: 35.0
Avg Distance: 4.052631578947368
2019-03-12 2478790
Spots:
[1, 2, 6, 7, 8, 9, 10, 14, 19, 32, 47, 50, 51, 52, 56, 57, 63, 66, 72, 80]
Bonus: 56
Mean: 35.1
Std_dev: 26.738302902489213
Variance: 714.9368421052632
Median: 39.5
Avg Distance: 4.157894736842105
2019-03-12 2478791
Spots:
[11, 12, 14, 18, 21, 30, 32, 34, 35, 36, 45, 49, 55, 56, 60, 68, 70, 75, 76, 80]
Bonus: 30
Mean: 43.85
Std_dev: 22.806451072587244
Variance: 520.1342105263158
Median: 40.5
Avg Distance: 3.6315789473684212
2019-03-12 2478792
Spots:
[6, 13, 16, 21, 25, 29, 34, 42, 45, 49, 50, 54, 56, 57, 63, 70, 74, 77, 78, 79]
Bonus: 50
Mean: 46.9
Std_dev: 23.08086471060982
Variance: 532.7263157894737
Median: 49.5
Avg Distance: 3.8421052631578947
2019-03-12 2478793
Spots:
[2, 5, 13, 21, 29, 37, 40, 42, 43, 45, 52, 53, 57, 63, 66, 70, 75, 76, 77, 80]
Bonus: 29
Mean: 47.3
Std_dev: 24.124894327556948
Variance: 582.0105263157894
Median: 48.5
Avg Distance: 4.105263157894737
2019-03-12 2478794
Spots:
[11, 14, 16, 18, 19, 27, 32, 42, 45, 54, 56, 57, 58, 62, 66, 69, 70, 72, 75, 80]
Bonus: 75
Mean: 47.15
Std_dev: 23.024643548300933
Variance: 530.1342105263158
Median: 55.0
Avg Distance: 3.6315789473684212
2019-03-12 2478795
Spots:
[9, 11, 12, 20, 21, 22, 24, 34, 40, 41, 47, 48, 52, 53, 55, 56, 62, 69, 75, 79]
Bonus: 11
Mean: 41.5
Std_dev: 21.639389037002335
Variance: 468.2631578947368
Median: 44.0
Avg Distance: 3.6842105263157894
2019-03-12 2478796
Spots:
[2, 7, 9, 11, 13, 14, 15, 18, 23, 29, 30, 32, 33, 37, 45, 46, 54, 61, 62, 69]
Bonus: 11
Mean: 30.5
Std_dev: 20.12984168630716
Variance: 405.2105263157895
Median: 29.5
Avg Distance: 3.526315789473684
2019-03-12 2478797
Spots:
[3, 5, 8, 19, 24, 29, 30, 36, 42, 44, 45, 47, 49, 53, 54, 59, 61, 62, 65, 71]
Bonus: 71
Mean: 40.3
Std_dev: 20.4710321648601
Variance: 419.06315789473683
Median: 44.5
Avg Distance: 3.5789473684210527
2019-03-12 2478798
Spots:
[1, 5, 8, 9, 10, 11, 15, 16, 20, 22, 23, 29, 33, 45, 47, 59, 60, 62, 63, 80]
Bonus: 22
Mean: 30.9
Std_dev: 23.672991494861595
Variance: 560.4105263157894
Median: 22.5
Avg Distance: 4.157894736842105
2019-03-12 2478799
Spots:
[8, 18, 21, 34, 36, 42, 43, 46, 49, 52, 56, 57, 60, 63, 66, 69, 73, 76, 78, 80]
Bonus: 34
Mean: 51.35
Std_dev: 20.568946957668214
Variance: 423.0815789473684
Median: 54.0
Avg Distance: 3.789473684210526
2019-03-12 2478800
Spots:
[3, 10, 13, 19, 23, 26, 30, 31, 32, 34, 37, 40, 41, 44, 45, 47, 53, 58, 66, 72]
Bonus: 47
Mean: 36.2
Std_dev: 18.077610461562667
Variance: 326.8
Median: 35.5
Avg Distance: 3.6315789473684212
2019-03-12 2478801
Spots:
[1, 16, 20, 24, 25, 27, 29, 32, 33, 37, 38, 42, 49, 51, 57, 61, 63, 75, 79, 80]
Bonus: 75
Mean: 41.95
Std_dev: 21.919649920370055
Variance: 480.47105263157897
Median: 37.5
Avg Distance: 4.157894736842105
2019-03-12 2478802
Spots:
[3, 5, 10, 13, 23, 31, 34, 36, 37, 40, 43, 52, 61, 62, 64, 69, 72, 75, 77, 80]
Bonus: 36
Mean: 44.35
Std_dev: 25.11924194297021
Variance: 630.9763157894737
Median: 41.5
Avg Distance: 4.052631578947368
2019-03-12 2478803
Spots:
[6, 10, 13, 16, 20, 25, 32, 33, 35, 36, 43, 45, 50, 57, 58, 63, 68, 70, 77, 79]
Bonus: 13
Mean: 41.8
Std_dev: 22.855610850914072
Variance: 522.378947368421
Median: 39.5
Avg Distance: 3.8421052631578947
2019-03-12 2478804
Spots:
[1, 3, 4, 11, 12, 18, 19, 22, 23, 29, 32, 40, 41, 46, 48, 49, 55, 66, 69, 71]
Bonus: 11
Mean: 32.95
Std_dev: 22.272179956169534
Variance: 496.05
Median: 30.5
Avg Distance: 3.6842105263157894
2019-03-12 2478805
Spots:
[1, 5, 15, 22, 33, 36, 37, 40, 41, 42, 45, 46, 51, 59, 63, 66, 69, 72, 73, 76]
Bonus: 5
Mean: 44.6
Std_dev: 22.18202211844443
Variance: 492.0421052631579
Median: 43.5
Avg Distance: 3.9473684210526314
2019-03-12 2478806
Spots:
[1, 9, 14, 25, 35, 37, 38, 42, 48, 49, 50, 64, 68, 70, 72, 73, 74, 76, 78, 80]
Bonus: 73
Mean: 50.15
Std_dev: 24.579141777660094
Variance: 604.1342105263158
Median: 49.5
Avg Distance: 4.157894736842105
2019-03-12 2478807
Spots:
[4, 7, 10, 14, 16, 17, 19, 22, 24, 27, 33, 41, 48, 50, 53, 57, 58, 63, 68, 76]
Bonus: 17
Mean: 35.35
Std_dev: 22.276433145461382
Variance: 496.2394736842105
Median: 30.0
Avg Distance: 3.789473684210526
2019-03-12 2478808
Spots:
[1, 9, 12, 14, 19, 20, 24, 30, 38, 40, 46, 49, 53, 59, 66, 70, 71, 73, 74, 76]
Bonus: 9
Mean: 42.2
Std_dev: 24.890497024070516
Variance: 619.5368421052632
Median: 43.0
Avg Distance: 3.9473684210526314
2019-03-12 2478809
Spots:
[5, 11, 12, 15, 17, 24, 27, 29, 36, 39, 44, 54, 57, 60, 65, 70, 72, 73, 75, 80]
Bonus: 72
Mean: 43.25
Std_dev: 24.836041298250834
Variance: 616.828947368421
Median: 41.5
Avg Distance: 3.9473684210526314
2019-03-12 2478810
Spots:
[1, 4, 10, 11, 17, 18, 22, 30, 34, 35, 37, 38, 43, 45, 46, 53, 59, 67, 72, 80]
Bonus: 59
Mean: 36.1
Std_dev: 22.615551240125384
Variance: 511.46315789473687
Median: 36.0
Avg Distance: 4.157894736842105
2019-03-12 2478811
Spots:
[2, 3, 4, 10, 16, 19, 21, 24, 26, 30, 36, 37, 42, 45, 53, 56, 58, 60, 62, 66]
Bonus: 56
Mean: 33.5
Std_dev: 21.097517938323804
Variance: 445.10526315789474
Median: 33.0
Avg Distance: 3.3684210526315788
2019-03-12 2478812
Spots:
[8, 9, 10, 12, 14, 15, 25, 32, 33, 35, 36, 39, 42, 55, 56, 64, 68, 75, 77, 80]
Bonus: 39
Mean: 39.25
Std_dev: 24.470981741001342
Variance: 598.828947368421
Median: 35.5
Avg Distance: 3.789473684210526
2019-03-12 2478813
Spots:
[3, 7, 13, 16, 18, 26, 31, 36, 37, 39, 43, 49, 55, 56, 58, 61, 62, 65, 66, 73]
Bonus: 58
Mean: 40.7
Std_dev: 21.46012213630815
Variance: 460.53684210526313
Median: 41.0
Avg Distance: 3.6842105263157894
2019-03-12 2478814
Spots:
[1, 4, 6, 14, 15, 23, 29, 33, 34, 40, 41, 43, 45, 49, 55, 59, 61, 65, 66, 71]
Bonus: 41
Mean: 37.7
Std_dev: 21.846594338947348
Variance: 477.2736842105263
Median: 40.5
Avg Distance: 3.6842105263157894
2019-03-12 2478815
Spots:
[11, 16, 19, 23, 25, 28, 29, 33, 34, 35, 40, 41, 49, 52, 53, 62, 71, 78, 79, 80]
Bonus: 71
Mean: 42.9
Std_dev: 21.74469082206892
Variance: 472.8315789473684
Median: 37.5
Avg Distance: 3.6315789473684212
2019-03-12 2478816
Spots:
[2, 6, 9, 11, 15, 18, 19, 25, 27, 29, 30, 31, 37, 38, 44, 46, 52, 55, 65, 76]
Bonus: 2
Mean: 31.75
Std_dev: 20.05485897285375
Variance: 402.19736842105266
Median: 29.5
Avg Distance: 3.8947368421052633
2019-03-12 2478817
Spots:
[2, 3, 6, 8, 15, 21, 23, 25, 26, 27, 31, 50, 51, 55, 58, 62, 68, 72, 75, 79]
Bonus: 55
Mean: 37.85
Std_dev: 25.807536638904942
Variance: 666.0289473684211
Median: 29.0
Avg Distance: 4.052631578947368
2019-03-12 2478818
Spots:
[5, 6, 7, 11, 12, 14, 24, 28, 29, 30, 33, 34, 37, 41, 51, 53, 61, 67, 68, 75]
Bonus: 14
Mean: 34.3
Std_dev: 22.13142562059661
Variance: 489.8
Median: 31.5
Avg Distance: 3.6842105263157894
2019-03-12 2478819
Spots:
[2, 4, 7, 8, 14, 15, 17, 28, 35, 43, 45, 49, 54, 58, 62, 63, 66, 76, 79, 80]
Bonus: 43
Mean: 40.25
Std_dev: 26.746126133664568
Variance: 715.3552631578947
Median: 44.0
Avg Distance: 4.105263157894737
2019-03-12 2478820
Spots:
[2, 4, 9, 11, 14, 19, 20, 22, 24, 30, 31, 34, 40, 42, 44, 53, 54, 66, 72, 73]
Bonus: 66
Mean: 33.2
Std_dev: 21.891118122005075
Variance: 479.22105263157897
Median: 30.5
Avg Distance: 3.736842105263158
2019-03-12 2478821
Spots:
[7, 14, 22, 25, 30, 36, 38, 40, 41, 43, 47, 52, 54, 64, 65, 67, 70, 72, 73, 76]
Bonus: 40
Mean: 46.8
Std_dev: 20.707486568871655
Variance: 428.8
Median: 45.0
Avg Distance: 3.6315789473684212
2019-03-12 2478822
Spots:
[2, 3, 4, 9, 10, 12, 20, 21, 25, 33, 34, 36, 42, 61, 62, 65, 67, 69, 76, 77]
Bonus: 3
Mean: 36.4
Std_dev: 26.527840390606123
Variance: 703.7263157894737
Median: 33.5
Avg Distance: 3.9473684210526314
2019-03-12 2478823
Spots:
[3, 5, 12, 17, 19, 25, 28, 32, 33, 39, 46, 50, 57, 59, 60, 68, 75, 76, 77, 80]
Bonus: 46
Mean: 43.05
Std_dev: 25.24089205196495
Variance: 637.1026315789474
Median: 42.5
Avg Distance: 4.052631578947368
2019-03-12 2478824
Spots:
[1, 2, 9, 10, 11, 22, 26, 29, 33, 42, 44, 48, 54, 56, 60, 67, 68, 70, 72, 80]
Bonus: 56
Mean: 40.2
Std_dev: 25.473618964683734
Variance: 648.9052631578948
Median: 43.0
Avg Distance: 4.157894736842105
2019-03-12 2478825
Spots:
[3, 5, 15, 17, 20, 24, 28, 30, 36, 38, 46, 47, 50, 56, 60, 65, 66, 72, 79, 80]
Bonus: 60
Mean: 41.85
Std_dev: 23.936923691014968
Variance: 572.9763157894737
Median: 42.0
Avg Distance: 4.052631578947368
2019-03-12 2478826
Spots:
[3, 4, 5, 15, 18, 24, 25, 34, 39, 42, 43, 51, 53, 60, 65, 67, 68, 73, 76, 79]
Bonus: 65
Mean: 42.2
Std_dev: 25.305709778001113
Variance: 640.3789473684211
Median: 42.5
Avg Distance: 4.0
2019-03-12 2478827
Spots:
[4, 7, 13, 28, 30, 31, 32, 33, 38, 39, 43, 50, 57, 58, 59, 60, 62, 67, 72, 76]
Bonus: 62
Mean: 42.95
Std_dev: 21.02498513673672
Variance: 442.05
Median: 41.0
Avg Distance: 3.789473684210526
2019-03-12 2478828
Spots:
[2, 4, 7, 16, 20, 22, 25, 27, 29, 30, 31, 41, 44, 50, 54, 55, 67, 68, 71, 76]
Bonus: 71
Mean: 36.95
Std_dev: 22.88063994320365
Variance: 523.5236842105263
Median: 30.5
Avg Distance: 3.8947368421052633
2019-03-12 2478829
Spots:
[2, 8, 9, 14, 15, 17, 24, 27, 28, 32, 34, 43, 45, 46, 48, 54, 58, 64, 69, 80]
Bonus: 45
Mean: 35.85
Std_dev: 22.069924760799896
Variance: 487.0815789473684
Median: 33.0
Avg Distance: 4.105263157894737
2019-03-12 2478830
Spots:
[4, 9, 11, 13, 29, 30, 31, 37, 38, 41, 42, 46, 47, 51, 52, 55, 61, 74, 75, 78]
Bonus: 78
Mean: 41.2
Std_dev: 21.7148990811669
Variance: 471.53684210526313
Median: 41.5
Avg Distance: 3.8947368421052633
2019-03-12 2478831
Spots:
[6, 19, 21, 25, 27, 36, 38, 39, 41, 45, 46, 51, 55, 56, 60, 63, 65, 72, 74, 76]
Bonus: 25
Mean: 45.75
Std_dev: 19.742753500701813
Variance: 389.7763157894737
Median: 45.5
Avg Distance: 3.6842105263157894
2019-03-12 2478832
Spots:
[1, 12, 17, 18, 21, 26, 27, 30, 31, 32, 36, 37, 41, 51, 55, 61, 66, 67, 69, 74]
Bonus: 66
Mean: 38.6
Std_dev: 21.107244952235813
Variance: 445.5157894736842
Median: 34.0
Avg Distance: 3.8421052631578947
2019-03-12 2478833
Spots:
[3, 5, 8, 11, 13, 18, 23, 25, 35, 38, 42, 51, 54, 55, 57, 64, 67, 70, 73, 78]
Bonus: 51
Mean: 39.5
Std_dev: 24.90296959675376
Variance: 620.1578947368421
Median: 40.0
Avg Distance: 3.9473684210526314
2019-03-12 2478834
Spots:
[2, 5, 12, 17, 22, 27, 28, 31, 34, 37, 40, 45, 54, 59, 62, 63, 66, 74, 76, 80]
Bonus: 54
Mean: 41.7
Std_dev: 24.07247827969351
Variance: 579.4842105263158
Median: 38.5
Avg Distance: 4.105263157894737
2019-03-12 2478835
Spots:
[4, 6, 7, 12, 13, 18, 19, 28, 33, 40, 41, 44, 46, 50, 51, 52, 57, 63, 64, 74]
Bonus: 33
Mean: 36.1
Std_dev: 21.564834923160387
Variance: 465.0421052631579
Median: 40.5
Avg Distance: 3.6842105263157894
