2019-03-13 2478836
Spots:
[7, 11, 12, 15, 16, 21, 26, 35, 37, 40, 43, 46, 48, 55, 58, 63, 64, 69, 71, 74]
Bonus: 43
Mean: 40.55
Std_dev: 22.02982428197594
Variance: 485.31315789473683
Median: 41.5
Avg Distance: 3.526315789473684
2019-03-13 2478837
Spots:
[2, 13, 20, 22, 23, 24, 26, 28, 35, 36, 40, 42, 48, 53, 55, 59, 65, 72, 73, 78]
Bonus: 55
Mean: 40.7
Std_dev: 21.54334675656696
Variance: 464.11578947368423
Median: 38.0
Avg Distance: 4.0
2019-03-13 2478838
Spots:
[1, 7, 10, 12, 14, 15, 17, 28, 35, 44, 49, 50, 62, 65, 66, 69, 70, 71, 72, 80]
Bonus: 28
Mean: 41.85
Std_dev: 26.687815078874678
Variance: 712.2394736842106
Median: 46.5
Avg Distance: 4.157894736842105
2019-03-13 2478839
Spots:
[19, 20, 23, 24, 26, 27, 29, 31, 34, 37, 38, 41, 54, 58, 59, 62, 64, 67, 74, 77]
Bonus: 20
Mean: 43.2
Std_dev: 19.184972189052996
Variance: 368.06315789473683
Median: 37.5
Avg Distance: 3.0526315789473686
2019-03-13 2478840
Spots:
[1, 3, 8, 11, 12, 14, 19, 27, 29, 30, 31, 33, 37, 41, 44, 47, 54, 62, 65, 73]
Bonus: 1
Mean: 32.05
Std_dev: 21.00244346686707
Variance: 441.10263157894735
Median: 30.5
Avg Distance: 3.789473684210526
2019-03-13 2478841
Spots:
[2, 18, 20, 21, 24, 29, 32, 35, 36, 37, 41, 43, 46, 49, 59, 62, 68, 70, 72, 76]
Bonus: 18
Mean: 42
Std_dev: 20.616804591860188
Variance: 425.05263157894734
Median: 39.0
Avg Distance: 3.8947368421052633
2019-03-13 2478842
Spots:
[2, 17, 18, 19, 23, 24, 28, 29, 35, 43, 46, 47, 50, 59, 67, 68, 72, 73, 78, 80]
Bonus: 78
Mean: 43.9
Std_dev: 23.67966038163288
Variance: 560.7263157894737
Median: 44.5
Avg Distance: 4.105263157894737
2019-03-13 2478843
Spots:
[3, 10, 13, 17, 26, 27, 30, 31, 32, 37, 44, 50, 55, 56, 60, 64, 67, 70, 75, 79]
Bonus: 17
Mean: 42.3
Std_dev: 22.92803386341937
Variance: 525.6947368421053
Median: 40.5
Avg Distance: 4.0
2019-03-13 2478844
Spots:
[1, 2, 7, 11, 21, 24, 27, 29, 36, 39, 49, 50, 51, 55, 61, 63, 64, 69, 76, 77]
Bonus: 2
Mean: 40.6
Std_dev: 24.485011526925696
Variance: 599.5157894736842
Median: 44.0
Avg Distance: 4.0
2019-03-13 2478845
Spots:
[8, 16, 17, 22, 27, 28, 33, 36, 37, 39, 45, 48, 53, 55, 56, 57, 66, 70, 72, 73]
Bonus: 8
Mean: 42.9
Std_dev: 19.72148174213244
Variance: 388.93684210526317
Median: 42.0
Avg Distance: 3.4210526315789473
2019-03-13 2478846
Spots:
[2, 4, 15, 16, 18, 24, 26, 28, 33, 35, 37, 39, 40, 42, 46, 55, 58, 66, 70, 75]
Bonus: 15
Mean: 36.45
Std_dev: 20.828813544804
Variance: 433.83947368421053
Median: 36.0
Avg Distance: 3.8421052631578947
2019-03-13 2478847
Spots:
[6, 8, 11, 19, 23, 25, 26, 32, 33, 34, 36, 40, 41, 49, 53, 55, 63, 71, 75, 77]
Bonus: 55
Mean: 38.85
Std_dev: 21.607199092700075
Variance: 466.87105263157895
Median: 35.0
Avg Distance: 3.736842105263158
2019-03-13 2478848
Spots:
[3, 4, 8, 12, 16, 24, 25, 28, 33, 37, 45, 48, 52, 54, 55, 62, 64, 72, 77, 79]
Bonus: 52
Mean: 39.9
Std_dev: 24.451670914813075
Variance: 597.8842105263158
Median: 41.0
Avg Distance: 4.0
2019-03-13 2478849
Spots:
[1, 3, 6, 14, 18, 20, 21, 28, 34, 39, 42, 45, 49, 51, 54, 58, 61, 63, 66, 78]
Bonus: 45
Mean: 37.55
Std_dev: 22.790752972480565
Variance: 519.4184210526316
Median: 40.5
Avg Distance: 4.052631578947368
2019-03-13 2478850
Spots:
[4, 11, 12, 16, 20, 22, 25, 26, 28, 30, 35, 39, 47, 49, 55, 58, 68, 70, 76, 79]
Bonus: 25
Mean: 38.5
Std_dev: 22.995422885526818
Variance: 528.7894736842105
Median: 32.5
Avg Distance: 3.9473684210526314
2019-03-13 2478851
Spots:
[1, 5, 6, 8, 15, 18, 24, 25, 35, 40, 43, 47, 58, 63, 64, 68, 71, 73, 77, 79]
Bonus: 47
Mean: 41
Std_dev: 26.88376540042825
Variance: 722.7368421052631
Median: 41.5
Avg Distance: 4.105263157894737
2019-03-13 2478852
Spots:
[6, 9, 15, 17, 23, 35, 41, 50, 52, 57, 58, 61, 66, 68, 70, 72, 73, 75, 76, 78]
Bonus: 78
Mean: 50.1
Std_dev: 24.367579842249846
Variance: 593.7789473684211
Median: 57.5
Avg Distance: 3.789473684210526
2019-03-13 2478853
Spots:
[4, 8, 12, 13, 14, 24, 28, 29, 33, 37, 44, 48, 51, 52, 57, 59, 60, 69, 70, 74]
Bonus: 13
Mean: 39.3
Std_dev: 22.20739563867478
Variance: 493.1684210526316
Median: 40.5
Avg Distance: 3.6842105263157894
2019-03-13 2478854
Spots:
[4, 6, 7, 10, 25, 26, 35, 38, 39, 41, 42, 48, 50, 56, 57, 61, 62, 65, 70, 76]
Bonus: 39
Mean: 40.9
Std_dev: 22.1665941167524
Variance: 491.35789473684207
Median: 41.5
Avg Distance: 3.789473684210526
2019-03-13 2478855
Spots:
[1, 5, 8, 11, 13, 19, 21, 25, 28, 39, 42, 46, 52, 56, 61, 62, 64, 68, 72, 74]
Bonus: 25
Mean: 38.35
Std_dev: 24.454630387074367
Variance: 598.0289473684211
Median: 40.5
Avg Distance: 3.8421052631578947
2019-03-13 2478856
Spots:
[2, 3, 8, 15, 17, 18, 23, 30, 42, 46, 47, 48, 50, 53, 65, 66, 67, 72, 76, 77]
Bonus: 50
Mean: 41.25
Std_dev: 25.103732161195726
Variance: 630.1973684210526
Median: 46.5
Avg Distance: 3.9473684210526314
2019-03-13 2478857
Spots:
[7, 8, 9, 11, 18, 24, 26, 27, 28, 35, 37, 39, 40, 41, 43, 47, 55, 61, 64, 80]
Bonus: 9
Mean: 35
Std_dev: 20.0
Variance: 400
Median: 36.0
Avg Distance: 3.8421052631578947
2019-03-13 2478858
Spots:
[4, 11, 14, 16, 21, 24, 25, 26, 27, 29, 35, 39, 42, 49, 57, 60, 61, 65, 79, 80]
Bonus: 11
Mean: 38.2
Std_dev: 22.523905429331602
Variance: 507.3263157894737
Median: 32.0
Avg Distance: 4.0
2019-03-13 2478859
Spots:
[6, 7, 14, 18, 19, 25, 33, 34, 36, 37, 39, 43, 48, 50, 53, 54, 57, 63, 67, 79]
Bonus: 33
Mean: 39.1
Std_dev: 20.224789375001112
Variance: 409.0421052631579
Median: 38.0
Avg Distance: 3.8421052631578947
2019-03-13 2478860
Spots:
[1, 2, 7, 12, 13, 20, 21, 22, 34, 39, 42, 47, 52, 55, 58, 61, 69, 71, 75, 78]
Bonus: 71
Mean: 38.95
Std_dev: 25.46922807914226
Variance: 648.6815789473684
Median: 40.5
Avg Distance: 4.052631578947368
2019-03-13 2478861
Spots:
[4, 5, 8, 10, 23, 27, 33, 34, 36, 48, 49, 50, 63, 66, 68, 70, 71, 74, 79, 80]
Bonus: 4
Mean: 44.9
Std_dev: 26.05237639428453
Variance: 678.7263157894737
Median: 48.5
Avg Distance: 4.0
2019-03-13 2478862
Spots:
[9, 11, 13, 14, 21, 25, 29, 32, 33, 40, 46, 48, 49, 52, 55, 59, 63, 77, 78, 80]
Bonus: 29
Mean: 41.7
Std_dev: 22.736708089273655
Variance: 516.9578947368421
Median: 43.0
Avg Distance: 3.736842105263158
2019-03-13 2478863
Spots:
[6, 17, 18, 27, 31, 32, 38, 39, 44, 48, 53, 56, 57, 62, 64, 65, 71, 72, 73, 80]
Bonus: 64
Mean: 47.65
Std_dev: 21.114412638115972
Variance: 445.81842105263155
Median: 50.5
Avg Distance: 3.8947368421052633
2019-03-13 2478864
Spots:
[4, 5, 7, 9, 11, 12, 16, 20, 25, 28, 30, 31, 38, 40, 47, 49, 63, 70, 78, 80]
Bonus: 80
Mean: 33.15
Std_dev: 24.48474283260797
Variance: 599.5026315789473
Median: 29.0
Avg Distance: 4.0
2019-03-13 2478865
Spots:
[2, 6, 9, 10, 12, 17, 32, 35, 36, 39, 40, 41, 48, 52, 54, 58, 64, 68, 73, 77]
Bonus: 2
Mean: 38.65
Std_dev: 23.385274268897916
Variance: 546.8710526315789
Median: 39.5
Avg Distance: 3.9473684210526314
2019-03-13 2478866
Spots:
[1, 4, 7, 14, 20, 21, 24, 26, 30, 32, 33, 36, 42, 43, 44, 45, 55, 56, 73, 77]
Bonus: 73
Mean: 34.15
Std_dev: 20.941711084767995
Variance: 438.55526315789473
Median: 32.5
Avg Distance: 4.0
2019-03-13 2478867
Spots:
[1, 7, 8, 10, 18, 28, 29, 31, 33, 37, 40, 41, 42, 44, 50, 54, 57, 62, 72, 74]
Bonus: 10
Mean: 36.9
Std_dev: 21.15083673845652
Variance: 447.35789473684207
Median: 38.5
Avg Distance: 3.8421052631578947
2019-03-13 2478868
Spots:
[1, 4, 9, 11, 15, 16, 18, 22, 28, 33, 37, 39, 44, 56, 61, 64, 65, 70, 74, 75]
Bonus: 74
Mean: 37.1
Std_dev: 24.98188817607879
Variance: 624.0947368421052
Median: 35.0
Avg Distance: 3.8947368421052633
2019-03-13 2478869
Spots:
[6, 8, 17, 20, 24, 26, 31, 34, 37, 39, 44, 51, 59, 66, 71, 72, 74, 75, 77, 78]
Bonus: 74
Mean: 45.45
Std_dev: 24.545285751679057
Variance: 602.4710526315789
Median: 41.5
Avg Distance: 3.789473684210526
2019-03-13 2478870
Spots:
[8, 14, 21, 22, 44, 46, 48, 49, 52, 53, 54, 57, 60, 62, 64, 66, 67, 72, 74, 75]
Bonus: 53
Mean: 50.4
Std_dev: 19.850493829201277
Variance: 394.0421052631579
Median: 53.5
Avg Distance: 3.526315789473684
2019-03-13 2478871
Spots:
[4, 10, 12, 13, 14, 18, 21, 23, 28, 36, 45, 57, 58, 60, 62, 63, 64, 69, 71, 77]
Bonus: 63
Mean: 40.25
Std_dev: 24.576143759859136
Variance: 603.9868421052631
Median: 40.5
Avg Distance: 3.8421052631578947
2019-03-13 2478872
Spots:
[1, 9, 10, 11, 13, 15, 20, 23, 27, 35, 39, 41, 44, 45, 50, 55, 59, 65, 66, 72]
Bonus: 35
Mean: 35
Std_dev: 21.78120870455951
Variance: 474.42105263157896
Median: 37.0
Avg Distance: 3.736842105263158
2019-03-13 2478873
Spots:
[1, 16, 18, 21, 23, 25, 27, 28, 35, 39, 42, 43, 48, 49, 50, 60, 68, 71, 75, 79]
Bonus: 27
Mean: 40.9
Std_dev: 21.6768127391071
Variance: 469.8842105263158
Median: 40.5
Avg Distance: 4.105263157894737
2019-03-13 2478874
Spots:
[5, 7, 18, 20, 22, 28, 30, 32, 33, 35, 40, 41, 45, 46, 51, 61, 64, 65, 68, 76]
Bonus: 28
Mean: 39.35
Std_dev: 20.262163338545434
Variance: 410.55526315789473
Median: 37.5
Avg Distance: 3.736842105263158
2019-03-13 2478875
Spots:
[2, 3, 7, 17, 22, 26, 30, 32, 33, 36, 40, 43, 55, 57, 60, 63, 66, 67, 69, 71]
Bonus: 71
Mean: 39.95
Std_dev: 22.756086519527265
Variance: 517.8394736842105
Median: 38.0
Avg Distance: 3.6315789473684212
2019-03-13 2478876
Spots:
[13, 14, 18, 19, 21, 34, 35, 36, 39, 45, 47, 48, 49, 53, 54, 55, 59, 62, 64, 67]
Bonus: 67
Mean: 41.6
Std_dev: 17.28522338208046
Variance: 298.77894736842103
Median: 46.0
Avg Distance: 2.8421052631578947
2019-03-13 2478877
Spots:
[7, 8, 9, 13, 15, 21, 30, 32, 38, 40, 41, 43, 48, 55, 61, 63, 65, 69, 71, 72]
Bonus: 32
Mean: 40.05
Std_dev: 22.567967518027334
Variance: 509.31315789473683
Median: 40.5
Avg Distance: 3.4210526315789473
2019-03-13 2478878
Spots:
[3, 15, 19, 22, 23, 25, 31, 33, 35, 37, 38, 44, 48, 53, 54, 65, 69, 71, 73, 79]
Bonus: 44
Mean: 41.85
Std_dev: 21.587703614984644
Variance: 466.0289473684211
Median: 37.5
Avg Distance: 4.0
2019-03-13 2478879
Spots:
[14, 16, 19, 22, 25, 26, 31, 33, 35, 41, 43, 47, 54, 55, 56, 57, 61, 73, 75, 78]
Bonus: 54
Mean: 43.05
Std_dev: 20.04068230795601
Variance: 401.62894736842105
Median: 42.0
Avg Distance: 3.3684210526315788
2019-03-13 2478880
Spots:
[11, 12, 14, 19, 20, 21, 23, 27, 38, 46, 48, 52, 53, 60, 63, 64, 66, 70, 72, 77]
Bonus: 19
Mean: 42.8
Std_dev: 22.58923823882794
Variance: 510.2736842105263
Median: 47.0
Avg Distance: 3.473684210526316
2019-03-13 2478881
Spots:
[7, 8, 15, 17, 22, 28, 34, 40, 42, 43, 44, 45, 50, 62, 66, 68, 69, 74, 75, 77]
Bonus: 45
Mean: 44.3
Std_dev: 23.044807612447904
Variance: 531.0631578947368
Median: 43.5
Avg Distance: 3.6842105263157894
2019-03-13 2478882
Spots:
[1, 9, 12, 13, 14, 19, 23, 29, 32, 35, 38, 41, 48, 49, 50, 51, 55, 69, 77, 78]
Bonus: 78
Mean: 37.15
Std_dev: 22.59314055194629
Variance: 510.45
Median: 36.5
Avg Distance: 4.052631578947368
2019-03-13 2478883
Spots:
[2, 8, 10, 11, 13, 15, 19, 23, 24, 32, 37, 49, 52, 53, 54, 58, 63, 65, 71, 75]
Bonus: 49
Mean: 36.7
Std_dev: 23.68454970517367
Variance: 560.9578947368421
Median: 34.5
Avg Distance: 3.8421052631578947
2019-03-13 2478884
Spots:
[3, 5, 13, 23, 26, 32, 37, 38, 40, 41, 43, 46, 53, 58, 64, 65, 66, 68, 73, 79]
Bonus: 41
Mean: 43.65
Std_dev: 22.276433145461382
Variance: 496.2394736842105
Median: 42.0
Avg Distance: 4.0
2019-03-13 2478885
Spots:
[2, 11, 14, 16, 21, 22, 24, 27, 30, 35, 39, 41, 44, 54, 58, 60, 62, 66, 75, 77]
Bonus: 22
Mean: 38.9
Std_dev: 22.289719131190694
Variance: 496.8315789473684
Median: 37.0
Avg Distance: 3.9473684210526314
2019-03-13 2478886
Spots:
[3, 6, 15, 18, 22, 24, 29, 30, 35, 47, 48, 49, 51, 52, 53, 57, 71, 75, 78, 80]
Bonus: 30
Mean: 42.15
Std_dev: 23.524399427425404
Variance: 553.3973684210526
Median: 47.5
Avg Distance: 4.052631578947368
2019-03-13 2478887
Spots:
[1, 2, 4, 5, 10, 14, 16, 26, 37, 42, 56, 57, 58, 60, 61, 62, 63, 68, 73, 75]
Bonus: 42
Mean: 39.5
Std_dev: 26.816138110434444
Variance: 719.1052631578947
Median: 49.0
Avg Distance: 3.8947368421052633
2019-03-13 2478888
Spots:
[2, 4, 5, 8, 9, 10, 12, 13, 14, 26, 28, 29, 37, 40, 42, 46, 58, 60, 68, 71]
Bonus: 14
Mean: 29.1
Std_dev: 22.52694293273583
Variance: 507.46315789473687
Median: 27.0
Avg Distance: 3.6315789473684212
2019-03-13 2478889
Spots:
[1, 2, 3, 10, 12, 16, 39, 43, 49, 50, 51, 58, 60, 61, 63, 69, 72, 75, 79, 80]
Bonus: 49
Mean: 44.65
Std_dev: 27.509376391944695
Variance: 756.7657894736842
Median: 50.5
Avg Distance: 4.157894736842105
2019-03-13 2478890
Spots:
[3, 5, 9, 11, 13, 14, 16, 26, 27, 29, 30, 38, 40, 45, 48, 51, 62, 64, 67, 69]
Bonus: 14
Mean: 33.35
Std_dev: 21.670438268222497
Variance: 469.6078947368421
Median: 29.5
Avg Distance: 3.473684210526316
2019-03-13 2478891
Spots:
[1, 5, 10, 16, 21, 23, 24, 31, 33, 37, 39, 42, 50, 51, 53, 54, 62, 70, 76, 77]
Bonus: 39
Mean: 38.75
Std_dev: 22.798603373660274
Variance: 519.7763157894736
Median: 38.0
Avg Distance: 4.0
2019-03-13 2478892
Spots:
[2, 3, 8, 15, 16, 23, 34, 44, 45, 51, 55, 63, 65, 67, 69, 71, 72, 73, 77, 78]
Bonus: 8
Mean: 46.55
Std_dev: 26.658611722056502
Variance: 710.6815789473684
Median: 53.0
Avg Distance: 4.0
2019-03-13 2478893
Spots:
[3, 7, 8, 12, 13, 14, 16, 31, 33, 34, 38, 43, 45, 46, 51, 55, 62, 64, 71, 78]
Bonus: 62
Mean: 36.2
Std_dev: 22.952124084711635
Variance: 526.8
Median: 36.0
Avg Distance: 3.9473684210526314
2019-03-13 2478894
Spots:
[1, 3, 4, 8, 17, 24, 26, 29, 30, 38, 41, 52, 55, 57, 60, 65, 72, 73, 75, 77]
Bonus: 24
Mean: 40.35
Std_dev: 25.960040142698666
Variance: 673.9236842105263
Median: 39.5
Avg Distance: 4.0
2019-03-13 2478895
Spots:
[2, 4, 5, 6, 8, 12, 13, 14, 25, 42, 43, 44, 46, 47, 49, 50, 58, 65, 66, 80]
Bonus: 14
Mean: 33.95
Std_dev: 24.437837358015994
Variance: 597.2078947368421
Median: 42.5
Avg Distance: 4.105263157894737
2019-03-13 2478896
Spots:
[2, 11, 13, 18, 20, 26, 30, 31, 37, 38, 41, 45, 50, 53, 55, 58, 60, 65, 69, 76]
Bonus: 76
Mean: 39.9
Std_dev: 20.892960285074114
Variance: 436.5157894736842
Median: 39.5
Avg Distance: 3.8947368421052633
2019-03-13 2478897
Spots:
[1, 6, 12, 13, 16, 18, 22, 25, 33, 36, 46, 49, 51, 57, 59, 66, 68, 69, 79, 80]
Bonus: 49
Mean: 40.3
Std_dev: 25.310908819383744
Variance: 640.6421052631579
Median: 41.0
Avg Distance: 4.157894736842105
2019-03-13 2478898
Spots:
[2, 5, 10, 14, 20, 27, 30, 32, 34, 38, 39, 47, 54, 55, 56, 61, 65, 73, 76, 77]
Bonus: 39
Mean: 40.75
Std_dev: 23.568210078743558
Variance: 555.4605263157895
Median: 38.5
Avg Distance: 3.9473684210526314
2019-03-13 2478899
Spots:
[3, 10, 11, 12, 13, 17, 23, 26, 27, 28, 34, 42, 43, 46, 51, 52, 54, 59, 64, 69]
Bonus: 59
Mean: 34.2
Std_dev: 20.00157888504647
Variance: 400.06315789473683
Median: 31.0
Avg Distance: 3.473684210526316
2019-03-13 2478900
Spots:
[1, 4, 6, 8, 16, 17, 25, 27, 28, 30, 41, 42, 47, 48, 49, 50, 52, 54, 68, 75]
Bonus: 25
Mean: 34.4
Std_dev: 21.473116607565498
Variance: 461.09473684210525
Median: 35.5
Avg Distance: 3.8947368421052633
2019-03-13 2478901
Spots:
[5, 6, 10, 11, 13, 19, 25, 28, 29, 31, 34, 36, 37, 42, 51, 65, 71, 75, 76, 80]
Bonus: 51
Mean: 37.2
Std_dev: 24.70797868151735
Variance: 610.4842105263158
Median: 32.5
Avg Distance: 3.9473684210526314
2019-03-13 2478902
Spots:
[8, 9, 10, 12, 16, 17, 19, 21, 22, 30, 31, 34, 38, 40, 46, 48, 55, 62, 63, 77]
Bonus: 9
Mean: 32.9
Std_dev: 20.287149160309134
Variance: 411.5684210526316
Median: 30.5
Avg Distance: 3.6315789473684212
2019-03-13 2478903
Spots:
[6, 12, 18, 19, 20, 21, 22, 28, 29, 31, 33, 39, 42, 43, 48, 50, 51, 55, 77, 79]
Bonus: 21
Mean: 36.15
Std_dev: 19.818319542122744
Variance: 392.7657894736842
Median: 32.0
Avg Distance: 3.8421052631578947
2019-03-13 2478904
Spots:
[1, 3, 5, 9, 15, 16, 17, 22, 23, 27, 29, 31, 41, 51, 62, 67, 69, 71, 73, 77]
Bonus: 3
Mean: 35.45
Std_dev: 26.12817595905555
Variance: 682.6815789473684
Median: 28.0
Avg Distance: 4.0
2019-03-13 2478905
Spots:
[1, 2, 3, 7, 8, 20, 21, 31, 32, 40, 41, 42, 43, 50, 53, 61, 69, 77, 78, 80]
Bonus: 1
Mean: 37.95
Std_dev: 26.404694558673505
Variance: 697.2078947368421
Median: 40.5
Avg Distance: 4.157894736842105
2019-03-13 2478906
Spots:
[1, 7, 16, 17, 18, 22, 24, 27, 28, 30, 32, 34, 37, 40, 47, 62, 68, 74, 76, 77]
Bonus: 27
Mean: 36.85
Std_dev: 23.215863451301434
Variance: 538.9763157894737
Median: 31.0
Avg Distance: 4.0
2019-03-13 2478907
Spots:
[9, 15, 20, 30, 33, 36, 41, 42, 43, 46, 51, 54, 60, 61, 68, 73, 75, 76, 79, 80]
Bonus: 46
Mean: 49.6
Std_dev: 21.80149681003336
Variance: 475.30526315789473
Median: 48.5
Avg Distance: 3.736842105263158
2019-03-13 2478908
Spots:
[4, 7, 10, 13, 21, 24, 33, 35, 36, 39, 42, 43, 44, 49, 53, 65, 70, 71, 72, 77]
Bonus: 53
Mean: 40.4
Std_dev: 22.79981532704527
Variance: 519.8315789473684
Median: 40.5
Avg Distance: 3.8421052631578947
2019-03-13 2478909
Spots:
[1, 2, 7, 14, 20, 23, 24, 29, 35, 39, 48, 58, 59, 64, 67, 68, 69, 71, 72, 73]
Bonus: 59
Mean: 42.15
Std_dev: 25.63154922726041
Variance: 656.9763157894737
Median: 43.5
Avg Distance: 3.789473684210526
2019-03-13 2478910
Spots:
[5, 6, 8, 13, 19, 27, 31, 32, 41, 43, 53, 56, 57, 60, 65, 66, 69, 70, 77, 79]
Bonus: 19
Mean: 43.85
Std_dev: 24.760484222796784
Variance: 613.0815789473684
Median: 48.0
Avg Distance: 3.8947368421052633
2019-03-13 2478911
Spots:
[2, 8, 11, 13, 14, 17, 19, 30, 39, 42, 46, 49, 56, 62, 65, 67, 69, 76, 77, 79]
Bonus: 14
Mean: 42.05
Std_dev: 26.099959669257004
Variance: 681.2078947368421
Median: 44.0
Avg Distance: 4.052631578947368
2019-03-13 2478912
Spots:
[2, 4, 7, 12, 16, 17, 22, 24, 26, 31, 32, 39, 42, 45, 52, 54, 62, 63, 64, 75]
Bonus: 63
Mean: 34.45
Std_dev: 22.013094189356337
Variance: 484.5763157894737
Median: 31.5
Avg Distance: 3.8421052631578947
2019-03-13 2478913
Spots:
[3, 6, 12, 16, 26, 27, 29, 30, 33, 35, 37, 51, 53, 61, 62, 64, 67, 71, 76, 80]
Bonus: 30
Mean: 41.95
Std_dev: 23.902158017525046
Variance: 571.3131578947368
Median: 36.0
Avg Distance: 4.052631578947368
2019-03-13 2478914
Spots:
[1, 6, 7, 11, 17, 23, 24, 28, 37, 39, 43, 48, 52, 55, 60, 64, 66, 67, 72, 79]
Bonus: 43
Mean: 39.95
Std_dev: 24.282276404168144
Variance: 589.628947368421
Median: 41.0
Avg Distance: 4.105263157894737
2019-03-13 2478915
Spots:
[5, 8, 9, 15, 17, 36, 37, 38, 39, 42, 50, 59, 60, 66, 67, 68, 71, 73, 74, 78]
Bonus: 60
Mean: 45.6
Std_dev: 24.57084279770382
Variance: 603.7263157894737
Median: 46.0
Avg Distance: 3.8421052631578947
2019-03-13 2478916
Spots:
[1, 4, 6, 8, 11, 14, 20, 22, 23, 32, 38, 43, 48, 60, 62, 68, 71, 72, 74, 79]
Bonus: 48
Mean: 37.8
Std_dev: 27.04888362323218
Variance: 731.6421052631579
Median: 35.0
Avg Distance: 4.105263157894737
2019-03-13 2478917
Spots:
[9, 10, 12, 15, 17, 18, 20, 22, 28, 29, 30, 40, 47, 65, 66, 70, 71, 73, 74, 80]
Bonus: 22
Mean: 39.8
Std_dev: 25.574658509836194
Variance: 654.0631578947368
Median: 29.5
Avg Distance: 3.736842105263158
2019-03-13 2478918
Spots:
[1, 4, 6, 18, 19, 23, 30, 31, 37, 43, 45, 47, 51, 53, 60, 64, 65, 73, 74, 77]
Bonus: 6
Mean: 41.05
Std_dev: 23.998848656594035
Variance: 575.9447368421053
Median: 44.0
Avg Distance: 4.0
2019-03-13 2478919
Spots:
[1, 2, 5, 8, 11, 13, 17, 18, 19, 20, 28, 31, 47, 55, 59, 60, 64, 67, 70, 73]
Bonus: 13
Mean: 33.4
Std_dev: 25.46493977795229
Variance: 648.4631578947368
Median: 24.0
Avg Distance: 3.789473684210526
2019-03-13 2478920
Spots:
[3, 4, 8, 12, 16, 18, 30, 35, 41, 42, 54, 59, 63, 65, 66, 70, 71, 75, 76, 78]
Bonus: 63
Mean: 44.3
Std_dev: 26.66181973494959
Variance: 710.8526315789474
Median: 48.0
Avg Distance: 3.9473684210526314
2019-03-13 2478921
Spots:
[1, 4, 5, 8, 20, 21, 24, 28, 32, 33, 35, 42, 46, 48, 49, 57, 60, 61, 70, 79]
Bonus: 46
Mean: 36.15
Std_dev: 22.716270542684182
Variance: 516.0289473684211
Median: 34.0
Avg Distance: 4.105263157894737
2019-03-13 2478922
Spots:
[3, 6, 10, 17, 19, 28, 32, 34, 37, 40, 46, 50, 52, 61, 63, 66, 71, 72, 76, 80]
Bonus: 76
Mean: 43.15
Std_dev: 24.340295807569802
Variance: 592.45
Median: 43.0
Avg Distance: 4.052631578947368
2019-03-13 2478923
Spots:
[1, 3, 6, 16, 20, 23, 25, 28, 39, 44, 45, 46, 50, 51, 53, 55, 64, 67, 69, 77]
Bonus: 3
Mean: 39.1
Std_dev: 22.794043543273133
Variance: 519.5684210526316
Median: 44.5
Avg Distance: 4.0
2019-03-13 2478924
Spots:
[2, 10, 22, 40, 41, 42, 44, 45, 49, 50, 53, 60, 64, 67, 71, 73, 75, 77, 78, 79]
Bonus: 10
Mean: 52.1
Std_dev: 22.301522251560367
Variance: 497.3578947368421
Median: 51.5
Avg Distance: 4.052631578947368
2019-03-13 2478925
Spots:
[3, 5, 11, 13, 14, 15, 19, 27, 30, 35, 48, 49, 52, 58, 61, 63, 67, 68, 73, 76]
Bonus: 14
Mean: 39.35
Std_dev: 24.785978633939497
Variance: 614.3447368421052
Median: 41.5
Avg Distance: 3.8421052631578947
2019-03-13 2478926
Spots:
[2, 3, 9, 10, 16, 17, 34, 36, 39, 41, 42, 51, 54, 72, 74, 75, 77, 78, 79, 80]
Bonus: 36
Mean: 44.45
Std_dev: 28.188230093240577
Variance: 794.5763157894737
Median: 41.5
Avg Distance: 4.105263157894737
2019-03-13 2478927
Spots:
[2, 3, 11, 15, 19, 21, 25, 27, 28, 32, 33, 39, 40, 47, 50, 54, 58, 61, 68, 77]
Bonus: 40
Mean: 35.5
Std_dev: 21.26400467308174
Variance: 452.1578947368421
Median: 32.5
Avg Distance: 3.9473684210526314
2019-03-13 2478928
Spots:
[9, 11, 19, 21, 32, 33, 36, 38, 49, 50, 55, 57, 59, 60, 62, 64, 67, 68, 78, 79]
Bonus: 67
Mean: 47.35
Std_dev: 21.337574962098152
Variance: 455.2921052631579
Median: 52.5
Avg Distance: 3.6842105263157894
2019-03-13 2478929
Spots:
[5, 6, 9, 10, 15, 20, 34, 41, 43, 44, 48, 51, 55, 61, 62, 64, 69, 72, 77, 79]
Bonus: 69
Mean: 43.25
Std_dev: 24.90376213388356
Variance: 620.1973684210526
Median: 46.0
Avg Distance: 3.8947368421052633
2019-03-13 2478930
Spots:
[8, 9, 14, 21, 26, 28, 29, 39, 45, 50, 58, 59, 62, 63, 64, 65, 67, 70, 74, 77]
Bonus: 63
Mean: 46.4
Std_dev: 22.760538334212526
Variance: 518.042105263158
Median: 54.0
Avg Distance: 3.6315789473684212
2019-03-13 2478931
Spots:
[1, 3, 9, 13, 18, 19, 26, 28, 30, 31, 33, 57, 61, 63, 70, 72, 74, 75, 76, 78]
Bonus: 33
Mean: 41.85
Std_dev: 27.44424970927905
Variance: 753.1868421052632
Median: 32.0
Avg Distance: 4.052631578947368
2019-03-13 2478932
Spots:
[5, 11, 12, 16, 21, 26, 32, 39, 42, 45, 51, 53, 55, 56, 60, 61, 65, 69, 74, 78]
Bonus: 74
Mean: 43.55
Std_dev: 22.364151295273754
Variance: 500.15526315789475
Median: 48.0
Avg Distance: 3.8421052631578947
2019-03-13 2478933
Spots:
[4, 17, 18, 23, 24, 32, 38, 39, 40, 43, 45, 47, 48, 49, 61, 62, 70, 75, 76, 80]
Bonus: 61
Mean: 44.55
Std_dev: 21.37749677630785
Variance: 456.9973684210526
Median: 44.0
Avg Distance: 4.0
2019-03-13 2478934
Spots:
[2, 8, 10, 11, 20, 22, 23, 24, 26, 31, 35, 37, 44, 59, 61, 62, 70, 71, 73, 80]
Bonus: 24
Mean: 38.45
Std_dev: 24.701321081227512
Variance: 610.1552631578948
Median: 33.0
Avg Distance: 4.105263157894737
2019-03-13 2478935
Spots:
[1, 2, 13, 14, 20, 23, 26, 29, 47, 48, 51, 53, 56, 60, 61, 69, 71, 74, 77, 78]
Bonus: 20
Mean: 43.65
Std_dev: 25.526611501271415
Variance: 651.6078947368421
Median: 49.5
Avg Distance: 4.052631578947368
2019-03-13 2478936
Spots:
[3, 6, 9, 13, 15, 21, 22, 27, 29, 33, 37, 44, 50, 52, 56, 63, 65, 75, 78, 79]
Bonus: 29
Mean: 38.85
Std_dev: 24.822050892831474
Variance: 616.1342105263158
Median: 35.0
Avg Distance: 4.0
2019-03-13 2478937
Spots:
[1, 6, 17, 18, 27, 38, 41, 42, 50, 51, 52, 53, 56, 58, 62, 65, 71, 72, 76, 78]
Bonus: 41
Mean: 46.7
Std_dev: 22.847549678593314
Variance: 522.0105263157894
Median: 51.5
Avg Distance: 4.052631578947368
2019-03-13 2478938
Spots:
[1, 2, 6, 10, 11, 12, 17, 28, 41, 42, 44, 48, 51, 57, 62, 64, 69, 72, 76, 77]
Bonus: 69
Mean: 39.5
Std_dev: 26.555800238663295
Variance: 705.2105263157895
Median: 43.0
Avg Distance: 4.0
2019-03-13 2478939
Spots:
[1, 2, 11, 13, 15, 16, 18, 25, 27, 28, 29, 33, 37, 38, 59, 65, 67, 73, 77, 78]
Bonus: 29
Mean: 35.6
Std_dev: 25.30945319544916
Variance: 640.5684210526316
Median: 28.5
Avg Distance: 4.052631578947368
2019-03-13 2478940
Spots:
[5, 12, 16, 17, 22, 24, 33, 34, 36, 41, 44, 51, 52, 53, 54, 60, 62, 63, 69, 77]
Bonus: 63
Mean: 41.25
Std_dev: 20.562804948946557
Variance: 422.82894736842104
Median: 42.5
Avg Distance: 3.789473684210526
2019-03-13 2478941
Spots:
[5, 6, 13, 18, 20, 22, 28, 35, 39, 43, 44, 48, 50, 51, 52, 54, 59, 64, 72, 74]
Bonus: 52
Mean: 39.85
Std_dev: 20.843464203437968
Variance: 434.45
Median: 43.5
Avg Distance: 3.6315789473684212
2019-03-13 2478942
Spots:
[5, 9, 12, 13, 15, 16, 17, 22, 24, 26, 30, 35, 42, 43, 49, 50, 57, 62, 69, 70]
Bonus: 15
Mean: 33.3
Std_dev: 20.698588815360537
Variance: 428.4315789473684
Median: 28.0
Avg Distance: 3.4210526315789473
2019-03-13 2478943
Spots:
[1, 6, 8, 9, 12, 14, 20, 21, 35, 36, 43, 48, 57, 64, 69, 70, 72, 73, 78, 79]
Bonus: 6
Mean: 40.75
Std_dev: 27.78654539994416
Variance: 772.0921052631579
Median: 39.5
Avg Distance: 4.105263157894737
2019-03-13 2478944
Spots:
[1, 14, 16, 20, 23, 33, 34, 39, 40, 42, 44, 48, 52, 54, 59, 67, 68, 73, 74, 78]
Bonus: 14
Mean: 43.95
Std_dev: 22.0322132581507
Variance: 485.4184210526316
Median: 43.0
Avg Distance: 4.052631578947368
2019-03-13 2478945
Spots:
[1, 7, 18, 22, 23, 27, 31, 34, 35, 36, 39, 44, 45, 48, 49, 53, 62, 68, 74, 77]
Bonus: 22
Mean: 39.65
Std_dev: 20.74982561752977
Variance: 430.55526315789473
Median: 37.5
Avg Distance: 4.0
2019-03-13 2478946
Spots:
[8, 9, 11, 12, 14, 16, 20, 24, 25, 27, 33, 36, 37, 41, 42, 47, 55, 56, 61, 71]
Bonus: 25
Mean: 32.25
Std_dev: 18.808942442079875
Variance: 353.7763157894737
Median: 30.0
Avg Distance: 3.3157894736842106
2019-03-13 2478947
Spots:
[14, 19, 21, 23, 26, 29, 30, 38, 43, 47, 49, 50, 65, 68, 69, 70, 72, 73, 75, 79]
Bonus: 19
Mean: 48
Std_dev: 21.952100966470276
Variance: 481.89473684210526
Median: 48.0
Avg Distance: 3.4210526315789473
2019-03-13 2478948
Spots:
[10, 16, 17, 22, 29, 31, 35, 38, 43, 44, 45, 49, 59, 63, 65, 66, 67, 71, 75, 80]
Bonus: 65
Mean: 46.25
Std_dev: 21.29461261248463
Variance: 453.4605263157895
Median: 44.5
Avg Distance: 3.6842105263157894
2019-03-13 2478949
Spots:
[2, 11, 17, 18, 22, 31, 37, 39, 43, 47, 48, 49, 50, 58, 59, 63, 64, 65, 68, 75]
Bonus: 58
Mean: 43.3
Std_dev: 20.802580811549625
Variance: 432.7473684210526
Median: 47.5
Avg Distance: 3.8421052631578947
2019-03-13 2478950
Spots:
[5, 9, 11, 12, 13, 16, 17, 26, 27, 28, 29, 34, 38, 40, 41, 51, 57, 71, 73, 74]
Bonus: 41
Mean: 33.6
Std_dev: 21.900252341732937
Variance: 479.62105263157895
Median: 28.5
Avg Distance: 3.6315789473684212
2019-03-13 2478951
Spots:
[3, 5, 11, 13, 19, 22, 23, 27, 28, 29, 33, 35, 37, 41, 52, 57, 58, 64, 74, 77]
Bonus: 41
Mean: 35.4
Std_dev: 21.969835780235737
Variance: 482.67368421052635
Median: 31.0
Avg Distance: 3.8947368421052633
2019-03-13 2478952
Spots:
[11, 13, 18, 19, 21, 25, 28, 32, 35, 43, 47, 54, 55, 56, 60, 61, 63, 64, 68, 71]
Bonus: 11
Mean: 42.2
Std_dev: 20.056761558400357
Variance: 402.2736842105263
Median: 45.0
Avg Distance: 3.1578947368421053
2019-03-13 2478953
Spots:
[2, 13, 16, 19, 24, 31, 33, 46, 50, 54, 57, 61, 65, 66, 67, 68, 72, 74, 78, 80]
Bonus: 50
Mean: 48.8
Std_dev: 24.200043497133592
Variance: 585.6421052631579
Median: 55.5
Avg Distance: 4.105263157894737
2019-03-13 2478954
Spots:
[1, 2, 13, 14, 16, 24, 26, 27, 29, 34, 36, 39, 43, 44, 50, 53, 54, 58, 63, 65]
Bonus: 63
Mean: 34.55
Std_dev: 19.351254549294186
Variance: 374.47105263157897
Median: 35.0
Avg Distance: 3.3684210526315788
2019-03-13 2478955
Spots:
[5, 12, 21, 23, 27, 28, 36, 40, 42, 48, 54, 56, 58, 66, 67, 72, 73, 74, 75, 80]
Bonus: 74
Mean: 47.85
Std_dev: 23.054340840261457
Variance: 531.5026315789473
Median: 51.0
Avg Distance: 3.9473684210526314
2019-03-13 2478956
Spots:
[3, 5, 6, 10, 11, 17, 23, 26, 28, 32, 33, 44, 47, 48, 51, 57, 58, 60, 70, 72]
Bonus: 72
Mean: 35.05
Std_dev: 22.31231663642775
Variance: 497.83947368421053
Median: 32.5
Avg Distance: 3.6315789473684212
2019-03-13 2478957
Spots:
[1, 4, 5, 7, 10, 11, 17, 21, 26, 29, 35, 36, 43, 44, 47, 51, 53, 69, 72, 79]
Bonus: 43
Mean: 33
Std_dev: 23.940716253630384
Variance: 573.1578947368421
Median: 32.0
Avg Distance: 4.105263157894737
2019-03-13 2478958
Spots:
[2, 5, 6, 14, 25, 26, 28, 30, 34, 38, 44, 47, 51, 55, 56, 60, 62, 68, 69, 76]
Bonus: 62
Mean: 39.8
Std_dev: 22.568259033196906
Variance: 509.3263157894737
Median: 41.0
Avg Distance: 3.8947368421052633
2019-03-13 2478959
Spots:
[4, 6, 12, 15, 17, 22, 26, 31, 32, 34, 38, 40, 42, 45, 46, 47, 49, 51, 57, 60]
Bonus: 22
Mean: 33.7
Std_dev: 16.71148360291588
Variance: 279.2736842105263
Median: 36.0
Avg Distance: 2.9473684210526314
2019-03-13 2478960
Spots:
[14, 15, 31, 35, 36, 37, 41, 43, 47, 53, 54, 60, 62, 64, 65, 67, 74, 77, 79, 80]
Bonus: 79
Mean: 51.7
Std_dev: 19.971295190321218
Variance: 398.85263157894735
Median: 53.5
Avg Distance: 3.473684210526316
2019-03-13 2478961
Spots:
[1, 6, 8, 9, 11, 17, 18, 19, 35, 36, 40, 43, 44, 50, 51, 56, 57, 71, 74, 76]
Bonus: 17
Mean: 36.1
Std_dev: 23.949288529153254
Variance: 573.5684210526316
Median: 38.0
Avg Distance: 3.9473684210526314
2019-03-13 2478962
Spots:
[8, 11, 13, 14, 20, 22, 29, 30, 34, 40, 44, 50, 54, 56, 66, 67, 70, 71, 74, 79]
Bonus: 67
Mean: 42.6
Std_dev: 23.64963558192588
Variance: 559.3052631578947
Median: 42.0
Avg Distance: 3.736842105263158
2019-03-13 2478963
Spots:
[4, 9, 10, 12, 24, 30, 31, 32, 36, 37, 41, 49, 54, 56, 66, 72, 73, 77, 78, 80]
Bonus: 41
Mean: 43.55
Std_dev: 25.079819943952003
Variance: 628.9973684210527
Median: 39.0
Avg Distance: 4.0
2019-03-13 2478964
Spots:
[2, 9, 11, 12, 17, 21, 22, 24, 27, 28, 31, 37, 38, 39, 51, 60, 66, 70, 71, 75]
Bonus: 71
Mean: 35.55
Std_dev: 22.705146645871423
Variance: 515.5236842105263
Median: 29.5
Avg Distance: 3.8421052631578947
2019-03-13 2478965
Spots:
[15, 17, 18, 22, 27, 29, 38, 39, 41, 44, 47, 51, 52, 53, 54, 60, 61, 67, 77, 80]
Bonus: 41
Mean: 44.6
Std_dev: 19.288393019200896
Variance: 372.0421052631579
Median: 45.5
Avg Distance: 3.4210526315789473
2019-03-13 2478966
Spots:
[6, 7, 9, 11, 13, 20, 29, 30, 37, 40, 41, 49, 53, 54, 57, 58, 59, 61, 67, 76]
Bonus: 13
Mean: 38.85
Std_dev: 22.08422871405603
Variance: 487.71315789473687
Median: 40.5
Avg Distance: 3.6842105263157894
2019-03-13 2478967
Spots:
[5, 8, 14, 21, 22, 24, 25, 28, 29, 31, 42, 44, 45, 46, 51, 62, 69, 71, 75, 80]
Bonus: 5
Mean: 39.6
Std_dev: 22.64927093052248
Variance: 512.9894736842106
Median: 36.5
Avg Distance: 3.9473684210526314
2019-03-13 2478968
Spots:
[9, 11, 12, 13, 14, 15, 18, 20, 23, 27, 30, 40, 42, 52, 53, 58, 65, 68, 75, 79]
Bonus: 75
Mean: 36.2
Std_dev: 23.580991452751448
Variance: 556.0631578947368
Median: 28.5
Avg Distance: 3.6842105263157894
2019-03-13 2478969
Spots:
[1, 4, 11, 20, 29, 32, 34, 38, 42, 47, 54, 55, 62, 70, 71, 73, 74, 75, 77, 79]
Bonus: 20
Mean: 47.4
Std_dev: 25.512432469804125
Variance: 650.8842105263158
Median: 50.5
Avg Distance: 4.105263157894737
2019-03-13 2478970
Spots:
[1, 2, 3, 6, 8, 9, 17, 25, 32, 42, 43, 49, 50, 51, 59, 72, 73, 75, 76, 77]
Bonus: 25
Mean: 38.5
Std_dev: 28.02912019574229
Variance: 785.6315789473684
Median: 42.5
Avg Distance: 4.0
2019-03-13 2478971
Spots:
[3, 7, 11, 26, 35, 36, 38, 46, 50, 53, 54, 60, 62, 65, 66, 67, 71, 72, 77, 78]
Bonus: 71
Mean: 48.85
Std_dev: 23.154572130063553
Variance: 536.1342105263158
Median: 53.5
Avg Distance: 3.9473684210526314
2019-03-13 2478972
Spots:
[2, 9, 13, 15, 16, 17, 20, 27, 28, 34, 41, 42, 43, 45, 47, 55, 58, 68, 76, 77]
Bonus: 55
Mean: 36.65
Std_dev: 22.330708146312546
Variance: 498.66052631578947
Median: 37.5
Avg Distance: 3.9473684210526314
2019-03-13 2478973
Spots:
[7, 11, 19, 31, 33, 39, 43, 49, 50, 52, 53, 58, 61, 64, 65, 68, 70, 71, 74, 77]
Bonus: 70
Mean: 49.75
Std_dev: 20.824770169958153
Variance: 433.67105263157896
Median: 52.5
Avg Distance: 3.6842105263157894
2019-03-13 2478974
Spots:
[14, 17, 18, 22, 27, 31, 34, 35, 38, 39, 43, 46, 51, 54, 56, 65, 71, 75, 76, 80]
Bonus: 31
Mean: 44.6
Std_dev: 20.813457185196313
Variance: 433.2
Median: 41.0
Avg Distance: 3.473684210526316
2019-03-13 2478975
Spots:
[1, 3, 10, 13, 14, 21, 27, 28, 30, 33, 34, 35, 42, 56, 58, 59, 61, 66, 70, 78]
Bonus: 34
Mean: 36.95
Std_dev: 23.281967270830012
Variance: 542.05
Median: 33.5
Avg Distance: 4.052631578947368
2019-03-13 2478976
Spots:
[6, 18, 21, 23, 24, 25, 30, 32, 38, 46, 47, 50, 53, 58, 62, 63, 70, 71, 73, 77]
Bonus: 23
Mean: 44.35
Std_dev: 21.23868119604813
Variance: 451.0815789473684
Median: 46.5
Avg Distance: 3.736842105263158
2019-03-13 2478977
Spots:
[2, 3, 4, 8, 9, 17, 19, 20, 26, 27, 33, 46, 49, 50, 51, 54, 59, 68, 70, 80]
Bonus: 80
Mean: 34.75
Std_dev: 24.60824637136267
Variance: 605.5657894736842
Median: 30.0
Avg Distance: 4.105263157894737
2019-03-13 2478978
Spots:
[1, 4, 14, 21, 22, 25, 26, 27, 28, 34, 39, 40, 42, 49, 52, 57, 61, 66, 68, 71]
Bonus: 40
Mean: 37.35
Std_dev: 20.75996907005099
Variance: 430.9763157894737
Median: 36.5
Avg Distance: 3.6842105263157894
2019-03-13 2478979
Spots:
[3, 10, 11, 13, 15, 19, 22, 24, 28, 34, 42, 52, 53, 56, 68, 70, 71, 72, 78, 79]
Bonus: 28
Mean: 41
Std_dev: 26.008095905536393
Variance: 676.421052631579
Median: 38.0
Avg Distance: 4.0
2019-03-13 2478980
Spots:
[1, 3, 7, 11, 16, 33, 34, 37, 41, 42, 43, 47, 52, 58, 62, 64, 65, 66, 68, 70]
Bonus: 64
Mean: 41
Std_dev: 22.994278464549897
Variance: 528.7368421052631
Median: 42.5
Avg Distance: 3.6315789473684212
2019-03-13 2478981
Spots:
[1, 2, 3, 4, 5, 7, 15, 22, 30, 35, 44, 49, 50, 53, 55, 62, 69, 72, 74, 77]
Bonus: 53
Mean: 36.45
Std_dev: 27.367816288864784
Variance: 748.9973684210527
Median: 39.5
Avg Distance: 4.0
2019-03-13 2478982
Spots:
[7, 9, 12, 19, 23, 24, 25, 28, 34, 39, 42, 46, 47, 51, 57, 61, 63, 71, 72, 78]
Bonus: 71
Mean: 40.4
Std_dev: 21.909863195902386
Variance: 480.0421052631579
Median: 40.5
Avg Distance: 3.736842105263158
2019-03-13 2478983
Spots:
[1, 8, 19, 26, 28, 30, 32, 40, 42, 43, 45, 46, 51, 58, 59, 60, 64, 71, 76, 79]
Bonus: 45
Mean: 43.9
Std_dev: 21.54530111184339
Variance: 464.2
Median: 44.0
Avg Distance: 4.105263157894737
2019-03-13 2478984
Spots:
[3, 4, 8, 10, 11, 18, 21, 24, 35, 39, 40, 48, 53, 58, 59, 60, 63, 65, 76, 80]
Bonus: 59
Mean: 38.75
Std_dev: 25.019729057391153
Variance: 625.9868421052631
Median: 39.5
Avg Distance: 4.052631578947368
2019-03-13 2478985
Spots:
[1, 3, 14, 18, 24, 25, 28, 30, 32, 35, 44, 46, 47, 48, 49, 56, 59, 75, 76, 80]
Bonus: 3
Mean: 39.5
Std_dev: 22.760769573521618
Variance: 518.0526315789474
Median: 39.5
Avg Distance: 4.157894736842105
2019-03-13 2478986
Spots:
[9, 13, 14, 15, 16, 19, 25, 27, 28, 29, 31, 32, 43, 53, 58, 61, 64, 75, 76, 77]
Bonus: 77
Mean: 38.25
Std_dev: 23.124093154338535
Variance: 534.7236842105264
Median: 30.0
Avg Distance: 3.5789473684210527
2019-03-13 2478987
Spots:
[1, 2, 13, 17, 21, 35, 37, 40, 42, 43, 45, 46, 50, 57, 62, 66, 69, 73, 77, 78]
Bonus: 66
Mean: 43.7
Std_dev: 23.742256355327843
Variance: 563.6947368421053
Median: 44.0
Avg Distance: 4.052631578947368
2019-03-13 2478988
Spots:
[3, 4, 9, 14, 24, 25, 36, 40, 43, 45, 47, 48, 52, 53, 55, 57, 61, 66, 72, 79]
Bonus: 45
Mean: 41.65
Std_dev: 22.219657015686288
Variance: 493.7131578947368
Median: 46.0
Avg Distance: 4.0
2019-03-13 2478989
Spots:
[3, 9, 10, 15, 23, 24, 26, 29, 31, 32, 34, 39, 45, 54, 64, 65, 66, 67, 68, 71]
Bonus: 65
Mean: 38.75
Std_dev: 22.28966009988535
Variance: 496.82894736842104
Median: 33.0
Avg Distance: 3.5789473684210527
2019-03-13 2478990
Spots:
[3, 5, 6, 18, 19, 37, 40, 42, 43, 48, 50, 55, 57, 60, 63, 65, 66, 68, 72, 80]
Bonus: 48
Mean: 44.85
Std_dev: 23.55570106431942
Variance: 554.8710526315789
Median: 49.0
Avg Distance: 4.052631578947368
2019-03-13 2478991
Spots:
[6, 7, 8, 11, 16, 18, 19, 20, 28, 30, 36, 42, 47, 62, 63, 64, 65, 73, 75, 78]
Bonus: 78
Mean: 38.4
Std_dev: 25.386278929664677
Variance: 644.4631578947368
Median: 33.0
Avg Distance: 3.789473684210526
2019-03-13 2478992
Spots:
[7, 10, 11, 12, 16, 19, 22, 23, 26, 28, 37, 42, 46, 54, 59, 60, 63, 66, 70, 74]
Bonus: 19
Mean: 37.25
Std_dev: 22.59453823150048
Variance: 510.5131578947368
Median: 32.5
Avg Distance: 3.526315789473684
2019-03-13 2478993
Spots:
[11, 13, 15, 18, 23, 24, 28, 30, 35, 36, 40, 41, 43, 51, 59, 63, 73, 76, 79, 80]
Bonus: 63
Mean: 41.9
Std_dev: 22.900011491608243
Variance: 524.4105263157895
Median: 38.0
Avg Distance: 3.6315789473684212
2019-03-13 2478994
Spots:
[3, 25, 26, 27, 28, 30, 31, 32, 34, 35, 37, 43, 44, 46, 47, 50, 51, 55, 60, 74]
Bonus: 30
Mean: 38.9
Std_dev: 15.399589878339379
Variance: 237.14736842105262
Median: 36.0
Avg Distance: 3.736842105263158
2019-03-13 2478995
Spots:
[2, 3, 5, 14, 15, 16, 22, 27, 28, 33, 38, 39, 43, 51, 52, 55, 64, 67, 68, 72]
Bonus: 68
Mean: 35.7
Std_dev: 22.766780971175386
Variance: 518.3263157894737
Median: 35.5
Avg Distance: 3.6842105263157894
2019-03-13 2478996
Spots:
[1, 8, 10, 11, 18, 30, 34, 40, 43, 44, 45, 57, 58, 60, 61, 69, 74, 75, 77, 80]
Bonus: 58
Mean: 44.75
Std_dev: 25.287556748641997
Variance: 639.4605263157895
Median: 44.5
Avg Distance: 4.157894736842105
2019-03-13 2478997
Spots:
[1, 3, 8, 11, 13, 23, 25, 28, 29, 31, 35, 44, 45, 51, 56, 59, 60, 69, 70, 74]
Bonus: 8
Mean: 36.75
Std_dev: 23.208154193141503
Variance: 538.6184210526316
Median: 33.0
Avg Distance: 3.8421052631578947
2019-03-13 2478998
Spots:
[12, 13, 19, 38, 41, 44, 48, 49, 51, 52, 53, 63, 65, 70, 71, 72, 74, 76, 78, 79]
Bonus: 52
Mean: 53.4
Std_dev: 21.049815601142573
Variance: 443.09473684210525
Median: 52.5
Avg Distance: 3.526315789473684
2019-03-13 2478999
Spots:
[2, 4, 6, 7, 9, 14, 18, 21, 23, 24, 25, 28, 32, 44, 45, 51, 63, 66, 72, 73]
Bonus: 32
Mean: 31.35
Std_dev: 23.4279971963371
Variance: 548.8710526315789
Median: 24.5
Avg Distance: 3.736842105263158
2019-03-13 2479000
Spots:
[2, 7, 13, 21, 24, 25, 32, 33, 34, 36, 46, 50, 54, 59, 63, 68, 70, 74, 75, 79]
Bonus: 2
Mean: 43.25
Std_dev: 23.914045641575758
Variance: 571.8815789473684
Median: 41.0
Avg Distance: 4.052631578947368
2019-03-13 2479001
Spots:
[2, 4, 5, 8, 13, 24, 25, 30, 35, 45, 49, 50, 51, 52, 61, 63, 67, 71, 73, 79]
Bonus: 25
Mean: 40.35
Std_dev: 25.196647646692583
Variance: 634.8710526315789
Median: 47.0
Avg Distance: 4.052631578947368
2019-03-13 2479002
Spots:
[4, 7, 9, 12, 14, 18, 23, 34, 42, 48, 50, 53, 55, 56, 60, 64, 67, 74, 75, 76]
Bonus: 42
Mean: 42.05
Std_dev: 24.84790576794414
Variance: 617.4184210526316
Median: 49.0
Avg Distance: 3.789473684210526
2019-03-13 2479003
Spots:
[4, 6, 7, 9, 10, 16, 17, 19, 34, 40, 43, 48, 50, 52, 53, 55, 57, 64, 73, 76]
Bonus: 6
Mean: 36.65
Std_dev: 23.75372546958078
Variance: 564.2394736842106
Median: 41.5
Avg Distance: 3.789473684210526
2019-03-13 2479004
Spots:
[12, 17, 23, 25, 31, 34, 36, 39, 49, 55, 59, 60, 61, 63, 65, 66, 68, 73, 75, 77]
Bonus: 39
Mean: 49.4
Std_dev: 20.518028016459343
Variance: 420.9894736842105
Median: 57.0
Avg Distance: 3.4210526315789473
2019-03-13 2479005
Spots:
[9, 12, 20, 22, 26, 27, 32, 37, 41, 42, 51, 52, 58, 59, 65, 66, 67, 69, 71, 75]
Bonus: 67
Mean: 45.05
Std_dev: 21.03749785001709
Variance: 442.5763157894737
Median: 46.5
Avg Distance: 3.473684210526316
2019-03-13 2479006
Spots:
[3, 5, 13, 19, 22, 24, 25, 28, 32, 33, 35, 37, 43, 45, 48, 61, 63, 72, 74, 79]
Bonus: 37
Mean: 38.05
Std_dev: 22.42290886805865
Variance: 502.78684210526313
Median: 34.0
Avg Distance: 4.0
2019-03-13 2479007
Spots:
[2, 3, 10, 11, 12, 15, 16, 17, 18, 21, 30, 33, 35, 36, 51, 55, 57, 59, 65, 67]
Bonus: 51
Mean: 30.65
Std_dev: 21.404069952378585
Variance: 458.13421052631577
Median: 25.5
Avg Distance: 3.4210526315789473
2019-03-13 2479008
Spots:
[2, 3, 9, 10, 17, 28, 29, 30, 38, 40, 44, 47, 48, 51, 56, 57, 65, 66, 68, 79]
Bonus: 57
Mean: 39.35
Std_dev: 22.900873345791858
Variance: 524.45
Median: 42.0
Avg Distance: 4.052631578947368
2019-03-13 2479009
Spots:
[7, 9, 11, 14, 22, 23, 29, 30, 31, 35, 37, 40, 50, 53, 54, 60, 64, 65, 66, 79]
Bonus: 7
Mean: 38.95
Std_dev: 21.46839782711225
Variance: 460.89210526315793
Median: 36.0
Avg Distance: 3.789473684210526
2019-03-13 2479010
Spots:
[2, 7, 11, 14, 17, 25, 27, 33, 37, 40, 41, 42, 44, 47, 53, 59, 67, 70, 76, 78]
Bonus: 33
Mean: 39.5
Std_dev: 22.93583727660596
Variance: 526.0526315789474
Median: 40.5
Avg Distance: 4.0
2019-03-13 2479011
Spots:
[3, 12, 15, 16, 19, 20, 25, 28, 33, 40, 44, 47, 52, 53, 54, 55, 61, 67, 75, 79]
Bonus: 20
Mean: 39.9
Std_dev: 22.157094622383667
Variance: 490.93684210526317
Median: 42.0
Avg Distance: 4.0
2019-03-13 2479012
Spots:
[2, 3, 6, 8, 9, 24, 25, 26, 28, 31, 36, 44, 46, 50, 53, 68, 71, 74, 78, 79]
Bonus: 25
Mean: 38.05
Std_dev: 26.140259331053638
Variance: 683.3131578947368
Median: 33.5
Avg Distance: 4.052631578947368
2019-03-13 2479013
Spots:
[1, 14, 15, 23, 25, 34, 36, 38, 39, 42, 44, 53, 58, 59, 61, 63, 67, 68, 73, 75]
Bonus: 38
Mean: 44.4
Std_dev: 21.369924759121787
Variance: 456.67368421052635
Median: 43.0
Avg Distance: 3.8947368421052633
2019-03-13 2479014
Spots:
[1, 5, 6, 18, 20, 25, 38, 40, 41, 44, 45, 53, 56, 60, 66, 69, 70, 73, 75, 77]
Bonus: 41
Mean: 44.1
Std_dev: 24.757561311754095
Variance: 612.9368421052632
Median: 44.5
Avg Distance: 4.0
2019-03-13 2479015
Spots:
[4, 12, 19, 25, 28, 29, 32, 37, 44, 46, 49, 50, 51, 52, 55, 57, 64, 67, 71, 78]
Bonus: 19
Mean: 43.5
Std_dev: 19.948618208313395
Variance: 397.94736842105266
Median: 47.5
Avg Distance: 3.8947368421052633
2019-03-13 2479016
Spots:
[2, 7, 11, 12, 14, 15, 17, 18, 21, 29, 30, 35, 36, 37, 44, 52, 59, 68, 72, 77]
Bonus: 59
Mean: 32.8
Std_dev: 22.67063948672031
Variance: 513.9578947368421
Median: 29.5
Avg Distance: 3.9473684210526314
2019-03-13 2479017
Spots:
[13, 16, 17, 18, 27, 30, 31, 35, 39, 41, 42, 44, 47, 54, 56, 65, 68, 70, 71, 79]
Bonus: 27
Mean: 43.15
Std_dev: 20.27255079632244
Variance: 410.9763157894737
Median: 41.5
Avg Distance: 3.473684210526316
2019-03-13 2479018
Spots:
[1, 3, 10, 11, 14, 17, 19, 20, 25, 33, 36, 37, 38, 48, 51, 54, 57, 65, 74, 77]
Bonus: 33
Mean: 34.5
Std_dev: 23.164173789894193
Variance: 536.578947368421
Median: 34.5
Avg Distance: 4.0
2019-03-13 2479019
Spots:
[5, 10, 12, 35, 38, 39, 42, 45, 47, 50, 52, 56, 57, 58, 60, 63, 71, 74, 77, 79]
Bonus: 45
Mean: 48.5
Std_dev: 21.301099551555154
Variance: 453.7368421052632
Median: 51.0
Avg Distance: 3.8947368421052633
2019-03-13 2479020
Spots:
[1, 5, 11, 13, 16, 19, 23, 26, 27, 38, 39, 41, 44, 45, 47, 53, 57, 64, 72, 74]
Bonus: 27
Mean: 35.75
Std_dev: 21.686461942395013
Variance: 470.30263157894734
Median: 38.5
Avg Distance: 3.8421052631578947
2019-03-13 2479021
Spots:
[1, 3, 5, 9, 13, 17, 20, 24, 25, 34, 45, 46, 53, 58, 59, 62, 65, 66, 68, 72]
Bonus: 62
Mean: 37.25
Std_dev: 24.717083374183044
Variance: 610.9342105263158
Median: 39.5
Avg Distance: 3.736842105263158
2019-03-13 2479022
Spots:
[2, 3, 6, 18, 20, 30, 31, 37, 41, 48, 51, 53, 54, 55, 59, 61, 68, 74, 75, 79]
Bonus: 74
Mean: 43.25
Std_dev: 24.16581970687655
Variance: 583.9868421052631
Median: 49.5
Avg Distance: 4.052631578947368
2019-03-13 2479023
Spots:
[2, 7, 11, 12, 19, 21, 23, 29, 47, 50, 59, 60, 62, 63, 69, 70, 71, 72, 76, 80]
Bonus: 76
Mean: 45.15
Std_dev: 26.54147697472769
Variance: 704.45
Median: 54.5
Avg Distance: 4.105263157894737
2019-03-13 2479024
Spots:
[7, 14, 15, 23, 24, 26, 33, 34, 36, 38, 45, 54, 61, 64, 65, 67, 73, 74, 77, 80]
Bonus: 36
Mean: 45.5
Std_dev: 23.437486842101567
Variance: 549.3157894736842
Median: 41.5
Avg Distance: 3.8421052631578947
2019-03-13 2479025
Spots:
[4, 9, 11, 12, 14, 21, 29, 31, 32, 40, 44, 53, 54, 56, 67, 68, 76, 77, 78, 79]
Bonus: 44
Mean: 42.75
Std_dev: 25.96936454241501
Variance: 674.4078947368421
Median: 42.0
Avg Distance: 3.9473684210526314
2019-03-13 2479026
Spots:
[5, 9, 10, 14, 16, 19, 26, 29, 33, 37, 38, 46, 49, 51, 57, 60, 63, 68, 72, 73]
Bonus: 38
Mean: 38.75
Std_dev: 22.336835284487275
Variance: 498.9342105263158
Median: 37.5
Avg Distance: 3.5789473684210527
2019-03-13 2479027
Spots:
[3, 7, 10, 13, 15, 19, 22, 25, 26, 31, 33, 37, 43, 48, 50, 54, 64, 69, 77, 79]
Bonus: 37
Mean: 36.25
Std_dev: 23.431591360473377
Variance: 549.0394736842105
Median: 32.0
Avg Distance: 4.0
2019-03-13 2479028
Spots:
[2, 7, 12, 15, 17, 21, 22, 24, 26, 31, 35, 44, 49, 58, 59, 60, 65, 72, 73, 80]
Bonus: 80
Mean: 38.6
Std_dev: 24.273442277518036
Variance: 589.2
Median: 33.0
Avg Distance: 4.105263157894737
2019-03-13 2479029
Spots:
[1, 2, 11, 12, 14, 15, 39, 40, 41, 42, 43, 44, 47, 49, 57, 60, 64, 71, 72, 80]
Bonus: 11
Mean: 40.2
Std_dev: 23.953024201988622
Variance: 573.7473684210527
Median: 42.5
Avg Distance: 4.157894736842105
2019-03-13 2479030
Spots:
[4, 6, 10, 18, 19, 20, 24, 28, 33, 36, 37, 52, 54, 60, 61, 64, 67, 69, 76, 77]
Bonus: 33
Mean: 40.75
Std_dev: 24.204990785938516
Variance: 585.8815789473684
Median: 36.5
Avg Distance: 3.8421052631578947
2019-03-13 2479031
Spots:
[5, 6, 7, 8, 11, 13, 14, 17, 28, 29, 30, 33, 44, 54, 55, 61, 66, 67, 76, 80]
Bonus: 61
Mean: 35.2
Std_dev: 25.547891044900464
Variance: 652.6947368421053
Median: 29.5
Avg Distance: 3.9473684210526314
2019-03-13 2479032
Spots:
[11, 12, 15, 17, 22, 23, 25, 26, 28, 33, 37, 44, 47, 50, 52, 55, 70, 71, 76, 80]
Bonus: 52
Mean: 39.7
Std_dev: 22.129047355051352
Variance: 489.69473684210527
Median: 35.0
Avg Distance: 3.6315789473684212
2019-03-13 2479033
Spots:
[1, 11, 17, 18, 19, 21, 22, 26, 30, 32, 42, 43, 44, 45, 50, 63, 65, 66, 69, 79]
Bonus: 17
Mean: 38.15
Std_dev: 21.93117223929158
Variance: 480.9763157894737
Median: 37.0
Avg Distance: 4.105263157894737
2019-03-13 2479034
Spots:
[4, 8, 18, 23, 25, 27, 33, 34, 37, 43, 45, 51, 54, 56, 58, 59, 69, 73, 75, 80]
Bonus: 51
Mean: 43.6
Std_dev: 22.205736575085844
Variance: 493.09473684210525
Median: 44.0
Avg Distance: 4.0
2019-03-13 2479035
Spots:
[3, 10, 13, 14, 16, 22, 23, 31, 32, 33, 35, 39, 40, 48, 58, 61, 64, 68, 72, 78]
Bonus: 58
Mean: 38
Std_dev: 22.548193999333492
Variance: 508.42105263157896
Median: 34.0
Avg Distance: 3.9473684210526314
2019-03-13 2479036
Spots:
[4, 8, 9, 13, 14, 21, 23, 27, 31, 32, 36, 47, 48, 54, 55, 60, 63, 71, 75, 76]
Bonus: 54
Mean: 38.35
Std_dev: 23.571336295103045
Variance: 555.6078947368421
Median: 34.0
Avg Distance: 3.789473684210526
2019-03-13 2479037
Spots:
[2, 3, 9, 15, 21, 22, 36, 38, 41, 44, 49, 54, 55, 59, 63, 67, 68, 69, 73, 79]
Bonus: 67
Mean: 43.35
Std_dev: 24.33597077751801
Variance: 592.2394736842106
Median: 46.5
Avg Distance: 4.052631578947368
2019-03-13 2479038
Spots:
[4, 6, 11, 18, 22, 27, 30, 31, 36, 44, 45, 53, 58, 62, 64, 67, 71, 73, 78, 79]
Bonus: 6
Mean: 43.95
Std_dev: 24.594554382284667
Variance: 604.8921052631579
Median: 44.5
Avg Distance: 3.9473684210526314
2019-03-13 2479039
Spots:
[2, 4, 10, 25, 26, 27, 33, 37, 45, 46, 47, 50, 55, 62, 66, 69, 70, 73, 74, 76]
Bonus: 10
Mean: 44.85
Std_dev: 23.724903637982997
Variance: 562.8710526315789
Median: 46.5
Avg Distance: 3.8947368421052633
2019-03-13 2479040
Spots:
[2, 4, 6, 16, 20, 23, 24, 28, 30, 39, 42, 43, 46, 50, 56, 57, 61, 65, 68, 77]
Bonus: 23
Mean: 37.85
Std_dev: 22.340133816684457
Variance: 499.0815789473684
Median: 40.5
Avg Distance: 3.9473684210526314
2019-03-13 2479041
Spots:
[3, 4, 11, 15, 23, 24, 31, 36, 39, 42, 46, 50, 55, 61, 64, 67, 72, 73, 79, 80]
Bonus: 36
Mean: 43.75
Std_dev: 24.96075867605411
Variance: 623.0394736842105
Median: 44.0
Avg Distance: 4.052631578947368
2019-03-13 2479042
Spots:
[8, 9, 10, 12, 13, 22, 26, 32, 33, 38, 40, 46, 48, 55, 56, 62, 69, 71, 73, 77]
Bonus: 10
Mean: 40
Std_dev: 23.350870602500816
Variance: 545.2631578947369
Median: 39.0
Avg Distance: 3.6315789473684212
2019-03-13 2479043
Spots:
[5, 7, 12, 17, 18, 26, 27, 28, 31, 35, 36, 39, 45, 49, 53, 54, 61, 65, 66, 76]
Bonus: 27
Mean: 37.5
Std_dev: 20.681799779160013
Variance: 427.7368421052632
Median: 35.5
Avg Distance: 3.736842105263158
2019-03-13 2479044
Spots:
[2, 4, 11, 12, 16, 17, 18, 20, 22, 33, 38, 39, 48, 49, 54, 60, 62, 72, 74, 76]
Bonus: 33
Mean: 36.35
Std_dev: 24.24279599994062
Variance: 587.7131578947368
Median: 35.5
Avg Distance: 3.8947368421052633
2019-03-13 2479045
Spots:
[2, 4, 12, 13, 15, 19, 24, 30, 33, 37, 40, 42, 44, 45, 49, 50, 59, 60, 63, 69]
Bonus: 42
Mean: 35.5
Std_dev: 20.111531125464474
Variance: 404.4736842105263
Median: 38.5
Avg Distance: 3.526315789473684
2019-03-13 2479046
Spots:
[3, 12, 13, 14, 18, 19, 20, 38, 43, 44, 46, 48, 51, 53, 55, 57, 59, 63, 79, 80]
Bonus: 80
Mean: 40.75
Std_dev: 22.729241541517208
Variance: 516.6184210526316
Median: 45.0
Avg Distance: 4.052631578947368
2019-03-13 2479047
Spots:
[1, 5, 6, 14, 18, 24, 34, 39, 40, 41, 44, 46, 47, 48, 52, 67, 71, 74, 75, 77]
Bonus: 24
Mean: 41.15
Std_dev: 24.147082203599016
Variance: 583.0815789473684
Median: 42.5
Avg Distance: 4.0
2019-03-13 2479048
Spots:
[1, 7, 11, 12, 15, 18, 19, 23, 26, 34, 36, 44, 47, 50, 56, 57, 66, 68, 74, 75]
Bonus: 19
Mean: 36.95
Std_dev: 23.716472179301434
Variance: 562.4710526315789
Median: 35.0
Avg Distance: 3.8947368421052633
2019-03-13 2479049
Spots:
[2, 3, 5, 12, 19, 21, 25, 26, 30, 34, 37, 38, 39, 47, 48, 51, 54, 66, 68, 78]
Bonus: 26
Mean: 35.15
Std_dev: 21.834967127836126
Variance: 476.7657894736842
Median: 35.5
Avg Distance: 4.0
2019-03-13 2479050
Spots:
[2, 9, 11, 18, 22, 25, 28, 31, 34, 44, 45, 47, 51, 52, 54, 57, 59, 61, 63, 70]
Bonus: 18
Mean: 39.15
Std_dev: 19.995460011028293
Variance: 399.8184210526316
Median: 44.5
Avg Distance: 3.5789473684210527
2019-03-13 2479051
Spots:
[2, 4, 6, 8, 11, 12, 22, 26, 38, 41, 42, 57, 58, 60, 66, 68, 69, 71, 76, 77]
Bonus: 66
Mean: 40.7
Std_dev: 27.14890712155347
Variance: 737.0631578947368
Median: 41.5
Avg Distance: 3.9473684210526314
2019-03-13 2479052
Spots:
[1, 5, 6, 8, 10, 11, 18, 19, 25, 27, 31, 37, 40, 48, 52, 67, 70, 72, 73, 76]
Bonus: 70
Mean: 34.8
Std_dev: 25.936359359827378
Variance: 672.6947368421053
Median: 29.0
Avg Distance: 3.9473684210526314
2019-03-13 2479053
Spots:
[1, 5, 6, 9, 15, 19, 21, 27, 28, 33, 46, 47, 48, 52, 59, 60, 64, 65, 68, 75]
Bonus: 46
Mean: 37.4
Std_dev: 23.82038048217932
Variance: 567.4105263157895
Median: 39.5
Avg Distance: 3.8947368421052633
2019-03-13 2479054
Spots:
[10, 15, 16, 23, 26, 27, 28, 30, 41, 43, 44, 45, 48, 52, 57, 63, 64, 65, 71, 75]
Bonus: 15
Mean: 42.15
Std_dev: 19.695778334722554
Variance: 387.92368421052635
Median: 43.5
Avg Distance: 3.4210526315789473
2019-03-13 2479055
Spots:
[11, 15, 16, 17, 18, 19, 23, 27, 30, 31, 45, 48, 60, 66, 69, 70, 71, 74, 76, 78]
Bonus: 69
Mean: 43.2
Std_dev: 24.807893480651845
Variance: 615.4315789473684
Median: 38.0
Avg Distance: 3.526315789473684
2019-03-13 2479056
Spots:
[7, 11, 16, 17, 18, 32, 33, 35, 39, 40, 45, 46, 47, 58, 60, 66, 70, 72, 77, 78]
Bonus: 32
Mean: 43.35
Std_dev: 22.57216497323523
Variance: 509.5026315789474
Median: 42.5
Avg Distance: 3.736842105263158
2019-03-13 2479057
Spots:
[1, 6, 10, 11, 20, 23, 26, 27, 28, 33, 36, 44, 48, 49, 50, 52, 67, 71, 72, 77]
Bonus: 28
Mean: 37.55
Std_dev: 22.99765434263151
Variance: 528.8921052631579
Median: 34.5
Avg Distance: 4.0
2019-03-13 2479058
Spots:
[4, 9, 10, 17, 18, 22, 27, 28, 31, 34, 44, 54, 55, 64, 70, 71, 75, 77, 78, 80]
Bonus: 4
Mean: 43.4
Std_dev: 26.362653009213822
Variance: 694.9894736842106
Median: 39.0
Avg Distance: 4.0
2019-03-13 2479059
Spots:
[12, 14, 15, 17, 18, 20, 29, 32, 33, 34, 41, 42, 45, 46, 52, 55, 58, 69, 74, 77]
Bonus: 32
Mean: 39.15
Std_dev: 20.36321502896312
Variance: 414.66052631578947
Median: 37.5
Avg Distance: 3.4210526315789473
2019-03-13 2479060
Spots:
[5, 7, 11, 13, 15, 17, 20, 23, 36, 37, 41, 45, 48, 55, 65, 67, 68, 69, 72, 77]
Bonus: 72
Mean: 39.55
Std_dev: 24.53241679256674
Variance: 601.8394736842106
Median: 39.0
Avg Distance: 3.789473684210526
2019-03-13 2479061
Spots:
[4, 5, 11, 14, 15, 27, 30, 31, 32, 39, 46, 49, 51, 58, 64, 65, 72, 75, 77, 79]
Bonus: 65
Mean: 42.2
Std_dev: 25.008630089378514
Variance: 625.4315789473684
Median: 42.5
Avg Distance: 3.9473684210526314
2019-03-13 2479062
Spots:
[2, 6, 12, 13, 15, 26, 33, 35, 41, 42, 50, 51, 54, 56, 59, 62, 67, 70, 73, 77]
Bonus: 13
Mean: 42.2
Std_dev: 23.531837336278116
Variance: 553.7473684210527
Median: 46.0
Avg Distance: 3.9473684210526314
2019-03-13 2479063
Spots:
[2, 9, 12, 18, 20, 28, 30, 33, 35, 43, 55, 56, 59, 62, 63, 64, 70, 72, 73, 79]
Bonus: 9
Mean: 44.15
Std_dev: 24.083790137111333
Variance: 580.0289473684211
Median: 49.0
Avg Distance: 4.052631578947368
2019-03-13 2479064
Spots:
[3, 6, 8, 9, 12, 14, 22, 25, 33, 48, 49, 57, 58, 59, 60, 65, 68, 72, 74, 78]
Bonus: 74
Mean: 41
Std_dev: 26.257830912139838
Variance: 689.4736842105264
Median: 48.5
Avg Distance: 3.9473684210526314
2019-03-13 2479065
Spots:
[1, 3, 11, 13, 16, 17, 23, 24, 25, 27, 33, 35, 48, 54, 57, 59, 64, 69, 70, 73]
Bonus: 33
Mean: 36.1
Std_dev: 23.608428468173017
Variance: 557.3578947368421
Median: 30.0
Avg Distance: 3.789473684210526
2019-03-13 2479066
Spots:
[3, 5, 8, 10, 19, 22, 25, 31, 34, 36, 40, 41, 48, 49, 51, 55, 62, 64, 72, 76]
Bonus: 55
Mean: 37.55
Std_dev: 22.234338071408473
Variance: 494.36578947368423
Median: 38.0
Avg Distance: 3.8421052631578947
2019-03-13 2479067
Spots:
[3, 5, 7, 9, 10, 11, 17, 25, 37, 49, 50, 52, 58, 60, 65, 69, 70, 74, 79, 80]
Bonus: 58
Mean: 41.5
Std_dev: 27.90491373443602
Variance: 778.6842105263158
Median: 49.5
Avg Distance: 4.052631578947368
2019-03-13 2479068
Spots:
[9, 11, 13, 16, 20, 22, 24, 32, 33, 34, 35, 37, 42, 45, 48, 49, 61, 62, 66, 79]
Bonus: 34
Mean: 36.9
Std_dev: 19.700120224052068
Variance: 388.09473684210525
Median: 34.5
Avg Distance: 3.6842105263157894
2019-03-13 2479069
Spots:
[11, 13, 15, 20, 21, 26, 32, 33, 35, 39, 41, 44, 47, 48, 52, 56, 58, 61, 62, 74]
Bonus: 15
Mean: 39.4
Std_dev: 18.091579896678308
Variance: 327.30526315789473
Median: 40.0
Avg Distance: 3.3157894736842106
2019-03-13 2479070
Spots:
[3, 6, 13, 14, 15, 25, 32, 33, 35, 39, 42, 43, 48, 55, 61, 64, 66, 71, 73, 74]
Bonus: 64
Mean: 40.6
Std_dev: 23.070601023357572
Variance: 532.2526315789474
Median: 40.5
Avg Distance: 3.736842105263158
2019-03-13 2479071
Spots:
[1, 2, 10, 12, 16, 32, 34, 36, 37, 38, 42, 43, 50, 54, 56, 58, 59, 73, 77, 80]
Bonus: 54
Mean: 40.5
Std_dev: 23.68321635340321
Variance: 560.8947368421053
Median: 40.0
Avg Distance: 4.157894736842105
2019-03-13 2479072
Spots:
[2, 3, 4, 5, 12, 15, 19, 23, 24, 26, 28, 48, 57, 58, 61, 65, 70, 73, 76, 80]
Bonus: 76
Mean: 37.45
Std_dev: 27.68901549256254
Variance: 766.6815789473684
Median: 27.0
Avg Distance: 4.105263157894737
2019-03-13 2479073
Spots:
[9, 10, 12, 15, 21, 22, 26, 35, 36, 38, 43, 53, 55, 58, 59, 61, 70, 72, 77, 80]
Bonus: 77
Mean: 42.6
Std_dev: 23.488855140033404
Variance: 551.7263157894737
Median: 40.5
Avg Distance: 3.736842105263158
2019-03-13 2479074
Spots:
[3, 4, 5, 11, 24, 28, 31, 38, 39, 40, 41, 42, 51, 52, 59, 64, 69, 75, 76, 79]
Bonus: 31
Mean: 41.55
Std_dev: 24.342890456752947
Variance: 592.5763157894737
Median: 40.5
Avg Distance: 4.0
2019-03-13 2479075
Spots:
[3, 7, 11, 13, 16, 25, 31, 33, 34, 35, 39, 41, 44, 45, 61, 63, 67, 68, 73, 75]
Bonus: 11
Mean: 39.2
Std_dev: 22.76562505644258
Variance: 518.2736842105263
Median: 37.0
Avg Distance: 3.789473684210526
2019-03-13 2479076
Spots:
[4, 10, 11, 14, 16, 19, 21, 22, 25, 30, 34, 35, 46, 47, 51, 52, 53, 55, 69, 74]
Bonus: 14
Mean: 34.4
Std_dev: 20.4100078650801
Variance: 416.5684210526316
Median: 32.0
Avg Distance: 3.6842105263157894
2019-03-13 2479077
Spots:
[2, 11, 13, 18, 20, 23, 28, 31, 38, 40, 54, 56, 57, 58, 59, 60, 65, 70, 72, 78]
Bonus: 11
Mean: 42.65
Std_dev: 23.049774516536118
Variance: 531.2921052631579
Median: 47.0
Avg Distance: 4.0
2019-03-13 2479078
Spots:
[7, 12, 13, 17, 20, 22, 23, 25, 26, 31, 38, 41, 45, 55, 58, 69, 71, 73, 75, 76]
Bonus: 75
Mean: 39.85
Std_dev: 23.660482265850618
Variance: 559.8184210526316
Median: 34.5
Avg Distance: 3.6315789473684212
2019-03-13 2479079
Spots:
[7, 8, 10, 12, 14, 29, 34, 35, 37, 39, 42, 50, 53, 55, 59, 64, 69, 72, 75, 80]
Bonus: 29
Mean: 42.2
Std_dev: 23.723406163533937
Variance: 562.8
Median: 40.5
Avg Distance: 3.8421052631578947
2019-03-13 2479080
Spots:
[5, 8, 13, 14, 15, 18, 20, 21, 25, 26, 28, 29, 32, 34, 37, 47, 66, 76, 77, 79]
Bonus: 34
Mean: 33.5
Std_dev: 23.379027938911854
Variance: 546.578947368421
Median: 27.0
Avg Distance: 3.8947368421052633
2019-03-13 2479081
Spots:
[21, 23, 25, 28, 32, 41, 44, 45, 46, 50, 51, 53, 55, 57, 63, 66, 69, 72, 79, 80]
Bonus: 55
Mean: 50
Std_dev: 18.14560987938231
Variance: 329.2631578947368
Median: 50.5
Avg Distance: 3.1052631578947367
2019-03-13 2479082
Spots:
[1, 8, 11, 12, 13, 17, 18, 24, 25, 27, 28, 34, 35, 41, 42, 47, 48, 73, 76, 80]
Bonus: 42
Mean: 33
Std_dev: 22.815045820455275
Variance: 520.5263157894736
Median: 27.5
Avg Distance: 4.157894736842105
2019-03-13 2479083
Spots:
[1, 2, 3, 6, 11, 16, 18, 19, 24, 32, 36, 55, 58, 59, 61, 71, 72, 74, 76, 77]
Bonus: 6
Mean: 38.55
Std_dev: 28.361343224073224
Variance: 804.3657894736842
Median: 34.0
Avg Distance: 4.0
2019-03-13 2479084
Spots:
[3, 19, 20, 26, 27, 28, 29, 30, 38, 39, 40, 42, 46, 49, 51, 56, 57, 74, 78, 79]
Bonus: 46
Mean: 41.55
Std_dev: 20.26787709912568
Variance: 410.7868421052632
Median: 39.5
Avg Distance: 4.0
2019-03-13 2479085
Spots:
[7, 13, 14, 15, 22, 34, 40, 46, 50, 55, 56, 58, 68, 69, 70, 73, 74, 76, 77, 79]
Bonus: 79
Mean: 49.8
Std_dev: 24.554129248619155
Variance: 602.9052631578948
Median: 55.5
Avg Distance: 3.789473684210526
2019-03-13 2479086
Spots:
[1, 4, 7, 8, 18, 20, 23, 30, 33, 36, 41, 49, 52, 53, 56, 57, 61, 70, 71, 80]
Bonus: 23
Mean: 38.5
Std_dev: 24.13231072758329
Variance: 582.3684210526316
Median: 38.5
Avg Distance: 4.157894736842105
2019-03-13 2479087
Spots:
[3, 4, 9, 12, 13, 14, 15, 29, 40, 43, 47, 48, 52, 53, 56, 66, 69, 74, 76, 77]
Bonus: 76
Mean: 40
Std_dev: 25.741631240994973
Variance: 662.6315789473684
Median: 45.0
Avg Distance: 3.8947368421052633
2019-03-13 2479088
Spots:
[3, 5, 9, 10, 14, 16, 17, 26, 29, 31, 35, 36, 43, 44, 47, 48, 59, 60, 62, 78]
Bonus: 29
Mean: 33.6
Std_dev: 21.377312124872258
Variance: 456.9894736842105
Median: 33.0
Avg Distance: 3.9473684210526314
2019-03-13 2479089
Spots:
[11, 12, 14, 15, 23, 28, 29, 33, 38, 42, 44, 50, 52, 55, 57, 59, 66, 68, 69, 78]
Bonus: 12
Mean: 42.15
Std_dev: 20.93165570437073
Variance: 438.13421052631577
Median: 43.0
Avg Distance: 3.526315789473684
2019-03-13 2479090
Spots:
[5, 8, 16, 25, 29, 35, 37, 39, 40, 45, 47, 53, 56, 57, 60, 63, 70, 73, 76, 78]
Bonus: 45
Mean: 45.6
Std_dev: 21.794253226119277
Variance: 474.9894736842105
Median: 46.0
Avg Distance: 3.8421052631578947
2019-03-13 2479091
Spots:
[3, 4, 11, 13, 17, 19, 22, 29, 34, 37, 39, 44, 47, 53, 54, 59, 61, 74, 76, 78]
Bonus: 39
Mean: 38.7
Std_dev: 23.830762957947755
Variance: 567.9052631578948
Median: 38.0
Avg Distance: 3.9473684210526314
2019-03-13 2479092
Spots:
[1, 2, 8, 11, 14, 15, 20, 24, 31, 40, 45, 52, 60, 62, 63, 65, 69, 73, 75, 80]
Bonus: 69
Mean: 40.5
Std_dev: 26.974646966130408
Variance: 727.6315789473684
Median: 42.5
Avg Distance: 4.157894736842105
2019-03-13 2479093
Spots:
[5, 6, 15, 17, 18, 20, 36, 37, 42, 44, 48, 49, 53, 56, 61, 67, 71, 73, 75, 77]
Bonus: 67
Mean: 43.5
Std_dev: 23.623137631968948
Variance: 558.0526315789474
Median: 46.0
Avg Distance: 3.789473684210526
2019-03-13 2479094
Spots:
[4, 11, 20, 24, 28, 30, 40, 44, 48, 52, 53, 61, 62, 63, 65, 70, 71, 74, 78, 80]
Bonus: 44
Mean: 48.9
Std_dev: 22.925279083418626
Variance: 525.5684210526316
Median: 52.5
Avg Distance: 4.0
2019-03-13 2479095
Spots:
[7, 8, 9, 10, 12, 15, 18, 19, 34, 46, 52, 56, 59, 60, 63, 68, 69, 70, 74, 76]
Bonus: 59
Mean: 41.25
Std_dev: 26.17325875171471
Variance: 685.0394736842105
Median: 49.0
Avg Distance: 3.6315789473684212
2019-03-13 2479096
Spots:
[1, 3, 4, 11, 17, 19, 21, 28, 31, 33, 37, 39, 43, 46, 47, 53, 73, 76, 77, 80]
Bonus: 31
Mean: 36.95
Std_dev: 25.207507235992843
Variance: 635.4184210526315
Median: 35.0
Avg Distance: 4.157894736842105
2019-03-13 2479097
Spots:
[2, 4, 5, 9, 10, 19, 21, 31, 38, 44, 45, 49, 53, 59, 66, 67, 68, 72, 75, 76]
Bonus: 4
Mean: 40.65
Std_dev: 26.248358344656026
Variance: 688.9763157894737
Median: 44.5
Avg Distance: 3.8947368421052633
2019-03-13 2479098
Spots:
[2, 6, 16, 17, 18, 19, 20, 23, 27, 29, 33, 53, 58, 59, 61, 63, 64, 70, 73, 79]
Bonus: 79
Mean: 39.5
Std_dev: 24.669392926629165
Variance: 608.578947368421
Median: 31.0
Avg Distance: 4.052631578947368
2019-03-13 2479099
Spots:
[9, 13, 14, 16, 18, 19, 22, 24, 27, 30, 32, 40, 45, 52, 57, 59, 63, 67, 75, 78]
Bonus: 40
Mean: 38
Std_dev: 22.29703780184359
Variance: 497.1578947368421
Median: 31.0
Avg Distance: 3.6315789473684212
2019-03-13 2479100
Spots:
[1, 2, 7, 8, 11, 12, 15, 23, 26, 32, 34, 36, 39, 50, 58, 59, 60, 63, 70, 74]
Bonus: 58
Mean: 34
Std_dev: 24.039441275580955
Variance: 577.8947368421053
Median: 33.0
Avg Distance: 3.8421052631578947
2019-03-13 2479101
Spots:
[1, 4, 6, 10, 11, 13, 17, 23, 29, 33, 35, 38, 41, 45, 51, 55, 59, 67, 79, 80]
Bonus: 35
Mean: 34.85
Std_dev: 24.615517142861865
Variance: 605.9236842105263
Median: 34.0
Avg Distance: 4.157894736842105
2019-03-13 2479102
Spots:
[2, 6, 10, 14, 18, 22, 24, 25, 37, 40, 41, 42, 44, 54, 56, 63, 67, 70, 72, 79]
Bonus: 6
Mean: 39.3
Std_dev: 23.664541540367722
Variance: 560.0105263157894
Median: 40.5
Avg Distance: 4.052631578947368
2019-03-13 2479103
Spots:
[1, 6, 7, 9, 14, 17, 19, 20, 21, 24, 29, 31, 34, 39, 42, 45, 51, 74, 76, 77]
Bonus: 39
Mean: 31.8
Std_dev: 23.232463675233685
Variance: 539.7473684210527
Median: 26.5
Avg Distance: 4.0
2019-03-13 2479104
Spots:
[5, 6, 7, 8, 12, 22, 30, 32, 36, 41, 44, 47, 50, 52, 55, 59, 66, 73, 77, 78]
Bonus: 52
Mean: 40
Std_dev: 24.339701161509335
Variance: 592.421052631579
Median: 42.5
Avg Distance: 3.8421052631578947
2019-03-13 2479105
Spots:
[3, 8, 11, 12, 22, 37, 44, 45, 46, 51, 54, 56, 57, 63, 65, 68, 74, 77, 79, 80]
Bonus: 74
Mean: 47.6
Std_dev: 24.835034676207343
Variance: 616.7789473684211
Median: 52.5
Avg Distance: 4.052631578947368
2019-03-13 2479106
Spots:
[3, 4, 8, 10, 16, 17, 24, 31, 32, 37, 51, 52, 53, 55, 58, 61, 68, 70, 73, 80]
Bonus: 32
Mean: 40.15
Std_dev: 25.02688028584676
Variance: 626.3447368421052
Median: 44.0
Avg Distance: 4.052631578947368
2019-03-13 2479107
Spots:
[1, 3, 7, 9, 12, 14, 25, 30, 31, 33, 37, 46, 51, 52, 56, 58, 70, 72, 74, 80]
Bonus: 70
Mean: 38.05
Std_dev: 25.494013745232532
Variance: 649.9447368421053
Median: 35.0
Avg Distance: 4.157894736842105
2019-03-13 2479108
Spots:
[1, 2, 10, 17, 20, 21, 22, 26, 28, 31, 47, 51, 53, 56, 57, 61, 62, 66, 70, 73]
Bonus: 70
Mean: 38.7
Std_dev: 23.328545874777085
Variance: 544.2210526315789
Median: 39.0
Avg Distance: 3.789473684210526
2019-03-13 2479109
Spots:
[1, 7, 12, 16, 29, 31, 32, 35, 40, 41, 43, 45, 52, 65, 67, 69, 71, 72, 74, 77]
Bonus: 67
Mean: 43.95
Std_dev: 23.877924180252663
Variance: 570.1552631578948
Median: 42.0
Avg Distance: 4.0
2019-03-13 2479110
Spots:
[2, 5, 9, 16, 17, 19, 20, 25, 28, 29, 30, 32, 36, 39, 50, 58, 59, 61, 64, 66]
Bonus: 20
Mean: 33.25
Std_dev: 20.279299790673246
Variance: 411.25
Median: 29.5
Avg Distance: 3.3684210526315788
2019-03-13 2479111
Spots:
[13, 18, 23, 27, 34, 35, 36, 41, 43, 46, 47, 50, 52, 54, 55, 58, 64, 69, 74, 79]
Bonus: 79
Mean: 45.9
Std_dev: 18.107573292032143
Variance: 327.88421052631577
Median: 46.5
Avg Distance: 3.473684210526316
2019-03-13 2479112
Spots:
[8, 10, 12, 25, 28, 42, 43, 47, 51, 54, 55, 59, 62, 64, 65, 70, 73, 74, 75, 77]
Bonus: 42
Mean: 49.7
Std_dev: 22.45955429093303
Variance: 504.4315789473684
Median: 54.5
Avg Distance: 3.6315789473684212
2019-03-13 2479113
Spots:
[7, 11, 13, 15, 19, 24, 31, 32, 36, 39, 45, 50, 54, 56, 58, 59, 63, 73, 75, 76]
Bonus: 76
Mean: 41.8
Std_dev: 22.336187301280734
Variance: 498.90526315789475
Median: 42.0
Avg Distance: 3.6315789473684212
2019-03-13 2479114
Spots:
[2, 5, 9, 13, 15, 20, 35, 37, 41, 43, 50, 52, 62, 63, 65, 67, 69, 73, 75, 77]
Bonus: 5
Mean: 43.65
Std_dev: 25.439867179395083
Variance: 647.1868421052632
Median: 46.5
Avg Distance: 3.9473684210526314
2019-03-13 2479115
Spots:
[1, 2, 3, 4, 5, 8, 10, 14, 16, 18, 20, 27, 32, 39, 43, 46, 49, 50, 66, 69]
Bonus: 10
Mean: 26.1
Std_dev: 21.797875318962916
Variance: 475.14736842105265
Median: 19.0
Avg Distance: 3.5789473684210527
2019-03-13 2479116
Spots:
[3, 7, 27, 30, 31, 32, 38, 40, 41, 45, 47, 53, 56, 57, 64, 66, 75, 77, 78, 80]
Bonus: 75
Mean: 47.35
Std_dev: 22.330708146312546
Variance: 498.66052631578947
Median: 46.0
Avg Distance: 4.052631578947368
2019-03-13 2479117
Spots:
[2, 6, 7, 14, 19, 28, 30, 33, 38, 44, 52, 53, 56, 58, 64, 68, 70, 75, 76, 78]
Bonus: 70
Mean: 43.55
Std_dev: 25.11547017487953
Variance: 630.7868421052632
Median: 48.0
Avg Distance: 4.0
2019-03-13 2479118
Spots:
[2, 3, 4, 8, 17, 20, 22, 27, 28, 31, 37, 42, 45, 59, 62, 65, 67, 69, 71, 76]
Bonus: 45
Mean: 37.75
Std_dev: 25.14562847850392
Variance: 632.3026315789474
Median: 34.0
Avg Distance: 3.8947368421052633
2019-03-13 2479119
Spots:
[7, 9, 14, 15, 18, 20, 37, 38, 40, 47, 55, 56, 60, 61, 64, 70, 75, 77, 78, 80]
Bonus: 55
Mean: 46.05
Std_dev: 25.13222925584639
Variance: 631.6289473684211
Median: 51.0
Avg Distance: 3.8421052631578947
2019-03-13 2479120
Spots:
[1, 9, 10, 12, 14, 19, 27, 28, 37, 41, 43, 48, 50, 56, 61, 68, 69, 71, 76, 78]
Bonus: 10
Mean: 40.9
Std_dev: 24.905928273362846
Variance: 620.3052631578947
Median: 42.0
Avg Distance: 4.052631578947368
2019-03-13 2479121
Spots:
[1, 5, 6, 7, 8, 12, 19, 25, 28, 29, 32, 33, 46, 47, 50, 52, 57, 62, 65, 69]
Bonus: 28
Mean: 32.65
Std_dev: 22.160360532883224
Variance: 491.0815789473684
Median: 30.5
Avg Distance: 3.5789473684210527
2019-03-13 2479122
Spots:
[1, 5, 10, 15, 20, 22, 23, 25, 28, 30, 35, 37, 42, 48, 49, 54, 64, 70, 71, 80]
Bonus: 22
Mean: 36.45
Std_dev: 22.84610988422548
Variance: 521.9447368421053
Median: 32.5
Avg Distance: 4.157894736842105
2019-03-13 2479123
Spots:
[1, 4, 17, 21, 22, 31, 35, 38, 44, 46, 50, 51, 55, 56, 60, 64, 68, 69, 70, 79]
Bonus: 17
Mean: 44.05
Std_dev: 22.465119161655217
Variance: 504.68157894736845
Median: 48.0
Avg Distance: 4.105263157894737
2019-03-13 2479124
Spots:
[5, 6, 8, 14, 20, 22, 23, 26, 28, 32, 36, 41, 44, 45, 53, 59, 64, 72, 75, 80]
Bonus: 8
Mean: 37.65
Std_dev: 23.396524708192295
Variance: 547.3973684210526
Median: 34.0
Avg Distance: 3.9473684210526314
2019-03-13 2479125
Spots:
[4, 31, 34, 35, 36, 43, 45, 49, 50, 53, 54, 62, 65, 66, 67, 68, 69, 72, 75, 79]
Bonus: 69
Mean: 52.85
Std_dev: 18.694989477904162
Variance: 349.5026315789474
Median: 53.5
Avg Distance: 3.9473684210526314
2019-03-13 2479126
Spots:
[2, 4, 18, 22, 23, 27, 29, 31, 33, 39, 49, 51, 52, 53, 58, 62, 64, 65, 66, 72]
Bonus: 4
Mean: 41
Std_dev: 21.103753719483922
Variance: 445.36842105263156
Median: 44.0
Avg Distance: 3.6842105263157894
2019-03-13 2479127
Spots:
[1, 2, 4, 5, 7, 15, 27, 38, 47, 50, 54, 56, 59, 63, 67, 68, 69, 73, 76, 78]
Bonus: 7
Mean: 42.95
Std_dev: 27.978328079162686
Variance: 782.7868421052632
Median: 52.0
Avg Distance: 4.052631578947368
2019-03-13 2479128
Spots:
[3, 4, 12, 16, 21, 32, 34, 35, 36, 42, 46, 51, 54, 55, 65, 67, 73, 76, 77, 78]
Bonus: 55
Mean: 43.85
Std_dev: 24.45678250560191
Variance: 598.1342105263158
Median: 44.0
Avg Distance: 3.9473684210526314
2019-03-13 2479129
Spots:
[2, 6, 11, 12, 22, 24, 30, 36, 40, 41, 42, 44, 56, 60, 61, 63, 66, 67, 72, 76]
Bonus: 40
Mean: 41.55
Std_dev: 23.220850430956272
Variance: 539.2078947368421
Median: 41.5
Avg Distance: 3.8947368421052633
2019-03-13 2479130
Spots:
[2, 4, 8, 12, 21, 22, 28, 31, 33, 39, 43, 46, 52, 54, 59, 60, 67, 70, 79, 80]
Bonus: 80
Mean: 40.5
Std_dev: 24.493823066664227
Variance: 599.9473684210526
Median: 41.0
Avg Distance: 4.105263157894737
2019-03-13 2479131
Spots:
[5, 6, 9, 13, 16, 18, 21, 27, 32, 42, 43, 44, 50, 52, 54, 55, 63, 64, 68, 74]
Bonus: 74
Mean: 37.8
Std_dev: 22.20384035061929
Variance: 493.0105263157895
Median: 42.5
Avg Distance: 3.6315789473684212
2019-03-13 2479132
Spots:
[2, 3, 7, 11, 13, 16, 27, 28, 32, 39, 41, 45, 49, 51, 52, 62, 64, 70, 71, 73]
Bonus: 7
Mean: 37.8
Std_dev: 23.74336472408771
Variance: 563.7473684210527
Median: 40.0
Avg Distance: 3.736842105263158
2019-03-13 2479133
Spots:
[2, 3, 8, 14, 16, 21, 26, 35, 37, 40, 42, 46, 47, 48, 56, 58, 60, 65, 74, 80]
Bonus: 8
Mean: 38.9
Std_dev: 23.13552747570168
Variance: 535.2526315789473
Median: 41.0
Avg Distance: 4.105263157894737
2019-03-13 2479134
Spots:
[4, 13, 15, 20, 26, 27, 28, 32, 40, 43, 45, 49, 52, 53, 54, 67, 70, 74, 76, 77]
Bonus: 13
Mean: 43.25
Std_dev: 22.34390297150433
Variance: 499.25
Median: 44.0
Avg Distance: 3.8421052631578947
2019-03-13 2479135
Spots:
[7, 13, 15, 26, 31, 36, 38, 39, 41, 43, 46, 49, 57, 59, 61, 63, 67, 70, 75, 79]
Bonus: 75
Mean: 45.75
Std_dev: 20.77669494004229
Variance: 431.67105263157896
Median: 44.5
Avg Distance: 3.789473684210526
