2019-03-17 2480036
Spots:
[3, 4, 5, 16, 19, 24, 27, 33, 36, 37, 39, 44, 46, 50, 52, 54, 55, 57, 63, 70]
Bonus: 52
Mean: 36.7
Std_dev: 20.031816797548004
Variance: 401.2736842105263
Median: 38.0
Avg Distance: 3.526315789473684
2019-03-17 2480037
Spots:
[1, 3, 6, 7, 8, 12, 13, 17, 18, 32, 36, 37, 50, 52, 57, 63, 65, 72, 75, 78]
Bonus: 3
Mean: 35.1
Std_dev: 26.826734505163433
Variance: 719.6736842105263
Median: 34.0
Avg Distance: 4.052631578947368
2019-03-17 2480038
Spots:
[3, 4, 7, 11, 18, 25, 31, 34, 35, 37, 44, 47, 49, 50, 52, 68, 69, 72, 78, 80]
Bonus: 78
Mean: 40.7
Std_dev: 24.632242456200625
Variance: 606.7473684210527
Median: 40.5
Avg Distance: 4.052631578947368
2019-03-17 2480039
Spots:
[1, 2, 11, 22, 30, 32, 33, 36, 37, 39, 42, 43, 44, 45, 47, 58, 59, 67, 69, 73]
Bonus: 58
Mean: 39.5
Std_dev: 20.27573089084324
Variance: 411.10526315789474
Median: 40.5
Avg Distance: 3.789473684210526
2019-03-17 2480040
Spots:
[2, 5, 12, 17, 18, 22, 23, 28, 33, 34, 38, 43, 44, 48, 54, 61, 66, 70, 76, 79]
Bonus: 5
Mean: 38.65
Std_dev: 23.38977509398858
Variance: 547.0815789473684
Median: 36.0
Avg Distance: 4.052631578947368
2019-03-17 2480041
Spots:
[3, 10, 14, 16, 20, 21, 22, 27, 29, 46, 48, 57, 58, 59, 62, 66, 67, 75, 79, 80]
Bonus: 66
Mean: 42.95
Std_dev: 25.163622448622977
Variance: 633.2078947368421
Median: 47.0
Avg Distance: 4.052631578947368
2019-03-17 2480042
Spots:
[8, 9, 14, 18, 20, 21, 22, 27, 28, 40, 51, 52, 57, 60, 63, 65, 67, 72, 73, 77]
Bonus: 9
Mean: 42.2
Std_dev: 23.80313999631583
Variance: 566.5894736842105
Median: 45.5
Avg Distance: 3.6315789473684212
2019-03-17 2480043
Spots:
[6, 8, 13, 18, 22, 24, 32, 36, 38, 39, 40, 42, 48, 51, 53, 59, 66, 68, 77, 80]
Bonus: 24
Mean: 41
Std_dev: 21.988035023860732
Variance: 483.4736842105263
Median: 39.5
Avg Distance: 3.8947368421052633
2019-03-17 2480044
Spots:
[1, 2, 7, 13, 15, 25, 28, 31, 34, 36, 37, 43, 45, 47, 48, 49, 53, 61, 64, 78]
Bonus: 45
Mean: 35.85
Std_dev: 21.06699838735057
Variance: 443.81842105263155
Median: 36.5
Avg Distance: 4.052631578947368
2019-03-17 2480045
Spots:
[1, 2, 15, 26, 27, 28, 29, 32, 33, 44, 46, 57, 59, 60, 62, 67, 70, 75, 77, 80]
Bonus: 44
Mean: 44.5
Std_dev: 24.42712038956528
Variance: 596.6842105263158
Median: 45.0
Avg Distance: 4.157894736842105
2019-03-17 2480046
Spots:
[1, 3, 5, 8, 9, 15, 20, 26, 28, 29, 30, 32, 44, 46, 47, 52, 57, 64, 73, 80]
Bonus: 52
Mean: 33.45
Std_dev: 23.720910162710208
Variance: 562.6815789473684
Median: 29.5
Avg Distance: 4.157894736842105
2019-03-17 2480047
Spots:
[2, 5, 12, 23, 24, 25, 39, 41, 42, 46, 47, 48, 50, 60, 61, 64, 66, 67, 70, 74]
Bonus: 60
Mean: 43.3
Std_dev: 21.930752261079466
Variance: 480.9578947368421
Median: 46.5
Avg Distance: 3.789473684210526
2019-03-17 2480048
Spots:
[1, 3, 6, 10, 14, 16, 24, 27, 30, 34, 39, 40, 49, 54, 56, 57, 60, 64, 77, 78]
Bonus: 10
Mean: 36.95
Std_dev: 24.262761156706144
Variance: 588.6815789473684
Median: 36.5
Avg Distance: 4.052631578947368
2019-03-17 2480049
Spots:
[4, 6, 9, 11, 12, 16, 22, 24, 36, 42, 43, 44, 52, 57, 59, 60, 61, 67, 70, 78]
Bonus: 43
Mean: 38.65
Std_dev: 23.963294299495022
Variance: 574.2394736842106
Median: 42.5
Avg Distance: 3.8947368421052633
2019-03-17 2480050
Spots:
[3, 4, 11, 13, 20, 21, 26, 30, 40, 41, 44, 46, 48, 55, 59, 65, 67, 72, 74, 76]
Bonus: 46
Mean: 40.75
Std_dev: 23.856754532880313
Variance: 569.1447368421053
Median: 42.5
Avg Distance: 3.8421052631578947
2019-03-17 2480051
Spots:
[2, 5, 12, 18, 19, 22, 28, 34, 44, 52, 57, 59, 61, 62, 63, 64, 66, 73, 76, 80]
Bonus: 44
Mean: 44.85
Std_dev: 25.039495118501765
Variance: 626.9763157894737
Median: 54.5
Avg Distance: 4.105263157894737
2019-03-17 2480052
Spots:
[2, 3, 8, 9, 15, 16, 17, 20, 25, 27, 28, 29, 37, 41, 50, 55, 60, 63, 65, 66]
Bonus: 17
Mean: 31.8
Std_dev: 21.529905761643807
Variance: 463.5368421052632
Median: 27.5
Avg Distance: 3.3684210526315788
2019-03-17 2480053
Spots:
[7, 10, 11, 15, 22, 29, 31, 32, 34, 40, 42, 43, 46, 58, 60, 66, 68, 71, 72, 74]
Bonus: 68
Mean: 41.55
Std_dev: 22.250901814959036
Variance: 495.10263157894735
Median: 41.0
Avg Distance: 3.526315789473684
2019-03-17 2480054
Spots:
[6, 7, 9, 13, 19, 25, 32, 35, 52, 55, 57, 58, 60, 62, 64, 67, 72, 73, 76, 77]
Bonus: 72
Mean: 45.95
Std_dev: 25.058825527987246
Variance: 627.9447368421053
Median: 56.0
Avg Distance: 3.736842105263158
2019-03-17 2480055
Spots:
[1, 4, 6, 13, 15, 18, 23, 27, 30, 31, 33, 37, 39, 42, 48, 58, 62, 70, 71, 80]
Bonus: 23
Mean: 35.4
Std_dev: 23.42153754672463
Variance: 548.5684210526316
Median: 32.0
Avg Distance: 4.157894736842105
2019-03-17 2480056
Spots:
[4, 5, 17, 20, 22, 25, 32, 35, 36, 39, 46, 53, 54, 56, 57, 59, 69, 71, 74, 79]
Bonus: 69
Mean: 42.65
Std_dev: 22.653627570551766
Variance: 513.1868421052632
Median: 42.5
Avg Distance: 3.9473684210526314
2019-03-17 2480057
Spots:
[3, 4, 15, 20, 22, 24, 29, 30, 31, 33, 49, 51, 53, 59, 61, 69, 71, 72, 75, 77]
Bonus: 72
Mean: 42.4
Std_dev: 24.169140829186556
Variance: 584.1473684210526
Median: 41.0
Avg Distance: 3.8947368421052633
2019-03-17 2480058
Spots:
[6, 9, 16, 26, 39, 41, 42, 43, 45, 46, 48, 50, 57, 59, 62, 66, 68, 70, 74, 79]
Bonus: 66
Mean: 47.3
Std_dev: 20.817755579514834
Variance: 433.37894736842105
Median: 47.0
Avg Distance: 3.8421052631578947
2019-03-17 2480059
Spots:
[5, 6, 13, 14, 16, 17, 18, 21, 24, 31, 33, 34, 49, 50, 54, 55, 57, 63, 64, 72]
Bonus: 5
Mean: 34.8
Std_dev: 21.321103950879525
Variance: 454.58947368421053
Median: 32.0
Avg Distance: 3.526315789473684
2019-03-17 2480060
Spots:
[8, 15, 22, 30, 31, 39, 40, 41, 42, 46, 54, 57, 59, 60, 64, 71, 72, 75, 77, 79]
Bonus: 22
Mean: 49.1
Std_dev: 21.103504323615123
Variance: 445.3578947368421
Median: 50.0
Avg Distance: 3.736842105263158
2019-03-17 2480061
Spots:
[10, 17, 22, 25, 27, 31, 34, 39, 41, 44, 49, 57, 60, 64, 65, 69, 71, 73, 74, 79]
Bonus: 39
Mean: 47.55
Std_dev: 21.375034626010734
Variance: 456.8921052631579
Median: 46.5
Avg Distance: 3.6315789473684212
2019-03-17 2480062
Spots:
[5, 6, 13, 15, 17, 19, 28, 32, 34, 38, 43, 48, 54, 58, 60, 62, 64, 66, 75, 79]
Bonus: 43
Mean: 40.8
Std_dev: 23.412996840486517
Variance: 548.1684210526316
Median: 40.5
Avg Distance: 3.8947368421052633
2019-03-17 2480063
Spots:
[1, 3, 16, 18, 27, 28, 30, 32, 33, 37, 45, 50, 52, 56, 59, 63, 64, 71, 75, 78]
Bonus: 75
Mean: 41.9
Std_dev: 22.980311939617035
Variance: 528.0947368421052
Median: 41.0
Avg Distance: 4.052631578947368
2019-03-17 2480064
Spots:
[1, 5, 16, 24, 25, 26, 27, 28, 36, 39, 40, 49, 52, 55, 58, 66, 73, 75, 76, 80]
Bonus: 36
Mean: 42.55
Std_dev: 23.90656153047791
Variance: 571.5236842105263
Median: 39.5
Avg Distance: 4.157894736842105
2019-03-17 2480065
Spots:
[6, 8, 10, 11, 20, 26, 30, 33, 34, 35, 40, 45, 46, 50, 56, 60, 61, 71, 72, 79]
Bonus: 11
Mean: 39.65
Std_dev: 22.34720046048392
Variance: 499.39736842105265
Median: 37.5
Avg Distance: 3.8421052631578947
2019-03-17 2480066
Spots:
[3, 7, 8, 10, 14, 16, 19, 21, 37, 40, 44, 46, 55, 57, 59, 61, 64, 75, 79, 80]
Bonus: 21
Mean: 39.75
Std_dev: 25.88817043402358
Variance: 670.1973684210526
Median: 42.0
Avg Distance: 4.052631578947368
2019-03-17 2480067
Spots:
[2, 3, 8, 10, 11, 15, 22, 38, 40, 47, 50, 52, 55, 56, 58, 61, 63, 65, 66, 74]
Bonus: 56
Mean: 39.8
Std_dev: 24.12162166146686
Variance: 581.8526315789474
Median: 48.5
Avg Distance: 3.789473684210526
2019-03-17 2480068
Spots:
[2, 9, 16, 20, 25, 30, 32, 39, 40, 43, 45, 60, 61, 62, 63, 71, 73, 75, 76, 78]
Bonus: 16
Mean: 46
Std_dev: 24.0109624086473
Variance: 576.5263157894736
Median: 44.0
Avg Distance: 4.0
2019-03-17 2480069
Spots:
[1, 8, 14, 17, 22, 30, 31, 32, 38, 41, 43, 50, 54, 62, 63, 66, 67, 70, 73, 76]
Bonus: 70
Mean: 42.9
Std_dev: 23.128701695193858
Variance: 534.9368421052632
Median: 42.0
Avg Distance: 3.9473684210526314
2019-03-17 2480070
Spots:
[2, 4, 5, 7, 13, 14, 15, 18, 24, 25, 29, 41, 46, 47, 49, 54, 56, 58, 62, 74]
Bonus: 14
Mean: 32.15
Std_dev: 22.384851550710994
Variance: 501.0815789473684
Median: 27.0
Avg Distance: 3.789473684210526
2019-03-17 2480071
Spots:
[4, 7, 13, 17, 20, 29, 30, 33, 38, 39, 41, 42, 45, 52, 54, 56, 57, 59, 68, 75]
Bonus: 30
Mean: 38.95
Std_dev: 19.97491848346452
Variance: 398.9973684210526
Median: 40.0
Avg Distance: 3.736842105263158
2019-03-17 2480072
Spots:
[1, 5, 14, 22, 23, 26, 32, 34, 37, 39, 45, 52, 61, 63, 66, 70, 71, 74, 77, 78]
Bonus: 5
Mean: 44.5
Std_dev: 24.688586751563438
Variance: 609.5263157894736
Median: 42.0
Avg Distance: 4.052631578947368
2019-03-17 2480073
Spots:
[2, 6, 8, 9, 19, 26, 27, 28, 29, 30, 31, 40, 49, 59, 61, 62, 63, 65, 68, 69]
Bonus: 30
Mean: 37.55
Std_dev: 22.78382390159622
Variance: 519.1026315789474
Median: 30.5
Avg Distance: 3.526315789473684
2019-03-17 2480074
Spots:
[3, 4, 17, 18, 19, 20, 21, 28, 29, 41, 57, 59, 62, 66, 69, 70, 74, 75, 77, 80]
Bonus: 41
Mean: 44.45
Std_dev: 26.804310336801784
Variance: 718.4710526315789
Median: 49.0
Avg Distance: 4.052631578947368
2019-03-17 2480075
Spots:
[1, 7, 8, 13, 18, 20, 28, 31, 33, 34, 43, 44, 55, 57, 60, 62, 65, 67, 72, 78]
Bonus: 18
Mean: 39.8
Std_dev: 23.84290692273733
Variance: 568.4842105263158
Median: 38.5
Avg Distance: 4.052631578947368
2019-03-17 2480076
Spots:
[2, 3, 4, 8, 11, 13, 16, 19, 32, 33, 41, 44, 49, 51, 53, 54, 60, 63, 70, 77]
Bonus: 51
Mean: 35.15
Std_dev: 24.218903013098977
Variance: 586.5552631578947
Median: 37.0
Avg Distance: 3.9473684210526314
2019-03-17 2480077
Spots:
[4, 5, 8, 9, 10, 13, 20, 24, 25, 35, 40, 51, 54, 55, 60, 69, 70, 71, 79, 80]
Bonus: 51
Mean: 39.1
Std_dev: 26.940284842006054
Variance: 725.7789473684211
Median: 37.5
Avg Distance: 4.0
2019-03-17 2480078
Spots:
[11, 14, 19, 22, 27, 44, 49, 50, 52, 53, 58, 60, 61, 65, 66, 67, 68, 74, 75, 77]
Bonus: 22
Mean: 50.6
Std_dev: 21.07979826129373
Variance: 444.3578947368421
Median: 55.5
Avg Distance: 3.473684210526316
2019-03-17 2480079
Spots:
[3, 4, 5, 8, 14, 16, 23, 26, 29, 38, 39, 43, 44, 51, 55, 56, 59, 64, 66, 72]
Bonus: 59
Mean: 35.75
Std_dev: 22.5712322728687
Variance: 509.4605263157895
Median: 38.5
Avg Distance: 3.6315789473684212
2019-03-17 2480080
Spots:
[2, 3, 12, 16, 17, 18, 24, 27, 37, 38, 40, 41, 43, 45, 51, 52, 58, 67, 72, 80]
Bonus: 17
Mean: 37.15
Std_dev: 22.288243301653097
Variance: 496.7657894736842
Median: 39.0
Avg Distance: 4.105263157894737
2019-03-17 2480081
Spots:
[3, 4, 11, 12, 14, 25, 26, 27, 28, 29, 35, 38, 39, 44, 62, 64, 69, 73, 74, 76]
Bonus: 69
Mean: 37.65
Std_dev: 24.277507458984594
Variance: 589.3973684210526
Median: 32.0
Avg Distance: 3.8421052631578947
2019-03-17 2480082
Spots:
[1, 2, 4, 17, 18, 21, 23, 24, 30, 45, 50, 53, 55, 63, 66, 67, 69, 70, 73, 74]
Bonus: 63
Mean: 41.25
Std_dev: 25.84136830335177
Variance: 667.7763157894736
Median: 47.5
Avg Distance: 3.8421052631578947
2019-03-17 2480083
Spots:
[1, 11, 17, 18, 30, 31, 32, 34, 36, 43, 45, 54, 55, 56, 59, 62, 64, 69, 73, 75]
Bonus: 64
Mean: 43.25
Std_dev: 21.45711757755086
Variance: 460.4078947368421
Median: 44.0
Avg Distance: 3.8947368421052633
2019-03-17 2480084
Spots:
[2, 3, 16, 18, 19, 23, 29, 33, 35, 44, 48, 54, 57, 59, 60, 65, 69, 72, 78, 80]
Bonus: 23
Mean: 43.2
Std_dev: 24.551985663078252
Variance: 602.8
Median: 46.0
Avg Distance: 4.105263157894737
2019-03-17 2480085
Spots:
[1, 4, 8, 9, 14, 19, 23, 40, 43, 53, 60, 61, 65, 68, 69, 71, 73, 74, 76, 79]
Bonus: 1
Mean: 45.5
Std_dev: 27.999060134601887
Variance: 783.9473684210526
Median: 56.5
Avg Distance: 4.105263157894737
2019-03-17 2480086
Spots:
[1, 9, 14, 22, 24, 30, 32, 33, 38, 39, 48, 51, 54, 56, 58, 59, 67, 69, 70, 74]
Bonus: 9
Mean: 42.4
Std_dev: 21.50740386593955
Variance: 462.5684210526316
Median: 43.5
Avg Distance: 3.8421052631578947
2019-03-17 2480087
Spots:
[1, 6, 11, 13, 19, 20, 23, 24, 26, 30, 34, 35, 52, 54, 65, 68, 70, 71, 74, 76]
Bonus: 52
Mean: 38.6
Std_dev: 25.14463425025203
Variance: 632.2526315789473
Median: 32.0
Avg Distance: 3.9473684210526314
2019-03-17 2480088
Spots:
[2, 8, 11, 14, 17, 20, 22, 29, 31, 34, 37, 41, 48, 49, 58, 60, 64, 73, 74, 80]
Bonus: 37
Mean: 38.6
Std_dev: 23.771721368931306
Variance: 565.0947368421052
Median: 35.5
Avg Distance: 4.105263157894737
2019-03-17 2480089
Spots:
[1, 4, 9, 13, 14, 19, 22, 27, 28, 36, 46, 50, 55, 57, 64, 67, 74, 75, 76, 80]
Bonus: 4
Mean: 40.85
Std_dev: 26.650318453711026
Variance: 710.2394736842106
Median: 41.0
Avg Distance: 4.157894736842105
2019-03-17 2480090
Spots:
[4, 8, 10, 15, 25, 28, 39, 40, 41, 48, 49, 52, 57, 59, 61, 64, 73, 75, 78, 79]
Bonus: 39
Mean: 45.25
Std_dev: 23.951431118652994
Variance: 573.671052631579
Median: 48.5
Avg Distance: 3.9473684210526314
2019-03-17 2480091
Spots:
[1, 17, 18, 21, 23, 31, 34, 38, 39, 44, 48, 52, 55, 57, 60, 61, 68, 69, 73, 77]
Bonus: 68
Mean: 44.3
Std_dev: 21.272913343152204
Variance: 452.53684210526313
Median: 46.0
Avg Distance: 4.0
2019-03-17 2480092
Spots:
[5, 9, 14, 15, 20, 24, 33, 35, 36, 37, 47, 53, 57, 59, 62, 65, 68, 74, 77, 78]
Bonus: 47
Mean: 43.4
Std_dev: 23.776149039697213
Variance: 565.3052631578947
Median: 42.0
Avg Distance: 3.8421052631578947
2019-03-17 2480093
Spots:
[2, 4, 5, 14, 15, 17, 18, 19, 26, 27, 28, 41, 43, 45, 56, 59, 62, 66, 67, 70]
Bonus: 17
Mean: 34.2
Std_dev: 22.938361341923088
Variance: 526.1684210526316
Median: 27.5
Avg Distance: 3.5789473684210527
2019-03-17 2480094
Spots:
[1, 3, 12, 14, 16, 21, 33, 34, 46, 50, 51, 52, 61, 62, 63, 64, 66, 70, 74, 80]
Bonus: 16
Mean: 43.65
Std_dev: 24.993209604126267
Variance: 624.6605263157894
Median: 50.5
Avg Distance: 4.157894736842105
2019-03-17 2480095
Spots:
[1, 3, 8, 9, 12, 14, 17, 18, 22, 30, 34, 37, 42, 44, 52, 57, 59, 62, 70, 77]
Bonus: 42
Mean: 33.4
Std_dev: 23.52244169209257
Variance: 553.3052631578947
Median: 32.0
Avg Distance: 4.0
2019-03-17 2480096
Spots:
[2, 5, 6, 7, 22, 23, 28, 30, 33, 37, 40, 46, 51, 64, 66, 72, 74, 75, 76, 77]
Bonus: 7
Mean: 41.7
Std_dev: 26.407933417221823
Variance: 697.378947368421
Median: 38.5
Avg Distance: 3.9473684210526314
2019-03-17 2480097
Spots:
[1, 6, 8, 10, 13, 22, 26, 28, 30, 36, 38, 39, 45, 55, 58, 62, 66, 75, 77, 80]
Bonus: 36
Mean: 38.75
Std_dev: 25.143535320655538
Variance: 632.1973684210526
Median: 37.0
Avg Distance: 4.157894736842105
2019-03-17 2480098
Spots:
[3, 6, 14, 15, 16, 18, 20, 22, 25, 28, 33, 34, 36, 40, 42, 56, 57, 66, 67, 72]
Bonus: 66
Mean: 33.5
Std_dev: 20.7909393220878
Variance: 432.2631578947368
Median: 30.5
Avg Distance: 3.6315789473684212
2019-03-17 2480099
Spots:
[3, 10, 13, 20, 26, 28, 35, 36, 37, 44, 46, 47, 54, 55, 56, 58, 69, 70, 79, 80]
Bonus: 54
Mean: 43.3
Std_dev: 22.400892839349062
Variance: 501.8
Median: 45.0
Avg Distance: 4.052631578947368
2019-03-17 2480100
Spots:
[6, 9, 13, 15, 18, 28, 29, 32, 33, 50, 53, 55, 58, 60, 64, 67, 68, 72, 78, 79]
Bonus: 18
Mean: 44.35
Std_dev: 24.333807974222115
Variance: 592.1342105263158
Median: 51.5
Avg Distance: 3.8421052631578947
2019-03-17 2480101
Spots:
[2, 4, 6, 12, 13, 16, 23, 24, 34, 36, 45, 46, 48, 49, 53, 57, 60, 67, 69, 77]
Bonus: 16
Mean: 37.05
Std_dev: 23.408219429125857
Variance: 547.9447368421053
Median: 40.5
Avg Distance: 3.9473684210526314
2019-03-17 2480102
Spots:
[4, 8, 13, 18, 19, 27, 29, 33, 34, 37, 40, 41, 45, 50, 53, 54, 58, 59, 60, 80]
Bonus: 18
Mean: 38.1
Std_dev: 19.817323628317567
Variance: 392.7263157894737
Median: 38.5
Avg Distance: 4.0
2019-03-17 2480103
Spots:
[2, 3, 4, 5, 10, 12, 14, 16, 17, 33, 41, 42, 47, 52, 56, 58, 59, 63, 76, 80]
Bonus: 17
Mean: 34.5
Std_dev: 25.96252359804315
Variance: 674.0526315789474
Median: 37.0
Avg Distance: 4.105263157894737
2019-03-17 2480104
Spots:
[1, 7, 12, 14, 16, 21, 25, 29, 32, 35, 37, 40, 44, 49, 55, 56, 60, 73, 74, 78]
Bonus: 60
Mean: 37.9
Std_dev: 22.975730902983603
Variance: 527.8842105263158
Median: 36.0
Avg Distance: 4.052631578947368
2019-03-17 2480105
Spots:
[3, 5, 11, 14, 23, 24, 25, 27, 32, 35, 36, 43, 46, 50, 54, 56, 61, 64, 65, 71]
Bonus: 35
Mean: 37.25
Std_dev: 20.77922798829335
Variance: 431.7763157894737
Median: 35.5
Avg Distance: 3.5789473684210527
2019-03-17 2480106
Spots:
[1, 8, 13, 14, 15, 20, 22, 23, 26, 30, 31, 36, 40, 46, 47, 56, 62, 63, 77, 79]
Bonus: 23
Mean: 35.45
Std_dev: 22.72368344863315
Variance: 516.3657894736842
Median: 30.5
Avg Distance: 4.105263157894737
2019-03-17 2480107
Spots:
[2, 3, 9, 10, 11, 13, 20, 22, 23, 26, 29, 33, 34, 35, 43, 64, 68, 70, 72, 77]
Bonus: 33
Mean: 33.2
Std_dev: 24.517662806101324
Variance: 601.1157894736842
Median: 27.5
Avg Distance: 3.9473684210526314
2019-03-17 2480108
Spots:
[1, 3, 4, 8, 10, 12, 13, 18, 21, 22, 25, 31, 32, 36, 38, 39, 50, 56, 59, 79]
Bonus: 21
Mean: 27.85
Std_dev: 21.111919805994358
Variance: 445.7131578947368
Median: 23.5
Avg Distance: 4.105263157894737
2019-03-17 2480109
Spots:
[4, 14, 15, 18, 26, 28, 31, 33, 47, 55, 57, 58, 60, 67, 71, 75, 76, 77, 79, 80]
Bonus: 26
Mean: 48.55
Std_dev: 25.211682755588154
Variance: 635.628947368421
Median: 56.0
Avg Distance: 4.0
2019-03-17 2480110
Spots:
[1, 8, 9, 17, 18, 21, 22, 25, 27, 32, 34, 35, 45, 49, 52, 54, 56, 63, 72, 74]
Bonus: 22
Mean: 35.7
Std_dev: 21.47728298017527
Variance: 461.2736842105263
Median: 33.0
Avg Distance: 3.8421052631578947
2019-03-17 2480111
Spots:
[3, 17, 21, 22, 25, 27, 28, 29, 38, 40, 41, 46, 48, 49, 51, 54, 62, 72, 77, 79]
Bonus: 41
Mean: 41.45
Std_dev: 20.648626818112728
Variance: 426.36578947368423
Median: 40.5
Avg Distance: 4.0
2019-03-17 2480112
Spots:
[6, 7, 10, 18, 21, 23, 42, 43, 46, 48, 49, 51, 54, 61, 62, 64, 71, 75, 79, 80]
Bonus: 51
Mean: 45.5
Std_dev: 24.05366806473435
Variance: 578.578947368421
Median: 48.5
Avg Distance: 3.8947368421052633
2019-03-17 2480113
Spots:
[16, 20, 21, 27, 29, 31, 32, 34, 41, 43, 45, 48, 49, 53, 55, 61, 65, 74, 77, 78]
Bonus: 55
Mean: 44.95
Std_dev: 19.093881632331172
Variance: 364.5763157894737
Median: 44.0
Avg Distance: 3.263157894736842
2019-03-17 2480114
Spots:
[9, 13, 18, 20, 21, 22, 31, 32, 33, 40, 43, 47, 49, 50, 58, 63, 71, 75, 79, 80]
Bonus: 49
Mean: 42.7
Std_dev: 22.602049278305437
Variance: 510.85263157894735
Median: 41.5
Avg Distance: 3.736842105263158
2019-03-17 2480115
Spots:
[1, 5, 7, 8, 16, 20, 22, 26, 29, 35, 39, 43, 49, 51, 59, 63, 66, 67, 71, 78]
Bonus: 66
Mean: 37.75
Std_dev: 24.399902933370342
Variance: 595.3552631578947
Median: 37.0
Avg Distance: 4.052631578947368
2019-03-17 2480116
Spots:
[1, 4, 8, 10, 11, 12, 27, 29, 32, 38, 43, 48, 52, 53, 57, 61, 69, 70, 74, 75]
Bonus: 43
Mean: 38.7
Std_dev: 25.055937420100648
Variance: 627.8
Median: 40.5
Avg Distance: 3.8947368421052633
2019-03-17 2480117
Spots:
[1, 4, 5, 12, 17, 22, 23, 30, 32, 35, 38, 44, 47, 53, 55, 59, 60, 71, 78, 80]
Bonus: 12
Mean: 38.3
Std_dev: 24.417638146052926
Variance: 596.2210526315789
Median: 36.5
Avg Distance: 4.157894736842105
2019-03-17 2480118
Spots:
[2, 4, 12, 14, 18, 19, 20, 33, 35, 38, 45, 47, 49, 50, 52, 60, 61, 69, 72, 80]
Bonus: 2
Mean: 39
Std_dev: 23.269587108724693
Variance: 541.4736842105264
Median: 41.5
Avg Distance: 4.105263157894737
2019-03-17 2480119
Spots:
[1, 5, 7, 9, 20, 34, 38, 40, 46, 51, 55, 56, 60, 63, 66, 68, 70, 74, 79, 80]
Bonus: 56
Mean: 46.1
Std_dev: 25.849564793241687
Variance: 668.2
Median: 53.0
Avg Distance: 4.157894736842105
2019-03-17 2480120
Spots:
[5, 7, 8, 14, 20, 21, 24, 38, 41, 44, 45, 47, 50, 58, 59, 68, 69, 71, 75, 80]
Bonus: 5
Mean: 42.2
Std_dev: 24.306377763870945
Variance: 590.8
Median: 44.5
Avg Distance: 3.9473684210526314
2019-03-17 2480121
Spots:
[17, 22, 23, 28, 37, 41, 43, 44, 45, 48, 50, 52, 55, 57, 58, 59, 62, 64, 72, 76]
Bonus: 28
Mean: 47.65
Std_dev: 16.323296235748465
Variance: 266.45
Median: 49.0
Avg Distance: 3.1052631578947367
2019-03-17 2480122
Spots:
[5, 9, 10, 16, 17, 21, 23, 24, 34, 36, 41, 44, 46, 47, 49, 54, 58, 68, 76, 79]
Bonus: 46
Mean: 37.85
Std_dev: 22.195957431834056
Variance: 492.66052631578947
Median: 38.5
Avg Distance: 3.8947368421052633
2019-03-17 2480123
Spots:
[3, 8, 10, 11, 13, 19, 22, 30, 32, 33, 35, 40, 45, 54, 55, 59, 62, 63, 73, 79]
Bonus: 13
Mean: 37.3
Std_dev: 23.113222463161186
Variance: 534.2210526315789
Median: 34.0
Avg Distance: 4.0
2019-03-17 2480124
Spots:
[1, 3, 8, 10, 12, 18, 19, 20, 25, 29, 33, 39, 41, 46, 53, 63, 64, 71, 77, 80]
Bonus: 12
Mean: 35.6
Std_dev: 25.31153263258719
Variance: 640.6736842105263
Median: 31.0
Avg Distance: 4.157894736842105
2019-03-17 2480125
Spots:
[1, 5, 10, 11, 16, 19, 32, 39, 42, 50, 51, 54, 55, 57, 58, 62, 65, 66, 75, 76]
Bonus: 58
Mean: 42.2
Std_dev: 24.101976333029096
Variance: 580.9052631578948
Median: 50.5
Avg Distance: 3.9473684210526314
2019-03-17 2480126
Spots:
[3, 7, 14, 25, 26, 31, 37, 38, 39, 44, 52, 54, 58, 61, 63, 68, 70, 71, 73, 75]
Bonus: 63
Mean: 45.45
Std_dev: 22.553970358838562
Variance: 508.68157894736845
Median: 48.0
Avg Distance: 3.789473684210526
2019-03-17 2480127
Spots:
[4, 7, 8, 16, 17, 21, 24, 31, 36, 40, 51, 55, 58, 60, 64, 67, 72, 73, 75, 79]
Bonus: 58
Mean: 42.9
Std_dev: 25.437022334840172
Variance: 647.0421052631579
Median: 45.5
Avg Distance: 3.9473684210526314
2019-03-17 2480128
Spots:
[2, 3, 4, 6, 19, 21, 22, 23, 25, 29, 39, 49, 50, 55, 60, 68, 70, 73, 76, 79]
Bonus: 49
Mean: 38.65
Std_dev: 26.543459894254454
Variance: 704.5552631578947
Median: 34.0
Avg Distance: 4.052631578947368
2019-03-17 2480129
Spots:
[1, 6, 11, 12, 18, 21, 23, 28, 35, 36, 37, 39, 45, 49, 54, 58, 61, 65, 71, 76]
Bonus: 1
Mean: 37.3
Std_dev: 22.28310665291676
Variance: 496.5368421052632
Median: 36.5
Avg Distance: 3.9473684210526314
2019-03-17 2480130
Spots:
[8, 9, 15, 16, 23, 24, 25, 32, 33, 42, 45, 51, 54, 56, 60, 65, 71, 74, 75, 78]
Bonus: 75
Mean: 42.8
Std_dev: 23.311618968818284
Variance: 543.4315789473684
Median: 43.5
Avg Distance: 3.6842105263157894
2019-03-17 2480131
Spots:
[2, 4, 7, 8, 11, 12, 15, 24, 26, 30, 37, 44, 45, 49, 55, 66, 68, 69, 71, 80]
Bonus: 12
Mean: 36.15
Std_dev: 25.727877569098588
Variance: 661.9236842105263
Median: 33.5
Avg Distance: 4.105263157894737
2019-03-17 2480132
Spots:
[3, 9, 20, 21, 24, 26, 27, 32, 39, 42, 44, 45, 46, 50, 55, 65, 67, 71, 72, 79]
Bonus: 3
Mean: 41.85
Std_dev: 21.733493433916816
Variance: 472.3447368421053
Median: 43.0
Avg Distance: 4.0
2019-03-17 2480133
Spots:
[6, 8, 12, 16, 21, 22, 23, 27, 31, 41, 44, 45, 47, 52, 54, 57, 62, 66, 73, 76]
Bonus: 73
Mean: 39.15
Std_dev: 21.78187319768435
Variance: 474.45
Median: 42.5
Avg Distance: 3.6842105263157894
2019-03-17 2480134
Spots:
[4, 12, 23, 25, 26, 28, 29, 31, 32, 37, 39, 40, 42, 50, 58, 64, 65, 70, 79, 80]
Bonus: 12
Mean: 41.7
Std_dev: 21.523793443780452
Variance: 463.2736842105263
Median: 38.0
Avg Distance: 4.0
2019-03-17 2480135
Spots:
[4, 6, 14, 16, 18, 21, 25, 27, 29, 30, 44, 48, 49, 52, 63, 64, 67, 69, 72, 77]
Bonus: 25
Mean: 39.75
Std_dev: 23.54810306361718
Variance: 554.5131578947369
Median: 37.0
Avg Distance: 3.8421052631578947
2019-03-17 2480136
Spots:
[2, 5, 6, 14, 16, 17, 24, 28, 29, 30, 39, 43, 54, 59, 61, 63, 71, 72, 75, 78]
Bonus: 28
Mean: 39.3
Std_dev: 25.555100428187263
Variance: 653.0631578947368
Median: 34.5
Avg Distance: 4.0
2019-03-17 2480137
Spots:
[3, 4, 9, 21, 24, 27, 37, 41, 48, 49, 51, 52, 54, 56, 62, 64, 66, 68, 78, 80]
Bonus: 9
Mean: 44.7
Std_dev: 23.40287881526769
Variance: 547.6947368421053
Median: 50.0
Avg Distance: 4.052631578947368
2019-03-17 2480138
Spots:
[7, 9, 11, 12, 15, 17, 20, 22, 32, 35, 38, 41, 42, 43, 45, 56, 59, 70, 74, 75]
Bonus: 59
Mean: 36.15
Std_dev: 22.108048070186662
Variance: 488.7657894736842
Median: 36.5
Avg Distance: 3.5789473684210527
2019-03-17 2480139
Spots:
[1, 3, 7, 9, 10, 14, 22, 23, 27, 33, 34, 37, 41, 42, 43, 46, 47, 62, 75, 79]
Bonus: 43
Mean: 32.75
Std_dev: 22.55957026466408
Variance: 508.9342105263158
Median: 33.5
Avg Distance: 4.105263157894737
2019-03-17 2480140
Spots:
[2, 6, 12, 13, 15, 22, 23, 25, 27, 30, 35, 38, 42, 43, 44, 51, 53, 62, 78, 80]
Bonus: 25
Mean: 35.05
Std_dev: 22.041766573580496
Variance: 485.83947368421053
Median: 32.5
Avg Distance: 4.105263157894737
2019-03-17 2480141
Spots:
[3, 5, 6, 8, 12, 18, 19, 21, 23, 24, 25, 32, 36, 45, 52, 58, 59, 60, 63, 69]
Bonus: 32
Mean: 31.9
Std_dev: 21.77129931088658
Variance: 473.9894736842105
Median: 24.5
Avg Distance: 3.473684210526316
2019-03-17 2480142
Spots:
[3, 11, 16, 19, 25, 26, 33, 36, 38, 47, 49, 50, 53, 56, 61, 64, 72, 73, 78, 79]
Bonus: 19
Mean: 44.45
Std_dev: 23.02281477143922
Variance: 530.05
Median: 48.0
Avg Distance: 4.0
2019-03-17 2480143
Spots:
[4, 5, 13, 18, 20, 21, 26, 38, 49, 53, 56, 57, 59, 65, 69, 74, 75, 76, 77, 78]
Bonus: 18
Mean: 46.65
Std_dev: 26.079382863218136
Variance: 680.1342105263158
Median: 54.5
Avg Distance: 3.8947368421052633
2019-03-17 2480144
Spots:
[2, 8, 11, 17, 20, 23, 28, 33, 37, 39, 40, 48, 49, 65, 66, 68, 69, 71, 72, 73]
Bonus: 8
Mean: 41.95
Std_dev: 23.84042343318768
Variance: 568.3657894736842
Median: 39.5
Avg Distance: 3.736842105263158
2019-03-17 2480145
Spots:
[10, 13, 15, 20, 21, 23, 24, 36, 38, 48, 49, 52, 53, 54, 55, 57, 60, 64, 69, 75]
Bonus: 49
Mean: 41.8
Std_dev: 20.16406391787654
Variance: 406.58947368421053
Median: 48.5
Avg Distance: 3.4210526315789473
2019-03-17 2480146
Spots:
[2, 4, 6, 9, 13, 19, 20, 24, 28, 42, 43, 50, 51, 52, 56, 63, 68, 71, 75, 77]
Bonus: 28
Mean: 38.65
Std_dev: 25.435729118495377
Variance: 646.9763157894737
Median: 42.5
Avg Distance: 3.9473684210526314
2019-03-17 2480147
Spots:
[2, 5, 13, 14, 19, 22, 23, 29, 32, 33, 35, 47, 52, 54, 57, 61, 67, 72, 74, 78]
Bonus: 2
Mean: 39.45
Std_dev: 23.899955956797122
Variance: 571.2078947368421
Median: 34.0
Avg Distance: 4.0
2019-03-17 2480148
Spots:
[5, 9, 12, 17, 18, 21, 27, 34, 36, 44, 48, 49, 51, 52, 62, 64, 66, 71, 77, 78]
Bonus: 52
Mean: 42.05
Std_dev: 23.41496372655293
Variance: 548.2605263157894
Median: 46.0
Avg Distance: 3.8421052631578947
2019-03-17 2480149
Spots:
[3, 5, 6, 9, 13, 16, 17, 26, 38, 39, 49, 52, 55, 58, 61, 62, 68, 71, 75, 78]
Bonus: 58
Mean: 40.05
Std_dev: 26.015127178341128
Variance: 676.7868421052632
Median: 44.0
Avg Distance: 3.9473684210526314
2019-03-17 2480150
Spots:
[1, 3, 8, 9, 18, 24, 27, 32, 36, 37, 38, 43, 49, 52, 55, 56, 57, 67, 71, 76]
Bonus: 9
Mean: 37.95
Std_dev: 22.69123410621727
Variance: 514.8921052631579
Median: 37.5
Avg Distance: 3.9473684210526314
2019-03-17 2480151
Spots:
[1, 7, 9, 13, 16, 21, 23, 26, 27, 30, 31, 35, 46, 54, 61, 64, 65, 70, 76, 79]
Bonus: 54
Mean: 37.7
Std_dev: 24.689865809360132
Variance: 609.5894736842105
Median: 30.5
Avg Distance: 4.105263157894737
2019-03-17 2480152
Spots:
[4, 6, 15, 17, 24, 26, 29, 31, 34, 36, 37, 38, 40, 41, 44, 52, 55, 67, 70, 76]
Bonus: 76
Mean: 37.1
Std_dev: 19.82528953794012
Variance: 393.0421052631579
Median: 36.5
Avg Distance: 3.789473684210526
2019-03-17 2480153
Spots:
[1, 3, 4, 6, 14, 17, 25, 26, 30, 36, 39, 41, 49, 54, 57, 58, 59, 65, 68, 73]
Bonus: 25
Mean: 36.25
Std_dev: 23.568210078743558
Variance: 555.4605263157895
Median: 37.5
Avg Distance: 3.789473684210526
2019-03-17 2480154
Spots:
[8, 10, 20, 25, 28, 33, 34, 37, 39, 42, 43, 44, 46, 47, 52, 54, 55, 56, 60, 64]
Bonus: 39
Mean: 39.85
Std_dev: 15.725524005996045
Variance: 247.2921052631579
Median: 42.5
Avg Distance: 2.9473684210526314
2019-03-17 2480155
Spots:
[2, 6, 15, 26, 27, 41, 43, 46, 47, 49, 53, 55, 58, 66, 70, 72, 75, 78, 79, 80]
Bonus: 49
Mean: 49.4
Std_dev: 24.177849802094304
Variance: 584.5684210526316
Median: 51.0
Avg Distance: 4.105263157894737
2019-03-17 2480156
Spots:
[1, 6, 17, 18, 19, 20, 24, 37, 45, 49, 53, 55, 56, 58, 61, 66, 67, 69, 72, 77]
Bonus: 17
Mean: 43.5
Std_dev: 23.743143054474974
Variance: 563.7368421052631
Median: 51.0
Avg Distance: 4.0
2019-03-17 2480157
Spots:
[11, 15, 22, 23, 24, 26, 28, 30, 32, 33, 37, 38, 53, 55, 58, 61, 63, 71, 72, 73]
Bonus: 37
Mean: 41.25
Std_dev: 20.041732775176374
Variance: 401.67105263157896
Median: 35.0
Avg Distance: 3.263157894736842
2019-03-17 2480158
Spots:
[8, 12, 13, 21, 30, 33, 47, 50, 55, 57, 58, 63, 64, 68, 69, 73, 75, 77, 79, 80]
Bonus: 13
Mean: 51.6
Std_dev: 23.926202329135663
Variance: 572.4631578947368
Median: 57.5
Avg Distance: 3.789473684210526
2019-03-17 2480159
Spots:
[1, 2, 10, 14, 17, 19, 25, 32, 39, 43, 45, 47, 49, 54, 57, 59, 62, 65, 66, 67]
Bonus: 45
Mean: 38.65
Std_dev: 22.11042859447955
Variance: 488.87105263157895
Median: 44.0
Avg Distance: 3.473684210526316
2019-03-17 2480160
Spots:
[7, 9, 14, 24, 33, 35, 38, 39, 45, 46, 47, 51, 56, 60, 66, 70, 74, 77, 78, 79]
Bonus: 45
Mean: 47.4
Std_dev: 22.848240747662782
Variance: 522.0421052631579
Median: 46.5
Avg Distance: 3.789473684210526
2019-03-17 2480161
Spots:
[4, 6, 7, 10, 12, 17, 18, 25, 30, 31, 34, 41, 42, 43, 48, 52, 61, 63, 70, 72]
Bonus: 42
Mean: 34.3
Std_dev: 21.940349754924625
Variance: 481.37894736842105
Median: 32.5
Avg Distance: 3.5789473684210527
2019-03-17 2480162
Spots:
[2, 8, 10, 15, 22, 24, 25, 26, 28, 29, 31, 34, 39, 42, 43, 49, 58, 66, 71, 73]
Bonus: 24
Mean: 34.75
Std_dev: 20.480735492549808
Variance: 419.4605263157895
Median: 30.0
Avg Distance: 3.736842105263158
2019-03-17 2480163
Spots:
[3, 4, 10, 12, 15, 17, 19, 22, 25, 26, 34, 39, 46, 49, 53, 54, 58, 60, 75, 80]
Bonus: 12
Mean: 35.05
Std_dev: 23.245769281176397
Variance: 540.3657894736842
Median: 30.0
Avg Distance: 4.052631578947368
2019-03-17 2480164
Spots:
[2, 3, 11, 19, 25, 31, 33, 34, 36, 40, 42, 43, 44, 55, 56, 62, 63, 67, 72, 78]
Bonus: 42
Mean: 40.8
Std_dev: 22.015783811668058
Variance: 484.69473684210527
Median: 41.0
Avg Distance: 4.0
2019-03-17 2480165
Spots:
[3, 8, 12, 16, 18, 22, 23, 29, 30, 34, 35, 38, 48, 50, 56, 61, 65, 70, 71, 73]
Bonus: 29
Mean: 38.1
Std_dev: 22.360444398182487
Variance: 499.9894736842105
Median: 34.5
Avg Distance: 3.6842105263157894
2019-03-17 2480166
Spots:
[2, 8, 12, 13, 24, 26, 32, 33, 36, 37, 38, 42, 44, 50, 58, 61, 63, 66, 75, 78]
Bonus: 61
Mean: 39.9
Std_dev: 22.164219624858156
Variance: 491.25263157894733
Median: 37.5
Avg Distance: 4.0
2019-03-17 2480167
Spots:
[4, 9, 14, 16, 19, 22, 26, 27, 28, 30, 37, 41, 44, 46, 48, 50, 53, 58, 77, 80]
Bonus: 14
Mean: 36.45
Std_dev: 20.92461406296925
Variance: 437.83947368421053
Median: 33.5
Avg Distance: 4.0
2019-03-17 2480168
Spots:
[1, 2, 15, 19, 22, 26, 28, 34, 39, 40, 44, 51, 52, 64, 66, 67, 68, 70, 72, 80]
Bonus: 34
Mean: 43
Std_dev: 24.194388214059714
Variance: 585.3684210526316
Median: 42.0
Avg Distance: 4.157894736842105
2019-03-17 2480169
Spots:
[7, 9, 10, 11, 12, 13, 15, 17, 18, 23, 28, 38, 39, 46, 51, 53, 61, 68, 70, 72]
Bonus: 13
Mean: 33.05
Std_dev: 22.813834676169172
Variance: 520.4710526315789
Median: 25.5
Avg Distance: 3.4210526315789473
2019-03-17 2480170
Spots:
[2, 8, 10, 19, 25, 32, 46, 49, 50, 51, 53, 54, 55, 60, 63, 65, 66, 67, 75, 79]
Bonus: 32
Mean: 46.45
Std_dev: 22.825366775170398
Variance: 520.9973684210527
Median: 52.0
Avg Distance: 4.052631578947368
2019-03-17 2480171
Spots:
[5, 7, 9, 10, 16, 20, 21, 26, 27, 28, 29, 30, 31, 34, 48, 50, 52, 58, 60, 62]
Bonus: 30
Mean: 31.15
Std_dev: 18.221661487592755
Variance: 332.02894736842103
Median: 28.5
Avg Distance: 3.0
2019-03-17 2480172
Spots:
[3, 7, 9, 17, 22, 33, 39, 44, 50, 52, 53, 57, 62, 70, 71, 74, 75, 77, 78, 80]
Bonus: 22
Mean: 48.65
Std_dev: 25.836072293964254
Variance: 667.5026315789473
Median: 52.5
Avg Distance: 4.052631578947368
2019-03-17 2480173
Spots:
[3, 12, 13, 14, 15, 17, 18, 20, 21, 26, 27, 34, 36, 37, 44, 67, 71, 73, 79, 80]
Bonus: 21
Mean: 35.35
Std_dev: 24.9911036802678
Variance: 624.5552631578947
Median: 26.5
Avg Distance: 4.052631578947368
2019-03-17 2480174
Spots:
[5, 8, 10, 11, 15, 17, 25, 28, 29, 31, 38, 39, 44, 45, 46, 62, 74, 75, 76, 78]
Bonus: 8
Mean: 37.8
Std_dev: 24.392837602783924
Variance: 595.0105263157894
Median: 34.5
Avg Distance: 3.8421052631578947
2019-03-17 2480175
Spots:
[3, 9, 15, 18, 21, 32, 36, 38, 47, 48, 51, 53, 55, 56, 61, 66, 68, 69, 74, 79]
Bonus: 32
Mean: 44.95
Std_dev: 22.591276844695702
Variance: 510.36578947368423
Median: 49.5
Avg Distance: 4.0
2019-03-17 2480176
Spots:
[1, 6, 7, 10, 11, 12, 19, 22, 26, 27, 29, 31, 40, 41, 44, 48, 57, 66, 72, 73]
Bonus: 72
Mean: 32.1
Std_dev: 22.40042292833823
Variance: 501.77894736842103
Median: 28.0
Avg Distance: 3.789473684210526
2019-03-17 2480177
Spots:
[2, 8, 11, 15, 19, 26, 38, 42, 45, 52, 53, 54, 60, 62, 63, 70, 71, 73, 74, 78]
Bonus: 60
Mean: 45.8
Std_dev: 24.498335066951626
Variance: 600.1684210526316
Median: 52.5
Avg Distance: 4.0
2019-03-17 2480178
Spots:
[6, 7, 10, 18, 20, 31, 32, 37, 40, 41, 43, 44, 51, 54, 57, 58, 59, 69, 73, 79]
Bonus: 43
Mean: 41.45
Std_dev: 21.653916626401745
Variance: 468.8921052631579
Median: 42.0
Avg Distance: 3.8421052631578947
2019-03-17 2480179
Spots:
[2, 6, 15, 20, 26, 31, 34, 37, 42, 44, 45, 49, 52, 54, 57, 67, 70, 73, 75, 78]
Bonus: 42
Mean: 43.85
Std_dev: 22.702364820014953
Variance: 515.3973684210526
Median: 44.5
Avg Distance: 4.0
2019-03-17 2480180
Spots:
[2, 3, 9, 11, 15, 18, 27, 33, 36, 39, 41, 42, 45, 49, 51, 55, 56, 58, 76, 80]
Bonus: 51
Mean: 37.3
Std_dev: 22.648573790348085
Variance: 512.9578947368421
Median: 40.0
Avg Distance: 4.105263157894737
2019-03-17 2480181
Spots:
[7, 10, 16, 17, 24, 33, 36, 37, 55, 56, 58, 60, 61, 63, 67, 70, 75, 76, 77, 78]
Bonus: 67
Mean: 48.8
Std_dev: 24.075757625943112
Variance: 579.6421052631579
Median: 57.0
Avg Distance: 3.736842105263158
2019-03-17 2480182
Spots:
[1, 8, 15, 17, 20, 27, 28, 37, 39, 40, 44, 47, 49, 51, 55, 60, 63, 64, 77, 80]
Bonus: 15
Mean: 41.1
Std_dev: 22.19981033584225
Variance: 492.8315789473684
Median: 42.0
Avg Distance: 4.157894736842105
2019-03-17 2480183
Spots:
[3, 4, 8, 12, 13, 16, 17, 21, 22, 36, 38, 42, 51, 52, 54, 64, 73, 75, 78, 79]
Bonus: 52
Mean: 37.9
Std_dev: 26.401554978128804
Variance: 697.0421052631579
Median: 37.0
Avg Distance: 4.0
2019-03-17 2480184
Spots:
[2, 4, 7, 8, 20, 25, 28, 36, 44, 46, 48, 49, 51, 53, 56, 61, 66, 67, 70, 77]
Bonus: 4
Mean: 40.9
Std_dev: 23.485493843064734
Variance: 551.5684210526316
Median: 47.0
Avg Distance: 3.9473684210526314
2019-03-17 2480185
Spots:
[3, 6, 10, 16, 23, 27, 33, 34, 35, 37, 41, 42, 43, 44, 54, 55, 60, 66, 78, 79]
Bonus: 23
Mean: 39.3
Std_dev: 21.836955638983824
Variance: 476.85263157894735
Median: 39.0
Avg Distance: 4.0
2019-03-17 2480186
Spots:
[10, 11, 14, 15, 16, 27, 30, 33, 37, 40, 42, 49, 51, 53, 54, 66, 67, 70, 73, 75]
Bonus: 15
Mean: 41.65
Std_dev: 21.861465737926316
Variance: 477.9236842105263
Median: 41.0
Avg Distance: 3.4210526315789473
2019-03-17 2480187
Spots:
[1, 5, 7, 8, 21, 29, 38, 43, 44, 45, 47, 51, 55, 56, 58, 62, 67, 75, 77, 80]
Bonus: 21
Mean: 43.45
Std_dev: 24.643724513448383
Variance: 607.3131578947368
Median: 46.0
Avg Distance: 4.157894736842105
2019-03-17 2480188
Spots:
[3, 6, 21, 22, 24, 27, 30, 46, 47, 48, 49, 52, 61, 62, 71, 72, 76, 77, 79, 80]
Bonus: 71
Mean: 47.65
Std_dev: 24.74560035323664
Variance: 612.3447368421052
Median: 48.5
Avg Distance: 4.052631578947368
2019-03-17 2480189
Spots:
[5, 8, 9, 11, 17, 20, 25, 31, 32, 33, 34, 39, 45, 46, 60, 63, 66, 67, 76, 77]
Bonus: 32
Mean: 38.2
Std_dev: 23.430973652748396
Variance: 549.0105263157894
Median: 33.5
Avg Distance: 3.789473684210526
2019-03-17 2480190
Spots:
[1, 7, 14, 17, 18, 24, 28, 30, 37, 48, 51, 52, 60, 63, 64, 65, 68, 75, 76, 78]
Bonus: 65
Mean: 43.8
Std_dev: 24.843933920206336
Variance: 617.2210526315789
Median: 49.5
Avg Distance: 4.052631578947368
2019-03-17 2480191
Spots:
[1, 7, 15, 31, 34, 37, 38, 43, 45, 49, 50, 53, 54, 55, 57, 61, 68, 70, 71, 76]
Bonus: 49
Mean: 45.75
Std_dev: 20.748810999542524
Variance: 430.5131578947368
Median: 49.5
Avg Distance: 3.9473684210526314
2019-03-17 2480192
Spots:
[6, 14, 18, 25, 26, 28, 31, 32, 33, 35, 40, 41, 44, 59, 60, 61, 62, 74, 76, 80]
Bonus: 76
Mean: 42.25
Std_dev: 21.464474934424235
Variance: 460.7236842105263
Median: 37.5
Avg Distance: 3.8947368421052633
2019-03-17 2480193
Spots:
[1, 5, 6, 9, 13, 14, 15, 17, 19, 26, 32, 34, 45, 47, 51, 60, 67, 69, 73, 77]
Bonus: 6
Mean: 34
Std_dev: 25.19607321118031
Variance: 634.8421052631579
Median: 29.0
Avg Distance: 4.0
2019-03-17 2480194
Spots:
[5, 7, 9, 15, 21, 22, 24, 47, 48, 54, 60, 61, 65, 68, 69, 71, 75, 76, 77, 78]
Bonus: 76
Mean: 47.6
Std_dev: 26.537758601263736
Variance: 704.2526315789473
Median: 57.0
Avg Distance: 3.8421052631578947
2019-03-17 2480195
Spots:
[1, 7, 9, 11, 14, 15, 17, 19, 21, 22, 29, 36, 48, 51, 52, 55, 69, 72, 76, 80]
Bonus: 55
Mean: 35.2
Std_dev: 25.504591949810052
Variance: 650.4842105263158
Median: 25.5
Avg Distance: 4.157894736842105
2019-03-17 2480196
Spots:
[7, 8, 13, 14, 15, 16, 18, 26, 27, 30, 45, 49, 52, 53, 55, 63, 68, 71, 76, 80]
Bonus: 53
Mean: 39.3
Std_dev: 24.57234217570641
Variance: 603.8
Median: 37.5
Avg Distance: 3.8421052631578947
2019-03-17 2480197
Spots:
[7, 15, 18, 19, 21, 25, 26, 29, 31, 42, 44, 53, 58, 59, 60, 62, 66, 67, 73, 79]
Bonus: 60
Mean: 42.7
Std_dev: 22.064737287784492
Variance: 486.85263157894735
Median: 43.0
Avg Distance: 3.789473684210526
2019-03-17 2480198
Spots:
[7, 8, 12, 19, 20, 22, 24, 29, 30, 34, 35, 39, 40, 41, 43, 47, 61, 64, 66, 70]
Bonus: 8
Mean: 35.55
Std_dev: 18.997160452634965
Variance: 360.8921052631579
Median: 34.5
Avg Distance: 3.3157894736842106
2019-03-17 2480199
Spots:
[1, 14, 17, 19, 20, 27, 28, 29, 31, 37, 39, 41, 47, 63, 65, 66, 70, 71, 76, 77]
Bonus: 29
Mean: 41.9
Std_dev: 23.424908020939455
Variance: 548.7263157894737
Median: 38.0
Avg Distance: 4.0
2019-03-17 2480200
Spots:
[2, 3, 6, 9, 16, 19, 22, 39, 41, 42, 46, 49, 52, 55, 56, 57, 63, 68, 78, 79]
Bonus: 16
Mean: 40.1
Std_dev: 24.693702585242683
Variance: 609.7789473684211
Median: 44.0
Avg Distance: 4.052631578947368
2019-03-17 2480201
Spots:
[3, 5, 8, 9, 12, 14, 21, 23, 29, 31, 42, 43, 49, 51, 55, 60, 67, 71, 72, 74]
Bonus: 51
Mean: 36.95
Std_dev: 24.51095351277186
Variance: 600.7868421052632
Median: 36.5
Avg Distance: 3.736842105263158
2019-03-17 2480202
Spots:
[2, 7, 8, 12, 25, 26, 31, 34, 35, 40, 42, 45, 48, 53, 54, 60, 63, 65, 68, 75]
Bonus: 7
Mean: 39.65
Std_dev: 21.670438268222497
Variance: 469.60789473684207
Median: 41.0
Avg Distance: 3.8421052631578947
2019-03-17 2480203
Spots:
[1, 5, 9, 15, 17, 18, 22, 23, 24, 26, 36, 46, 47, 55, 58, 60, 63, 72, 76, 78]
Bonus: 72
Mean: 37.55
Std_dev: 24.743898769510626
Variance: 612.2605263157894
Median: 31.0
Avg Distance: 4.052631578947368
2019-03-17 2480204
Spots:
[1, 5, 10, 13, 15, 24, 26, 29, 31, 37, 42, 47, 49, 61, 65, 66, 67, 74, 76, 79]
Bonus: 47
Mean: 40.85
Std_dev: 25.367353657387035
Variance: 643.5026315789473
Median: 39.5
Avg Distance: 4.105263157894737
2019-03-17 2480205
Spots:
[3, 5, 11, 14, 20, 22, 28, 29, 31, 35, 40, 43, 50, 53, 58, 63, 66, 69, 74, 79]
Bonus: 40
Mean: 39.65
Std_dev: 23.540055448666976
Variance: 554.1342105263158
Median: 37.5
Avg Distance: 4.0
2019-03-17 2480206
Spots:
[4, 5, 8, 11, 15, 22, 27, 31, 33, 34, 36, 39, 45, 54, 55, 58, 59, 67, 70, 79]
Bonus: 34
Mean: 37.6
Std_dev: 22.77209742322019
Variance: 518.5684210526316
Median: 35.0
Avg Distance: 3.9473684210526314
2019-03-17 2480207
Spots:
[2, 5, 7, 9, 17, 18, 26, 31, 32, 35, 37, 38, 40, 45, 48, 61, 67, 68, 69, 80]
Bonus: 80
Mean: 36.75
Std_dev: 23.377620877555888
Variance: 546.5131578947369
Median: 36.0
Avg Distance: 4.105263157894737
2019-03-17 2480208
Spots:
[6, 10, 17, 19, 21, 22, 26, 32, 41, 42, 50, 57, 58, 66, 67, 69, 70, 72, 75, 80]
Bonus: 6
Mean: 45
Std_dev: 24.261730749214255
Variance: 588.6315789473684
Median: 46.0
Avg Distance: 3.8947368421052633
2019-03-17 2480209
Spots:
[3, 12, 14, 16, 17, 19, 20, 24, 25, 35, 43, 45, 51, 54, 55, 63, 67, 68, 72, 80]
Bonus: 19
Mean: 39.15
Std_dev: 23.517686513502312
Variance: 553.0815789473685
Median: 39.0
Avg Distance: 4.052631578947368
2019-03-17 2480210
Spots:
[2, 5, 6, 16, 18, 19, 22, 23, 28, 35, 39, 52, 53, 56, 59, 62, 65, 68, 73, 75]
Bonus: 53
Mean: 38.8
Std_dev: 24.297714858982545
Variance: 590.3789473684211
Median: 37.0
Avg Distance: 3.8421052631578947
2019-03-17 2480211
Spots:
[2, 4, 5, 9, 11, 15, 24, 26, 38, 45, 46, 50, 52, 56, 58, 64, 67, 68, 74, 79]
Bonus: 58
Mean: 39.65
Std_dev: 25.6459189325463
Variance: 657.7131578947368
Median: 45.5
Avg Distance: 4.052631578947368
2019-03-17 2480212
Spots:
[1, 2, 5, 12, 15, 22, 23, 34, 40, 42, 46, 52, 53, 61, 62, 64, 68, 69, 74, 75]
Bonus: 52
Mean: 41
Std_dev: 25.223214036196687
Variance: 636.2105263157895
Median: 44.0
Avg Distance: 3.8947368421052633
2019-03-17 2480213
Spots:
[5, 10, 14, 18, 20, 22, 25, 28, 29, 32, 33, 38, 39, 49, 56, 58, 60, 66, 68, 78]
Bonus: 33
Mean: 37.4
Std_dev: 21.084791226204533
Variance: 444.5684210526316
Median: 32.5
Avg Distance: 3.8421052631578947
2019-03-17 2480214
Spots:
[1, 2, 11, 13, 15, 22, 24, 35, 47, 48, 49, 53, 54, 57, 58, 64, 65, 67, 68, 70]
Bonus: 65
Mean: 41.15
Std_dev: 23.53558336244348
Variance: 553.9236842105263
Median: 48.5
Avg Distance: 3.6315789473684212
2019-03-17 2480215
Spots:
[2, 4, 13, 17, 26, 31, 33, 34, 35, 36, 50, 51, 55, 57, 60, 62, 65, 66, 71, 72]
Bonus: 26
Mean: 42
Std_dev: 22.035855948168226
Variance: 485.57894736842104
Median: 43.0
Avg Distance: 3.6842105263157894
2019-03-17 2480216
Spots:
[8, 10, 12, 13, 17, 19, 20, 23, 27, 30, 34, 36, 37, 40, 48, 51, 63, 64, 72, 78]
Bonus: 34
Mean: 35.1
Std_dev: 21.403147825544384
Variance: 458.09473684210525
Median: 32.0
Avg Distance: 3.6842105263157894
2019-03-17 2480217
Spots:
[6, 11, 12, 13, 14, 18, 30, 34, 36, 40, 47, 52, 53, 56, 57, 65, 68, 71, 78, 79]
Bonus: 36
Mean: 42
Std_dev: 24.04381964576125
Variance: 578.1052631578947
Median: 43.5
Avg Distance: 3.8421052631578947
2019-03-17 2480218
Spots:
[8, 10, 11, 20, 21, 23, 26, 32, 39, 40, 41, 44, 47, 49, 51, 53, 56, 67, 71, 77]
Bonus: 49
Mean: 39.3
Std_dev: 20.28507358937393
Variance: 411.4842105263158
Median: 40.5
Avg Distance: 3.6315789473684212
2019-03-17 2480219
Spots:
[4, 10, 16, 28, 30, 32, 35, 37, 38, 42, 44, 46, 47, 48, 49, 51, 54, 69, 76, 78]
Bonus: 38
Mean: 41.7
Std_dev: 19.47765251174846
Variance: 379.37894736842105
Median: 43.0
Avg Distance: 3.8947368421052633
2019-03-17 2480220
Spots:
[3, 7, 11, 26, 28, 32, 35, 37, 41, 42, 44, 45, 48, 50, 55, 63, 64, 70, 71, 76]
Bonus: 32
Mean: 42.4
Std_dev: 20.924425414987347
Variance: 437.8315789473684
Median: 43.0
Avg Distance: 3.8421052631578947
2019-03-17 2480221
Spots:
[1, 13, 14, 15, 18, 19, 24, 31, 38, 40, 45, 56, 57, 59, 62, 66, 67, 75, 76, 77]
Bonus: 59
Mean: 42.65
Std_dev: 24.480443322439196
Variance: 599.2921052631579
Median: 42.5
Avg Distance: 4.0
2019-03-17 2480222
Spots:
[9, 21, 24, 26, 30, 32, 36, 45, 48, 51, 58, 60, 62, 64, 66, 67, 68, 76, 78, 80]
Bonus: 78
Mean: 50.05
Std_dev: 21.097455571204488
Variance: 445.10263157894735
Median: 54.5
Avg Distance: 3.736842105263158
2019-03-17 2480223
Spots:
[10, 13, 17, 19, 20, 27, 28, 29, 30, 33, 37, 38, 41, 43, 49, 53, 55, 59, 67, 78]
Bonus: 29
Mean: 37.3
Std_dev: 18.450788030525104
Variance: 340.4315789473684
Median: 35.0
Avg Distance: 3.5789473684210527
2019-03-17 2480224
Spots:
[3, 17, 20, 21, 25, 29, 32, 33, 37, 47, 51, 55, 63, 66, 68, 69, 73, 76, 78, 79]
Bonus: 68
Mean: 47.1
Std_dev: 23.724071719402815
Variance: 562.8315789473684
Median: 49.0
Avg Distance: 4.0
2019-03-17 2480225
Spots:
[1, 6, 10, 12, 13, 14, 20, 22, 27, 29, 48, 49, 58, 59, 61, 69, 70, 72, 75, 77]
Bonus: 12
Mean: 39.6
Std_dev: 26.563528617854576
Variance: 705.621052631579
Median: 38.5
Avg Distance: 4.0
2019-03-17 2480226
Spots:
[12, 13, 17, 18, 19, 20, 21, 24, 31, 34, 35, 46, 52, 53, 54, 59, 65, 67, 70, 72]
Bonus: 24
Mean: 39.1
Std_dev: 20.892960285074114
Variance: 436.5157894736842
Median: 34.5
Avg Distance: 3.1578947368421053
2019-03-17 2480227
Spots:
[1, 2, 6, 8, 12, 19, 25, 29, 40, 41, 46, 48, 49, 65, 68, 69, 70, 78, 79, 80]
Bonus: 69
Mean: 41.75
Std_dev: 27.674565560228192
Variance: 765.8815789473684
Median: 43.5
Avg Distance: 4.157894736842105
2019-03-17 2480228
Spots:
[2, 4, 5, 7, 11, 20, 22, 23, 25, 34, 37, 43, 51, 57, 60, 61, 69, 74, 79, 80]
Bonus: 60
Mean: 38.2
Std_dev: 26.647010299370113
Variance: 710.0631578947368
Median: 35.5
Avg Distance: 4.105263157894737
2019-03-17 2480229
Spots:
[2, 5, 8, 9, 10, 13, 25, 27, 28, 33, 34, 36, 52, 56, 61, 63, 72, 73, 75, 79]
Bonus: 79
Mean: 38.05
Std_dev: 26.23271360644748
Variance: 688.1552631578948
Median: 33.5
Avg Distance: 4.052631578947368
2019-03-17 2480230
Spots:
[3, 7, 17, 18, 19, 22, 25, 33, 35, 39, 40, 41, 43, 51, 52, 55, 62, 72, 78, 79]
Bonus: 3
Mean: 39.55
Std_dev: 22.366504561861905
Variance: 500.2605263157895
Median: 39.5
Avg Distance: 4.0
2019-03-17 2480231
Spots:
[8, 12, 13, 17, 18, 19, 34, 36, 41, 42, 52, 53, 55, 57, 58, 60, 70, 72, 78, 80]
Bonus: 12
Mean: 43.75
Std_dev: 23.26704242395012
Variance: 541.3552631578947
Median: 47.0
Avg Distance: 3.789473684210526
2019-03-17 2480232
Spots:
[1, 4, 8, 10, 13, 14, 17, 18, 22, 23, 25, 34, 37, 43, 51, 60, 63, 65, 70, 72]
Bonus: 23
Mean: 32.5
Std_dev: 23.53608651456424
Variance: 553.9473684210526
Median: 24.0
Avg Distance: 3.736842105263158
2019-03-17 2480233
Spots:
[5, 6, 12, 13, 16, 18, 21, 39, 46, 47, 59, 63, 64, 65, 67, 70, 71, 72, 76, 80]
Bonus: 47
Mean: 45.5
Std_dev: 26.553818240657872
Variance: 705.1052631578947
Median: 53.0
Avg Distance: 3.9473684210526314
2019-03-17 2480234
Spots:
[3, 4, 8, 9, 13, 16, 17, 19, 23, 44, 45, 51, 52, 57, 59, 63, 70, 74, 77, 79]
Bonus: 59
Mean: 39.15
Std_dev: 26.78427464802907
Variance: 717.3973684210526
Median: 44.5
Avg Distance: 4.0
2019-03-17 2480235
Spots:
[6, 7, 10, 24, 25, 27, 32, 34, 36, 37, 39, 43, 44, 51, 53, 62, 69, 70, 75, 79]
Bonus: 62
Mean: 41.15
Std_dev: 21.981511369905007
Variance: 483.18684210526317
Median: 38.0
Avg Distance: 3.8421052631578947
2019-03-17 2480236
Spots:
[5, 6, 7, 11, 12, 22, 30, 32, 36, 42, 44, 55, 59, 61, 62, 66, 72, 75, 77, 80]
Bonus: 6
Mean: 42.7
Std_dev: 26.034592372457073
Variance: 677.8
Median: 43.0
Avg Distance: 3.9473684210526314
2019-03-17 2480237
Spots:
[1, 4, 7, 10, 15, 17, 20, 22, 36, 40, 44, 47, 48, 55, 59, 63, 68, 72, 73, 80]
Bonus: 55
Mean: 39.05
Std_dev: 25.57028497463825
Variance: 653.8394736842105
Median: 42.0
Avg Distance: 4.157894736842105
2019-03-17 2480238
Spots:
[4, 6, 8, 19, 29, 32, 33, 36, 38, 41, 47, 48, 50, 53, 60, 67, 69, 74, 75, 80]
Bonus: 19
Mean: 43.45
Std_dev: 23.245769281176397
Variance: 540.3657894736842
Median: 44.0
Avg Distance: 4.0
2019-03-17 2480239
Spots:
[5, 7, 8, 17, 22, 23, 27, 33, 46, 53, 54, 58, 59, 62, 68, 71, 72, 75, 76, 79]
Bonus: 33
Mean: 45.75
Std_dev: 25.564932807924297
Variance: 653.5657894736842
Median: 53.5
Avg Distance: 3.8947368421052633
2019-03-17 2480240
Spots:
[1, 3, 5, 6, 7, 17, 22, 28, 33, 36, 38, 40, 46, 48, 49, 55, 60, 72, 76, 78]
Bonus: 36
Mean: 36
Std_dev: 24.789641300137315
Variance: 614.5263157894736
Median: 37.0
Avg Distance: 4.052631578947368
2019-03-17 2480241
Spots:
[4, 7, 8, 10, 18, 19, 22, 25, 26, 31, 36, 41, 45, 51, 53, 54, 62, 66, 68, 80]
Bonus: 51
Mean: 36.3
Std_dev: 22.778336892296316
Variance: 518.8526315789474
Median: 33.5
Avg Distance: 4.0
2019-03-17 2480242
Spots:
[5, 7, 10, 19, 20, 21, 25, 28, 34, 37, 38, 40, 47, 52, 53, 58, 65, 73, 77, 80]
Bonus: 73
Mean: 39.45
Std_dev: 23.16638899240381
Variance: 536.6815789473684
Median: 37.5
Avg Distance: 3.9473684210526314
2019-03-17 2480243
Spots:
[7, 11, 12, 13, 17, 18, 19, 24, 30, 34, 37, 43, 44, 48, 54, 55, 65, 75, 76, 79]
Bonus: 79
Mean: 38.05
Std_dev: 23.39472500147708
Variance: 547.3131578947368
Median: 35.5
Avg Distance: 3.789473684210526
2019-03-17 2480244
Spots:
[12, 29, 34, 38, 40, 43, 46, 48, 49, 52, 55, 56, 57, 60, 61, 63, 68, 72, 73, 74]
Bonus: 12
Mean: 51.5
Std_dev: 15.939028564468645
Variance: 254.05263157894737
Median: 53.5
Avg Distance: 3.263157894736842
2019-03-17 2480245
Spots:
[2, 14, 16, 17, 19, 22, 24, 29, 30, 37, 40, 46, 47, 48, 50, 55, 58, 67, 71, 76]
Bonus: 2
Mean: 38.4
Std_dev: 20.785622561356153
Variance: 432.0421052631579
Median: 38.5
Avg Distance: 3.8947368421052633
2019-03-17 2480246
Spots:
[3, 8, 13, 15, 17, 19, 20, 23, 24, 32, 34, 47, 48, 49, 54, 57, 66, 67, 70, 78]
Bonus: 8
Mean: 37.2
Std_dev: 22.979624842341025
Variance: 528.0631578947368
Median: 33.0
Avg Distance: 3.9473684210526314
2019-03-17 2480247
Spots:
[5, 9, 12, 22, 25, 27, 28, 29, 38, 47, 50, 52, 55, 57, 59, 62, 65, 70, 74, 77]
Bonus: 38
Mean: 43.15
Std_dev: 22.314203642759164
Variance: 497.9236842105263
Median: 48.5
Avg Distance: 3.789473684210526
2019-03-17 2480248
Spots:
[4, 19, 20, 21, 24, 25, 26, 30, 31, 35, 46, 55, 58, 59, 63, 67, 71, 74, 77, 78]
Bonus: 26
Mean: 44.15
Std_dev: 23.136380556672165
Variance: 535.2921052631579
Median: 40.5
Avg Distance: 3.8947368421052633
2019-03-17 2480249
Spots:
[3, 4, 6, 9, 14, 21, 23, 26, 29, 38, 39, 40, 45, 48, 56, 57, 59, 60, 67, 68]
Bonus: 38
Mean: 35.6
Std_dev: 21.704716926099387
Variance: 471.09473684210525
Median: 38.5
Avg Distance: 3.4210526315789473
2019-03-17 2480250
Spots:
[2, 9, 10, 13, 19, 24, 28, 35, 39, 49, 50, 54, 56, 57, 60, 62, 63, 64, 74, 77]
Bonus: 74
Mean: 42.25
Std_dev: 23.210421887818548
Variance: 538.7236842105264
Median: 49.5
Avg Distance: 3.9473684210526314
2019-03-17 2480251
Spots:
[4, 11, 12, 13, 17, 24, 31, 39, 54, 57, 60, 63, 64, 65, 67, 70, 74, 75, 77, 80]
Bonus: 63
Mean: 47.85
Std_dev: 26.034946150369347
Variance: 677.8184210526316
Median: 58.5
Avg Distance: 4.0
2019-03-17 2480252
Spots:
[2, 5, 9, 28, 29, 31, 32, 36, 41, 44, 49, 53, 54, 55, 62, 63, 65, 69, 70, 75]
Bonus: 31
Mean: 43.6
Std_dev: 21.87139443969776
Variance: 478.3578947368421
Median: 46.5
Avg Distance: 3.8421052631578947
2019-03-17 2480253
Spots:
[9, 14, 18, 19, 21, 24, 32, 41, 43, 44, 47, 48, 54, 58, 61, 62, 65, 70, 71, 73]
Bonus: 32
Mean: 43.7
Std_dev: 20.68332661831747
Variance: 427.8
Median: 45.5
Avg Distance: 3.3684210526315788
2019-03-17 2480254
Spots:
[1, 12, 15, 19, 21, 25, 27, 29, 32, 33, 38, 39, 46, 48, 54, 58, 60, 65, 79, 80]
Bonus: 12
Mean: 39.05
Std_dev: 21.900432584047763
Variance: 479.62894736842105
Median: 35.5
Avg Distance: 4.157894736842105
2019-03-17 2480255
Spots:
[6, 18, 21, 22, 23, 24, 25, 32, 40, 41, 46, 52, 55, 56, 65, 70, 75, 76, 77, 80]
Bonus: 32
Mean: 45.2
Std_dev: 23.27772823062739
Variance: 541.8526315789474
Median: 43.5
Avg Distance: 3.8947368421052633
2019-03-17 2480256
Spots:
[4, 10, 11, 15, 17, 23, 27, 35, 39, 49, 52, 53, 56, 57, 59, 60, 62, 64, 67, 72]
Bonus: 72
Mean: 41.6
Std_dev: 21.929072267798194
Variance: 480.8842105263158
Median: 50.5
Avg Distance: 3.5789473684210527
2019-03-17 2480257
Spots:
[12, 14, 15, 21, 24, 27, 28, 30, 38, 47, 49, 55, 57, 58, 61, 64, 66, 69, 73, 79]
Bonus: 30
Mean: 44.35
Std_dev: 21.58526544220678
Variance: 465.9236842105263
Median: 48.0
Avg Distance: 3.526315789473684
2019-03-17 2480258
Spots:
[3, 5, 6, 15, 21, 22, 26, 31, 33, 36, 38, 40, 42, 55, 56, 58, 61, 62, 76, 77]
Bonus: 22
Mean: 38.15
Std_dev: 22.637358503146963
Variance: 512.45
Median: 37.0
Avg Distance: 3.8947368421052633
2019-03-17 2480259
Spots:
[8, 17, 23, 28, 29, 30, 33, 35, 49, 50, 51, 55, 58, 60, 61, 64, 70, 74, 79, 80]
Bonus: 51
Mean: 47.7
Std_dev: 21.201042675451504
Variance: 449.4842105263158
Median: 50.5
Avg Distance: 3.789473684210526
2019-03-17 2480260
Spots:
[2, 5, 6, 7, 10, 12, 14, 30, 37, 39, 43, 44, 52, 55, 62, 64, 66, 68, 69, 80]
Bonus: 7
Mean: 38.25
Std_dev: 25.83118270617898
Variance: 667.25
Median: 41.0
Avg Distance: 4.105263157894737
2019-03-17 2480261
Spots:
[3, 5, 6, 9, 11, 14, 18, 22, 25, 30, 35, 36, 39, 43, 50, 53, 60, 61, 71, 72]
Bonus: 50
Mean: 33.15
Std_dev: 22.441209743167637
Variance: 503.6078947368421
Median: 32.5
Avg Distance: 3.6315789473684212
2019-03-17 2480262
Spots:
[11, 14, 15, 18, 21, 24, 30, 33, 34, 36, 38, 49, 51, 52, 53, 54, 55, 64, 72, 73]
Bonus: 15
Mean: 39.85
Std_dev: 19.293508589269358
Variance: 372.2394736842105
Median: 37.0
Avg Distance: 3.263157894736842
2019-03-17 2480263
Spots:
[1, 4, 6, 10, 14, 29, 30, 33, 36, 41, 42, 45, 49, 51, 55, 58, 66, 67, 76, 80]
Bonus: 36
Mean: 39.65
Std_dev: 23.967686580060246
Variance: 574.45
Median: 41.5
Avg Distance: 4.157894736842105
2019-03-17 2480264
Spots:
[4, 5, 9, 12, 20, 25, 26, 30, 35, 36, 44, 45, 47, 57, 66, 71, 72, 74, 79, 80]
Bonus: 20
Mean: 41.85
Std_dev: 25.625388315414646
Variance: 656.6605263157895
Median: 40.0
Avg Distance: 4.0
2019-03-17 2480265
Spots:
[1, 6, 12, 13, 17, 23, 26, 27, 30, 31, 32, 35, 47, 49, 55, 62, 67, 70, 74, 77]
Bonus: 26
Mean: 37.7
Std_dev: 23.541899936742126
Variance: 554.2210526315789
Median: 31.5
Avg Distance: 4.0
2019-03-17 2480266
Spots:
[11, 16, 18, 20, 21, 24, 26, 34, 39, 43, 50, 52, 55, 56, 57, 64, 66, 69, 71, 76]
Bonus: 11
Mean: 43.4
Std_dev: 20.89170069416889
Variance: 436.46315789473687
Median: 46.5
Avg Distance: 3.4210526315789473
2019-03-17 2480267
Spots:
[4, 8, 21, 22, 26, 28, 29, 36, 43, 44, 49, 52, 53, 55, 56, 60, 64, 67, 72, 74]
Bonus: 29
Mean: 43.15
Std_dev: 20.607293037072807
Variance: 424.66052631578947
Median: 46.5
Avg Distance: 3.6842105263157894
2019-03-17 2480268
Spots:
[5, 8, 13, 14, 15, 23, 28, 31, 33, 34, 37, 48, 50, 54, 62, 65, 68, 71, 78, 80]
Bonus: 31
Mean: 40.85
Std_dev: 24.203686104654217
Variance: 585.8184210526316
Median: 35.5
Avg Distance: 3.9473684210526314
2019-03-17 2480269
Spots:
[2, 3, 4, 5, 6, 14, 16, 18, 19, 33, 35, 38, 42, 46, 53, 54, 58, 71, 74, 76]
Bonus: 74
Mean: 33.35
Std_dev: 25.133904549328122
Variance: 631.7131578947368
Median: 34.0
Avg Distance: 3.8947368421052633
2019-03-17 2480270
Spots:
[1, 2, 5, 12, 20, 22, 25, 41, 42, 47, 48, 57, 58, 60, 61, 63, 66, 75, 76, 79]
Bonus: 61
Mean: 43
Std_dev: 25.712990777753607
Variance: 661.1578947368421
Median: 47.5
Avg Distance: 4.105263157894737
2019-03-17 2480271
Spots:
[2, 3, 4, 6, 7, 12, 16, 18, 28, 44, 46, 49, 50, 51, 60, 64, 67, 69, 71, 78]
Bonus: 46
Mean: 37.25
Std_dev: 26.651503364331013
Variance: 710.3026315789474
Median: 45.0
Avg Distance: 4.0
2019-03-17 2480272
Spots:
[8, 15, 24, 27, 32, 39, 40, 44, 45, 46, 47, 49, 54, 56, 57, 58, 60, 77, 79, 80]
Bonus: 39
Mean: 46.85
Std_dev: 19.68508652708815
Variance: 387.5026315789474
Median: 46.5
Avg Distance: 3.789473684210526
2019-03-17 2480273
Spots:
[5, 13, 19, 21, 27, 29, 33, 36, 37, 41, 42, 43, 46, 50, 53, 54, 64, 65, 69, 72]
Bonus: 27
Mean: 40.95
Std_dev: 18.754578388391348
Variance: 351.7342105263158
Median: 41.5
Avg Distance: 3.526315789473684
2019-03-17 2480274
Spots:
[1, 4, 5, 18, 20, 21, 34, 38, 40, 41, 42, 49, 51, 54, 58, 60, 62, 64, 73, 74]
Bonus: 74
Mean: 40.45
Std_dev: 22.658738293484735
Variance: 513.4184210526315
Median: 41.5
Avg Distance: 3.8421052631578947
2019-03-17 2480275
Spots:
[4, 6, 10, 11, 12, 14, 27, 28, 30, 35, 37, 38, 40, 43, 49, 55, 62, 68, 69, 79]
Bonus: 6
Mean: 35.85
Std_dev: 22.600128085338017
Variance: 510.7657894736842
Median: 36.0
Avg Distance: 3.9473684210526314
2019-03-17 2480276
Spots:
[6, 10, 12, 16, 18, 21, 36, 38, 39, 41, 43, 50, 51, 52, 54, 60, 66, 73, 77, 78]
Bonus: 50
Mean: 42.05
Std_dev: 22.649445212213315
Variance: 512.9973684210527
Median: 42.0
Avg Distance: 3.789473684210526
2019-03-17 2480277
Spots:
[5, 10, 15, 20, 28, 29, 31, 32, 36, 37, 44, 46, 47, 51, 54, 65, 71, 75, 76, 80]
Bonus: 65
Mean: 42.6
Std_dev: 22.44853763845795
Variance: 503.93684210526317
Median: 40.5
Avg Distance: 3.9473684210526314
2019-03-17 2480278
Spots:
[5, 6, 9, 12, 13, 19, 21, 22, 31, 34, 35, 37, 47, 48, 53, 55, 61, 64, 75, 78]
Bonus: 53
Mean: 36.25
Std_dev: 22.991703309077202
Variance: 528.6184210526316
Median: 34.5
Avg Distance: 3.8421052631578947
2019-03-17 2480279
Spots:
[2, 3, 7, 13, 19, 21, 22, 23, 27, 32, 40, 47, 51, 55, 60, 62, 63, 66, 77, 78]
Bonus: 66
Mean: 38.4
Std_dev: 24.628609807551697
Variance: 606.5684210526316
Median: 36.0
Avg Distance: 4.0
2019-03-17 2480280
Spots:
[1, 3, 18, 23, 24, 26, 28, 38, 39, 44, 45, 46, 50, 54, 61, 65, 72, 77, 79, 80]
Bonus: 46
Mean: 43.65
Std_dev: 24.007180943253317
Variance: 576.3447368421052
Median: 44.5
Avg Distance: 4.157894736842105
2019-03-17 2480281
Spots:
[14, 16, 20, 26, 28, 29, 30, 34, 37, 43, 44, 48, 49, 50, 62, 70, 72, 74, 75, 78]
Bonus: 20
Mean: 44.95
Std_dev: 20.86415964985738
Variance: 435.31315789473683
Median: 43.5
Avg Distance: 3.3684210526315788
2019-03-17 2480282
Spots:
[2, 3, 11, 15, 26, 34, 36, 40, 43, 45, 47, 48, 49, 50, 61, 65, 71, 75, 77, 80]
Bonus: 47
Mean: 43.9
Std_dev: 23.810435571514923
Variance: 566.9368421052632
Median: 46.0
Avg Distance: 4.105263157894737
2019-03-17 2480283
Spots:
[3, 6, 7, 9, 16, 18, 27, 32, 35, 42, 47, 49, 55, 59, 62, 67, 72, 74, 77, 80]
Bonus: 72
Mean: 41.85
Std_dev: 26.063232824482036
Variance: 679.2921052631579
Median: 44.5
Avg Distance: 4.052631578947368
2019-03-17 2480284
Spots:
[1, 5, 13, 15, 16, 17, 21, 22, 42, 44, 46, 47, 48, 58, 60, 62, 63, 70, 74, 75]
Bonus: 1
Mean: 39.95
Std_dev: 24.145338440805766
Variance: 582.9973684210527
Median: 45.0
Avg Distance: 3.8947368421052633
2019-03-17 2480285
Spots:
[1, 6, 9, 10, 16, 26, 30, 37, 43, 45, 50, 52, 54, 55, 57, 58, 59, 61, 64, 76]
Bonus: 43
Mean: 40.45
Std_dev: 22.24380457802269
Variance: 494.7868421052632
Median: 47.5
Avg Distance: 3.9473684210526314
2019-03-17 2480286
Spots:
[1, 4, 9, 17, 18, 20, 24, 26, 30, 31, 49, 54, 56, 61, 63, 64, 66, 71, 76, 78]
Bonus: 61
Mean: 40.9
Std_dev: 25.405966974211722
Variance: 645.4631578947368
Median: 40.0
Avg Distance: 4.052631578947368
2019-03-17 2480287
Spots:
[2, 15, 16, 17, 25, 27, 28, 32, 36, 38, 39, 48, 55, 56, 63, 64, 68, 72, 73, 79]
Bonus: 79
Mean: 42.65
Std_dev: 22.62340427638227
Variance: 511.81842105263155
Median: 38.5
Avg Distance: 4.052631578947368
2019-03-17 2480288
Spots:
[3, 4, 6, 9, 16, 18, 25, 30, 31, 35, 43, 45, 51, 53, 59, 65, 72, 73, 74, 79]
Bonus: 65
Mean: 39.55
Std_dev: 25.51465007443866
Variance: 650.9973684210527
Median: 39.0
Avg Distance: 4.0
2019-03-17 2480289
Spots:
[1, 3, 4, 7, 9, 11, 13, 21, 23, 26, 27, 37, 43, 58, 61, 63, 64, 71, 73, 78]
Bonus: 71
Mean: 34.65
Std_dev: 26.78427464802907
Variance: 717.3973684210526
Median: 26.5
Avg Distance: 4.052631578947368
2019-03-17 2480290
Spots:
[1, 3, 5, 7, 8, 12, 19, 20, 26, 28, 33, 34, 43, 46, 50, 54, 56, 71, 75, 77]
Bonus: 19
Mean: 33.4
Std_dev: 24.664912218308057
Variance: 608.3578947368421
Median: 30.5
Avg Distance: 4.0
2019-03-17 2480291
Spots:
[8, 11, 14, 19, 23, 41, 42, 44, 46, 48, 49, 50, 53, 56, 64, 67, 68, 69, 72, 73]
Bonus: 64
Mean: 45.85
Std_dev: 20.971848298436445
Variance: 439.8184210526316
Median: 48.5
Avg Distance: 3.4210526315789473
2019-03-17 2480292
Spots:
[2, 8, 17, 20, 23, 25, 30, 31, 32, 35, 36, 37, 42, 43, 46, 51, 55, 59, 61, 68]
Bonus: 37
Mean: 36.05
Std_dev: 17.584308196140164
Variance: 309.2078947368421
Median: 35.5
Avg Distance: 3.473684210526316
2019-03-17 2480293
Spots:
[9, 10, 16, 17, 18, 22, 23, 29, 35, 36, 45, 46, 48, 50, 55, 62, 63, 64, 74, 77]
Bonus: 50
Mean: 39.95
Std_dev: 21.50758740048436
Variance: 462.5763157894737
Median: 40.5
Avg Distance: 3.5789473684210527
2019-03-17 2480294
Spots:
[1, 2, 3, 6, 17, 21, 27, 30, 41, 49, 55, 63, 67, 68, 69, 73, 74, 75, 76, 78]
Bonus: 30
Mean: 44.75
Std_dev: 28.65194950655742
Variance: 820.9342105263158
Median: 52.0
Avg Distance: 4.052631578947368
2019-03-17 2480295
Spots:
[2, 4, 5, 10, 12, 15, 22, 23, 29, 36, 40, 41, 44, 46, 53, 54, 56, 57, 59, 78]
Bonus: 56
Mean: 34.3
Std_dev: 21.935551532902736
Variance: 481.1684210526316
Median: 38.0
Avg Distance: 4.0
2019-03-17 2480296
Spots:
[5, 6, 7, 19, 23, 24, 25, 28, 31, 33, 36, 47, 50, 51, 53, 62, 64, 70, 75, 76]
Bonus: 36
Mean: 39.25
Std_dev: 22.80321999423027
Variance: 519.9868421052631
Median: 34.5
Avg Distance: 3.736842105263158
2019-03-17 2480297
Spots:
[4, 9, 11, 23, 26, 35, 39, 40, 41, 42, 50, 51, 53, 54, 60, 66, 68, 70, 73, 78]
Bonus: 68
Mean: 44.65
Std_dev: 21.83737742110025
Variance: 476.87105263157895
Median: 46.0
Avg Distance: 3.8947368421052633
2019-03-17 2480298
Spots:
[2, 4, 6, 10, 16, 30, 32, 36, 39, 42, 43, 49, 51, 55, 57, 58, 60, 62, 79, 80]
Bonus: 16
Mean: 40.55
Std_dev: 23.625309800252243
Variance: 558.1552631578948
Median: 42.5
Avg Distance: 4.105263157894737
2019-03-17 2480299
Spots:
[2, 7, 16, 25, 32, 37, 38, 39, 40, 45, 46, 54, 57, 61, 67, 68, 69, 70, 74, 80]
Bonus: 61
Mean: 46.35
Std_dev: 22.48104464701435
Variance: 505.39736842105265
Median: 45.5
Avg Distance: 4.105263157894737
2019-03-17 2480300
Spots:
[4, 16, 19, 27, 35, 36, 40, 45, 46, 52, 53, 55, 59, 65, 67, 74, 75, 76, 79, 80]
Bonus: 67
Mean: 50.15
Std_dev: 22.448244568574317
Variance: 503.9236842105263
Median: 52.5
Avg Distance: 4.0
2019-03-17 2480301
Spots:
[3, 6, 13, 18, 19, 22, 23, 29, 45, 47, 51, 53, 54, 58, 64, 66, 67, 68, 70, 80]
Bonus: 80
Mean: 42.8
Std_dev: 23.95741836544251
Variance: 573.9578947368421
Median: 49.0
Avg Distance: 4.052631578947368
2019-03-17 2480302
Spots:
[2, 4, 5, 6, 11, 15, 16, 17, 23, 28, 33, 37, 42, 48, 51, 55, 61, 63, 70, 72]
Bonus: 37
Mean: 32.95
Std_dev: 23.504702776924855
Variance: 552.4710526315789
Median: 30.5
Avg Distance: 3.6842105263157894
2019-03-17 2480303
Spots:
[8, 11, 12, 17, 18, 23, 24, 32, 36, 42, 51, 58, 60, 61, 64, 67, 68, 72, 74, 80]
Bonus: 51
Mean: 43.9
Std_dev: 24.215914732171267
Variance: 586.4105263157894
Median: 46.5
Avg Distance: 3.789473684210526
2019-03-17 2480304
Spots:
[6, 9, 16, 17, 18, 24, 26, 29, 47, 50, 52, 55, 56, 61, 64, 68, 69, 71, 77, 78]
Bonus: 24
Mean: 44.65
Std_dev: 24.101266618822734
Variance: 580.871052631579
Median: 51.0
Avg Distance: 3.789473684210526
2019-03-17 2480305
Spots:
[1, 2, 19, 21, 25, 27, 34, 43, 45, 48, 50, 55, 57, 63, 68, 72, 74, 75, 78, 79]
Bonus: 45
Mean: 46.8
Std_dev: 24.780297776555003
Variance: 614.0631578947368
Median: 49.0
Avg Distance: 4.105263157894737
2019-03-17 2480306
Spots:
[8, 14, 18, 20, 21, 33, 34, 36, 37, 42, 43, 45, 60, 61, 62, 63, 65, 68, 74, 76]
Bonus: 60
Mean: 44
Std_dev: 21.136150124969856
Variance: 446.7368421052632
Median: 42.5
Avg Distance: 3.5789473684210527
2019-03-17 2480307
Spots:
[1, 4, 5, 7, 11, 12, 13, 14, 20, 21, 27, 28, 33, 38, 59, 63, 71, 72, 73, 75]
Bonus: 12
Mean: 32.35
Std_dev: 26.464027222667855
Variance: 700.3447368421052
Median: 24.0
Avg Distance: 3.8947368421052633
2019-03-17 2480308
Spots:
[1, 2, 6, 11, 18, 26, 31, 36, 50, 51, 54, 56, 58, 59, 60, 62, 70, 74, 78, 79]
Bonus: 60
Mean: 44.1
Std_dev: 25.81900564761507
Variance: 666.6210526315789
Median: 52.5
Avg Distance: 4.105263157894737
2019-03-17 2480309
Spots:
[2, 3, 4, 6, 16, 20, 23, 24, 28, 29, 30, 49, 50, 53, 55, 64, 67, 75, 76, 80]
Bonus: 53
Mean: 37.7
Std_dev: 26.203856686815357
Variance: 686.6421052631579
Median: 29.5
Avg Distance: 4.105263157894737
2019-03-17 2480310
Spots:
[5, 8, 15, 20, 26, 33, 37, 38, 44, 45, 47, 53, 55, 58, 61, 66, 69, 70, 73, 78]
Bonus: 47
Mean: 45.05
Std_dev: 22.02982428197594
Variance: 485.31315789473683
Median: 46.0
Avg Distance: 3.8421052631578947
2019-03-17 2480311
Spots:
[1, 7, 11, 16, 18, 23, 25, 26, 29, 36, 39, 40, 44, 52, 53, 56, 62, 66, 67, 74]
Bonus: 52
Mean: 37.25
Std_dev: 21.567214396905904
Variance: 465.14473684210526
Median: 37.5
Avg Distance: 3.8421052631578947
2019-03-17 2480312
Spots:
[4, 7, 8, 11, 14, 25, 27, 29, 31, 34, 43, 48, 55, 56, 57, 58, 61, 62, 70, 72]
Bonus: 61
Mean: 38.6
Std_dev: 22.401597687383113
Variance: 501.8315789473684
Median: 38.5
Avg Distance: 3.5789473684210527
2019-03-17 2480313
Spots:
[4, 6, 7, 9, 23, 32, 35, 36, 37, 42, 44, 45, 48, 49, 53, 58, 68, 71, 72, 80]
Bonus: 72
Mean: 40.95
Std_dev: 22.871437024790275
Variance: 523.1026315789474
Median: 43.0
Avg Distance: 4.0
2019-03-17 2480314
Spots:
[3, 12, 19, 26, 27, 28, 43, 47, 54, 56, 61, 62, 64, 65, 69, 70, 71, 72, 73, 79]
Bonus: 62
Mean: 50.05
Std_dev: 23.00451900685694
Variance: 529.2078947368421
Median: 58.5
Avg Distance: 4.0
2019-03-17 2480315
Spots:
[1, 7, 9, 11, 12, 13, 22, 27, 28, 30, 37, 39, 45, 48, 51, 52, 55, 62, 63, 70]
Bonus: 48
Mean: 34.1
Std_dev: 21.11098491805928
Variance: 445.67368421052635
Median: 33.5
Avg Distance: 3.6315789473684212
2019-03-17 2480316
Spots:
[15, 22, 24, 27, 28, 34, 39, 41, 43, 46, 48, 51, 52, 60, 62, 63, 65, 66, 68, 77]
Bonus: 62
Mean: 46.55
Std_dev: 17.679827934385383
Variance: 312.5763157894737
Median: 47.0
Avg Distance: 3.263157894736842
2019-03-17 2480317
Spots:
[3, 8, 9, 17, 22, 23, 28, 31, 34, 40, 41, 49, 55, 58, 67, 68, 70, 71, 75, 80]
Bonus: 49
Mean: 42.45
Std_dev: 24.566719036341144
Variance: 603.5236842105263
Median: 40.5
Avg Distance: 4.052631578947368
2019-03-17 2480318
Spots:
[1, 2, 7, 9, 10, 14, 22, 23, 25, 32, 40, 44, 50, 53, 58, 60, 61, 65, 66, 75]
Bonus: 7
Mean: 35.85
Std_dev: 24.19716164303052
Variance: 585.5026315789473
Median: 36.0
Avg Distance: 3.8947368421052633
2019-03-17 2480319
Spots:
[1, 5, 8, 10, 11, 14, 20, 28, 33, 35, 37, 40, 50, 54, 60, 67, 69, 70, 73, 76]
Bonus: 20
Mean: 38.05
Std_dev: 25.432004288008116
Variance: 646.7868421052632
Median: 36.0
Avg Distance: 3.9473684210526314
2019-03-17 2480320
Spots:
[5, 10, 11, 13, 26, 29, 31, 35, 37, 39, 46, 49, 52, 59, 64, 72, 73, 77, 78, 79]
Bonus: 49
Mean: 44.25
Std_dev: 24.507517643625835
Variance: 600.6184210526316
Median: 42.5
Avg Distance: 3.8947368421052633
2019-03-17 2480321
Spots:
[3, 5, 15, 20, 22, 33, 36, 38, 40, 43, 49, 54, 56, 57, 59, 63, 68, 74, 78, 80]
Bonus: 40
Mean: 44.65
Std_dev: 23.265685144933038
Variance: 541.2921052631579
Median: 46.0
Avg Distance: 4.052631578947368
2019-03-17 2480322
Spots:
[11, 22, 24, 31, 33, 44, 46, 48, 49, 51, 52, 53, 59, 61, 62, 64, 65, 66, 72, 77]
Bonus: 22
Mean: 49.5
Std_dev: 17.670969353567926
Variance: 312.2631578947368
Median: 51.5
Avg Distance: 3.473684210526316
2019-03-17 2480323
Spots:
[1, 5, 6, 7, 12, 20, 25, 27, 28, 39, 42, 44, 46, 50, 51, 58, 62, 66, 71, 80]
Bonus: 39
Mean: 37
Std_dev: 23.903314018199058
Variance: 571.3684210526316
Median: 40.5
Avg Distance: 4.157894736842105
2019-03-17 2480324
Spots:
[2, 5, 6, 8, 15, 21, 39, 40, 42, 43, 47, 49, 54, 55, 64, 66, 70, 72, 76, 79]
Bonus: 5
Mean: 42.65
Std_dev: 25.394311422670608
Variance: 644.8710526315789
Median: 45.0
Avg Distance: 4.052631578947368
2019-03-17 2480325
Spots:
[7, 9, 11, 16, 23, 27, 28, 41, 43, 47, 48, 54, 57, 58, 59, 61, 63, 67, 77, 79]
Bonus: 27
Mean: 43.75
Std_dev: 22.55957026466408
Variance: 508.9342105263158
Median: 47.5
Avg Distance: 3.789473684210526
2019-03-17 2480326
Spots:
[2, 3, 7, 13, 19, 25, 26, 27, 30, 34, 35, 41, 43, 46, 52, 59, 60, 61, 65, 71]
Bonus: 59
Mean: 35.95
Std_dev: 21.117403648225917
Variance: 445.94473684210527
Median: 34.5
Avg Distance: 3.6315789473684212
2019-03-17 2480327
Spots:
[5, 13, 14, 15, 16, 18, 20, 23, 26, 31, 35, 36, 41, 44, 49, 61, 71, 73, 74, 77]
Bonus: 61
Mean: 37.1
Std_dev: 23.246731518985406
Variance: 540.4105263157895
Median: 33.0
Avg Distance: 3.789473684210526
2019-03-17 2480328
Spots:
[1, 2, 6, 7, 14, 17, 25, 27, 30, 34, 35, 39, 41, 47, 54, 62, 66, 76, 78, 79]
Bonus: 27
Mean: 37
Std_dev: 25.606331453886867
Variance: 655.6842105263158
Median: 34.5
Avg Distance: 4.105263157894737
2019-03-17 2480329
Spots:
[3, 4, 7, 10, 11, 26, 29, 31, 33, 37, 46, 50, 52, 60, 67, 75, 76, 77, 78, 79]
Bonus: 3
Mean: 42.55
Std_dev: 27.22706664139082
Variance: 741.3131578947368
Median: 41.5
Avg Distance: 4.0
2019-03-17 2480330
Spots:
[1, 3, 7, 11, 17, 22, 23, 24, 25, 29, 32, 41, 54, 56, 62, 69, 71, 75, 76, 78]
Bonus: 41
Mean: 38.8
Std_dev: 26.460695777938863
Variance: 700.1684210526316
Median: 30.5
Avg Distance: 4.052631578947368
2019-03-17 2480331
Spots:
[1, 6, 9, 10, 11, 17, 28, 29, 31, 32, 41, 42, 46, 48, 57, 60, 61, 62, 68, 71]
Bonus: 57
Mean: 36.5
Std_dev: 22.404181940455953
Variance: 501.94736842105266
Median: 36.5
Avg Distance: 3.6842105263157894
2019-03-17 2480332
Spots:
[4, 8, 12, 13, 17, 21, 23, 27, 28, 32, 33, 37, 39, 41, 47, 49, 54, 58, 66, 80]
Bonus: 32
Mean: 34.45
Std_dev: 20.20806248688093
Variance: 408.36578947368423
Median: 32.5
Avg Distance: 4.0
2019-03-17 2480333
Spots:
[4, 11, 13, 18, 20, 23, 25, 33, 36, 37, 38, 47, 50, 51, 55, 60, 62, 71, 76, 77]
Bonus: 51
Mean: 40.35
Std_dev: 22.17697952951735
Variance: 491.81842105263155
Median: 37.5
Avg Distance: 3.8421052631578947
2019-03-17 2480334
Spots:
[2, 12, 16, 19, 20, 25, 31, 33, 43, 44, 45, 47, 48, 49, 50, 51, 55, 69, 77, 80]
Bonus: 49
Mean: 40.8
Std_dev: 21.135154052954174
Variance: 446.69473684210527
Median: 44.5
Avg Distance: 4.105263157894737
2019-03-17 2480335
Spots:
[6, 9, 12, 15, 17, 25, 28, 31, 34, 42, 46, 50, 56, 57, 61, 67, 73, 74, 76, 78]
Bonus: 57
Mean: 42.85
Std_dev: 24.299176940793696
Variance: 590.45
Median: 44.0
Avg Distance: 3.789473684210526
