2019-03-16 2479736
Spots:
[2, 9, 15, 18, 20, 22, 27, 28, 38, 40, 44, 45, 47, 49, 54, 55, 62, 70, 73, 74]
Bonus: 9
Mean: 39.6
Std_dev: 21.48781784615352
Variance: 461.7263157894737
Median: 42.0
Avg Distance: 3.789473684210526
2019-03-16 2479737
Spots:
[12, 13, 15, 17, 34, 37, 48, 53, 54, 55, 57, 59, 66, 69, 70, 73, 75, 77, 78, 80]
Bonus: 78
Mean: 52.1
Std_dev: 23.20594297747205
Variance: 538.5157894736842
Median: 56.0
Avg Distance: 3.5789473684210527
2019-03-16 2479738
Spots:
[2, 6, 14, 27, 29, 33, 35, 38, 39, 49, 51, 54, 57, 58, 66, 68, 72, 74, 75, 80]
Bonus: 6
Mean: 46.35
Std_dev: 23.299593400563428
Variance: 542.8710526315789
Median: 50.0
Avg Distance: 4.105263157894737
2019-03-16 2479739
Spots:
[2, 10, 13, 15, 19, 23, 32, 33, 38, 42, 43, 50, 54, 55, 65, 68, 70, 77, 79, 80]
Bonus: 80
Mean: 43.4
Std_dev: 24.758624228422114
Variance: 612.9894736842106
Median: 42.5
Avg Distance: 4.105263157894737
2019-03-16 2479740
Spots:
[1, 6, 7, 11, 14, 17, 22, 24, 28, 34, 37, 43, 46, 49, 53, 56, 64, 65, 67, 79]
Bonus: 11
Mean: 36.15
Std_dev: 23.26794723264286
Variance: 541.3973684210526
Median: 35.5
Avg Distance: 4.105263157894737
2019-03-16 2479741
Spots:
[10, 11, 18, 19, 20, 21, 23, 25, 33, 37, 39, 41, 43, 49, 51, 55, 67, 71, 73, 75]
Bonus: 73
Mean: 39.05
Std_dev: 21.055003155894724
Variance: 443.31315789473683
Median: 38.0
Avg Distance: 3.4210526315789473
2019-03-16 2479742
Spots:
[3, 8, 9, 10, 16, 19, 20, 26, 29, 31, 32, 35, 40, 41, 42, 44, 57, 58, 64, 78]
Bonus: 57
Mean: 33.1
Std_dev: 20.338969595594715
Variance: 413.6736842105263
Median: 31.5
Avg Distance: 3.9473684210526314
2019-03-16 2479743
Spots:
[1, 3, 5, 13, 23, 24, 27, 33, 35, 39, 40, 45, 48, 49, 53, 60, 64, 65, 72, 75]
Bonus: 3
Mean: 38.7
Std_dev: 22.697321891638044
Variance: 515.1684210526316
Median: 39.5
Avg Distance: 3.8947368421052633
2019-03-16 2479744
Spots:
[4, 6, 8, 24, 33, 36, 41, 42, 45, 46, 48, 50, 56, 58, 60, 62, 66, 67, 70, 75]
Bonus: 4
Mean: 44.85
Std_dev: 21.213885720641116
Variance: 450.0289473684211
Median: 47.0
Avg Distance: 3.736842105263158
2019-03-16 2479745
Spots:
[2, 4, 6, 8, 18, 22, 33, 40, 46, 48, 53, 56, 61, 63, 65, 66, 71, 72, 74, 77]
Bonus: 4
Mean: 44.25
Std_dev: 25.875969343653278
Variance: 669.5657894736842
Median: 50.5
Avg Distance: 3.9473684210526314
2019-03-16 2479746
Spots:
[2, 9, 20, 28, 30, 36, 46, 49, 50, 51, 60, 61, 64, 68, 69, 70, 73, 75, 76, 77]
Bonus: 73
Mean: 50.7
Std_dev: 22.98076999305472
Variance: 528.1157894736842
Median: 55.5
Avg Distance: 3.9473684210526314
2019-03-16 2479747
Spots:
[7, 8, 14, 19, 22, 23, 38, 41, 42, 43, 44, 46, 48, 56, 58, 68, 69, 77, 78, 80]
Bonus: 23
Mean: 44.05
Std_dev: 23.245769281176397
Variance: 540.3657894736842
Median: 43.5
Avg Distance: 3.8421052631578947
2019-03-16 2479748
Spots:
[4, 5, 8, 9, 14, 17, 25, 39, 41, 46, 47, 48, 49, 63, 65, 66, 68, 73, 76, 77]
Bonus: 48
Mean: 42
Std_dev: 25.604275958683562
Variance: 655.578947368421
Median: 46.5
Avg Distance: 3.8421052631578947
2019-03-16 2479749
Spots:
[7, 8, 14, 24, 27, 32, 35, 39, 41, 44, 47, 49, 51, 54, 57, 67, 68, 76, 78, 79]
Bonus: 51
Mean: 44.85
Std_dev: 22.195957431834056
Variance: 492.66052631578947
Median: 45.5
Avg Distance: 3.789473684210526
2019-03-16 2479750
Spots:
[2, 5, 8, 9, 15, 22, 26, 27, 29, 33, 37, 38, 43, 53, 54, 58, 62, 68, 71, 72]
Bonus: 26
Mean: 36.6
Std_dev: 22.79288901112986
Variance: 519.5157894736842
Median: 35.0
Avg Distance: 3.6842105263157894
2019-03-16 2479751
Spots:
[8, 10, 16, 19, 21, 28, 36, 37, 40, 43, 48, 49, 54, 55, 57, 60, 62, 77, 78, 80]
Bonus: 80
Mean: 43.9
Std_dev: 22.157094622383667
Variance: 490.93684210526317
Median: 45.5
Avg Distance: 3.789473684210526
2019-03-16 2479752
Spots:
[5, 8, 13, 16, 17, 18, 19, 23, 32, 33, 35, 42, 43, 49, 57, 62, 64, 75, 77, 79]
Bonus: 64
Mean: 38.35
Std_dev: 23.99402337864029
Variance: 575.7131578947368
Median: 34.0
Avg Distance: 3.8947368421052633
2019-03-16 2479753
Spots:
[6, 8, 9, 12, 16, 17, 19, 33, 39, 40, 43, 44, 46, 50, 54, 56, 58, 59, 67, 72]
Bonus: 72
Mean: 37.4
Std_dev: 21.072306595699434
Variance: 444.0421052631579
Median: 41.5
Avg Distance: 3.473684210526316
2019-03-16 2479754
Spots:
[5, 8, 14, 19, 20, 27, 36, 37, 40, 41, 42, 43, 45, 49, 51, 53, 58, 60, 62, 70]
Bonus: 41
Mean: 39
Std_dev: 18.4362343454976
Variance: 339.89473684210526
Median: 41.5
Avg Distance: 3.4210526315789473
2019-03-16 2479755
Spots:
[6, 16, 17, 31, 32, 35, 37, 41, 45, 47, 53, 55, 63, 68, 75, 76, 77, 78, 79, 80]
Bonus: 16
Mean: 50.55
Std_dev: 23.453144778472673
Variance: 550.05
Median: 50.0
Avg Distance: 3.8947368421052633
2019-03-16 2479756
Spots:
[1, 10, 14, 20, 28, 29, 33, 41, 43, 44, 49, 52, 59, 60, 62, 64, 69, 74, 75, 76]
Bonus: 43
Mean: 45.15
Std_dev: 22.79260036895631
Variance: 519.5026315789473
Median: 46.5
Avg Distance: 3.9473684210526314
2019-03-16 2479757
Spots:
[4, 6, 12, 13, 14, 16, 23, 25, 29, 30, 33, 38, 39, 41, 44, 45, 46, 50, 70, 77]
Bonus: 4
Mean: 32.75
Std_dev: 19.7374210441406
Variance: 389.5657894736842
Median: 31.5
Avg Distance: 3.8421052631578947
2019-03-16 2479758
Spots:
[3, 8, 9, 16, 18, 26, 31, 34, 36, 41, 49, 51, 55, 57, 58, 64, 67, 70, 76, 78]
Bonus: 49
Mean: 42.35
Std_dev: 23.64045373150818
Variance: 558.871052631579
Median: 45.0
Avg Distance: 3.9473684210526314
2019-03-16 2479759
Spots:
[1, 9, 10, 12, 17, 20, 22, 31, 32, 34, 45, 52, 56, 61, 62, 68, 69, 73, 74, 77]
Bonus: 45
Mean: 41.25
Std_dev: 25.29588067151188
Variance: 639.8815789473684
Median: 39.5
Avg Distance: 4.0
2019-03-16 2479760
Spots:
[3, 5, 13, 17, 22, 25, 32, 34, 35, 36, 41, 45, 46, 59, 62, 67, 70, 72, 76, 79]
Bonus: 25
Mean: 41.95
Std_dev: 23.888942608398732
Variance: 570.6815789473684
Median: 38.5
Avg Distance: 4.0
2019-03-16 2479761
Spots:
[4, 7, 9, 18, 21, 22, 23, 26, 30, 32, 38, 42, 44, 48, 57, 62, 67, 71, 73, 77]
Bonus: 38
Mean: 38.55
Std_dev: 23.091294782598098
Variance: 533.2078947368421
Median: 35.0
Avg Distance: 3.8421052631578947
2019-03-16 2479762
Spots:
[2, 4, 7, 10, 11, 12, 13, 17, 26, 34, 50, 51, 54, 59, 62, 66, 67, 69, 72, 75]
Bonus: 67
Mean: 38.05
Std_dev: 26.680319969674475
Variance: 711.8394736842106
Median: 42.0
Avg Distance: 3.8421052631578947
2019-03-16 2479763
Spots:
[1, 14, 16, 21, 30, 32, 35, 36, 43, 46, 49, 50, 58, 59, 63, 64, 69, 76, 77, 78]
Bonus: 76
Mean: 45.85
Std_dev: 22.502105164675264
Variance: 506.34473684210525
Median: 47.5
Avg Distance: 4.052631578947368
2019-03-16 2479764
Spots:
[2, 9, 10, 11, 25, 26, 29, 33, 35, 38, 39, 43, 45, 48, 64, 67, 68, 75, 76, 78]
Bonus: 48
Mean: 41.05
Std_dev: 23.94835451989398
Variance: 573.5236842105263
Median: 38.5
Avg Distance: 4.0
2019-03-16 2479765
Spots:
[9, 11, 16, 17, 30, 32, 41, 47, 49, 51, 55, 59, 62, 64, 65, 66, 67, 70, 74, 80]
Bonus: 41
Mean: 48.25
Std_dev: 22.11661675849417
Variance: 489.14473684210526
Median: 53.0
Avg Distance: 3.736842105263158
2019-03-16 2479766
Spots:
[7, 21, 22, 24, 26, 27, 29, 31, 38, 44, 54, 56, 59, 60, 61, 64, 72, 73, 77, 80]
Bonus: 64
Mean: 46.25
Std_dev: 21.942208783889317
Variance: 481.4605263157895
Median: 49.0
Avg Distance: 3.8421052631578947
2019-03-16 2479767
Spots:
[12, 18, 21, 29, 30, 31, 32, 33, 34, 35, 37, 41, 43, 45, 49, 50, 52, 53, 61, 80]
Bonus: 61
Mean: 39.3
Std_dev: 15.684722704459569
Variance: 246.01052631578946
Median: 36.0
Avg Distance: 3.5789473684210527
2019-03-16 2479768
Spots:
[1, 6, 8, 12, 25, 28, 31, 35, 36, 41, 44, 46, 59, 61, 64, 66, 68, 71, 75, 78]
Bonus: 64
Mean: 42.75
Std_dev: 24.436545108548085
Variance: 597.1447368421053
Median: 42.5
Avg Distance: 4.052631578947368
2019-03-16 2479769
Spots:
[7, 13, 16, 17, 24, 25, 26, 30, 32, 40, 43, 44, 45, 51, 53, 59, 60, 68, 70, 76]
Bonus: 59
Mean: 39.95
Std_dev: 20.319746683045974
Variance: 412.8921052631579
Median: 41.5
Avg Distance: 3.6315789473684212
2019-03-16 2479770
Spots:
[4, 8, 10, 11, 13, 27, 31, 37, 40, 42, 44, 46, 47, 52, 57, 67, 69, 74, 75, 76]
Bonus: 67
Mean: 41.5
Std_dev: 23.829437787391416
Variance: 567.8421052631579
Median: 43.0
Avg Distance: 3.789473684210526
2019-03-16 2479771
Spots:
[1, 3, 6, 11, 18, 21, 24, 40, 42, 50, 54, 55, 57, 59, 61, 66, 73, 74, 77, 79]
Bonus: 40
Mean: 43.55
Std_dev: 26.320844251377334
Variance: 692.7868421052632
Median: 52.0
Avg Distance: 4.105263157894737
2019-03-16 2479772
Spots:
[1, 4, 5, 13, 17, 20, 34, 35, 38, 48, 50, 51, 52, 53, 61, 62, 63, 67, 68, 76]
Bonus: 61
Mean: 40.9
Std_dev: 23.630711506761482
Variance: 558.4105263157895
Median: 49.0
Avg Distance: 3.9473684210526314
2019-03-16 2479773
Spots:
[1, 3, 6, 13, 18, 25, 26, 27, 29, 30, 36, 37, 39, 43, 61, 65, 70, 76, 77, 80]
Bonus: 29
Mean: 38.1
Std_dev: 25.405966974211722
Variance: 645.4631578947368
Median: 33.0
Avg Distance: 4.157894736842105
2019-03-16 2479774
Spots:
[5, 12, 19, 25, 28, 29, 34, 42, 45, 49, 54, 61, 63, 67, 70, 72, 73, 74, 75, 78]
Bonus: 5
Mean: 48.75
Std_dev: 23.269304379714264
Variance: 541.4605263157895
Median: 51.5
Avg Distance: 3.8421052631578947
2019-03-16 2479775
Spots:
[3, 7, 10, 16, 25, 33, 39, 40, 43, 47, 51, 54, 56, 57, 64, 68, 70, 71, 73, 74]
Bonus: 56
Mean: 45.05
Std_dev: 23.03881164698525
Variance: 530.7868421052632
Median: 49.0
Avg Distance: 3.736842105263158
2019-03-16 2479776
Spots:
[13, 22, 31, 33, 44, 45, 48, 51, 56, 58, 62, 63, 64, 65, 69, 73, 74, 76, 78, 80]
Bonus: 22
Mean: 55.25
Std_dev: 19.1637678967368
Variance: 367.25
Median: 60.0
Avg Distance: 3.526315789473684
2019-03-16 2479777
Spots:
[7, 11, 12, 15, 18, 22, 23, 26, 29, 34, 36, 47, 48, 54, 59, 61, 63, 77, 79, 80]
Bonus: 12
Mean: 40.05
Std_dev: 23.990074702062234
Variance: 575.5236842105263
Median: 35.0
Avg Distance: 3.8421052631578947
2019-03-16 2479778
Spots:
[5, 9, 13, 19, 22, 25, 27, 29, 33, 35, 39, 41, 46, 52, 64, 65, 70, 72, 76, 80]
Bonus: 80
Mean: 41.1
Std_dev: 23.449610029301464
Variance: 549.8842105263158
Median: 37.0
Avg Distance: 3.9473684210526314
2019-03-16 2479779
Spots:
[6, 10, 14, 24, 26, 27, 33, 34, 42, 46, 51, 53, 55, 57, 58, 60, 61, 66, 71, 78]
Bonus: 78
Mean: 43.6
Std_dev: 20.861447696648476
Variance: 435.2
Median: 48.5
Avg Distance: 3.789473684210526
2019-03-16 2479780
Spots:
[3, 9, 11, 18, 27, 30, 34, 35, 37, 40, 44, 45, 51, 56, 61, 69, 71, 72, 74, 76]
Bonus: 56
Mean: 43.15
Std_dev: 22.864072023016465
Variance: 522.7657894736842
Median: 42.0
Avg Distance: 3.8421052631578947
2019-03-16 2479781
Spots:
[2, 9, 10, 15, 16, 26, 28, 39, 40, 41, 44, 47, 49, 50, 55, 56, 61, 62, 69, 78]
Bonus: 62
Mean: 39.85
Std_dev: 21.502203069502094
Variance: 462.34473684210525
Median: 42.5
Avg Distance: 4.0
2019-03-16 2479782
Spots:
[10, 17, 23, 24, 25, 26, 31, 46, 47, 48, 49, 52, 53, 55, 57, 68, 72, 74, 75, 80]
Bonus: 48
Mean: 46.6
Std_dev: 21.08978300904068
Variance: 444.77894736842103
Median: 48.5
Avg Distance: 3.6842105263157894
2019-03-16 2479783
Spots:
[3, 9, 12, 14, 18, 21, 22, 24, 25, 27, 34, 43, 45, 53, 59, 60, 69, 72, 74, 75]
Bonus: 60
Mean: 37.95
Std_dev: 23.809496115272115
Variance: 566.8921052631579
Median: 30.5
Avg Distance: 3.789473684210526
2019-03-16 2479784
Spots:
[1, 2, 5, 9, 10, 11, 27, 28, 32, 33, 38, 40, 53, 58, 61, 64, 68, 73, 74, 78]
Bonus: 27
Mean: 38.25
Std_dev: 26.401505140506867
Variance: 697.0394736842105
Median: 35.5
Avg Distance: 4.052631578947368
2019-03-16 2479785
Spots:
[3, 6, 9, 20, 23, 27, 29, 32, 33, 34, 39, 41, 42, 57, 59, 64, 66, 75, 77, 79]
Bonus: 3
Mean: 40.75
Std_dev: 23.648467180770936
Variance: 559.25
Median: 36.5
Avg Distance: 4.0
2019-03-16 2479786
Spots:
[2, 6, 10, 16, 24, 32, 34, 37, 38, 40, 42, 45, 58, 65, 66, 72, 73, 74, 77, 78]
Bonus: 58
Mean: 44.45
Std_dev: 24.905030140832785
Variance: 620.2605263157894
Median: 41.0
Avg Distance: 4.0
2019-03-16 2479787
Spots:
[5, 16, 19, 20, 25, 34, 41, 45, 46, 51, 55, 57, 59, 62, 63, 65, 68, 70, 74, 77]
Bonus: 20
Mean: 47.6
Std_dev: 21.340349723371205
Variance: 455.41052631578947
Median: 53.0
Avg Distance: 3.789473684210526
2019-03-16 2479788
Spots:
[5, 12, 15, 20, 21, 25, 26, 28, 30, 40, 42, 49, 55, 57, 64, 66, 68, 71, 73, 75]
Bonus: 71
Mean: 42.1
Std_dev: 22.805585650057427
Variance: 520.0947368421052
Median: 41.0
Avg Distance: 3.6842105263157894
2019-03-16 2479789
Spots:
[1, 2, 3, 6, 10, 24, 26, 28, 29, 31, 32, 33, 40, 42, 45, 47, 48, 54, 55, 74]
Bonus: 3
Mean: 31.5
Std_dev: 19.96707816698066
Variance: 398.6842105263158
Median: 31.5
Avg Distance: 3.8421052631578947
2019-03-16 2479790
Spots:
[6, 7, 8, 10, 12, 13, 19, 21, 29, 31, 33, 37, 40, 41, 47, 63, 67, 72, 79, 80]
Bonus: 8
Mean: 35.75
Std_dev: 24.95865001409964
Variance: 622.9342105263158
Median: 32.0
Avg Distance: 3.8947368421052633
2019-03-16 2479791
Spots:
[10, 11, 18, 22, 24, 25, 27, 36, 38, 40, 41, 42, 45, 52, 58, 67, 69, 70, 77, 79]
Bonus: 11
Mean: 42.55
Std_dev: 21.700048508313476
Variance: 470.8921052631579
Median: 40.5
Avg Distance: 3.6315789473684212
2019-03-16 2479792
Spots:
[1, 13, 17, 20, 26, 27, 35, 43, 45, 47, 49, 51, 52, 53, 65, 67, 70, 77, 78, 79]
Bonus: 47
Mean: 45.75
Std_dev: 23.04886114323222
Variance: 531.25
Median: 48.0
Avg Distance: 4.105263157894737
2019-03-16 2479793
Spots:
[5, 6, 8, 10, 19, 21, 28, 30, 37, 38, 43, 45, 47, 51, 54, 64, 68, 69, 75, 78]
Bonus: 6
Mean: 39.8
Std_dev: 23.65675601732321
Variance: 559.6421052631579
Median: 40.5
Avg Distance: 3.8421052631578947
2019-03-16 2479794
Spots:
[4, 9, 18, 22, 26, 27, 32, 40, 41, 42, 55, 56, 58, 61, 62, 64, 68, 74, 76, 80]
Bonus: 26
Mean: 45.75
Std_dev: 22.91833327273168
Variance: 525.25
Median: 48.5
Avg Distance: 4.0
2019-03-16 2479795
Spots:
[8, 10, 16, 24, 26, 27, 30, 32, 36, 39, 40, 45, 48, 58, 61, 62, 65, 70, 74, 79]
Bonus: 58
Mean: 42.5
Std_dev: 21.419371458663544
Variance: 458.7894736842105
Median: 39.5
Avg Distance: 3.736842105263158
2019-03-16 2479796
Spots:
[2, 4, 10, 17, 19, 23, 25, 26, 32, 47, 50, 59, 60, 63, 67, 71, 74, 78, 79, 80]
Bonus: 50
Mean: 44.3
Std_dev: 27.01286243333174
Variance: 729.6947368421053
Median: 48.5
Avg Distance: 4.105263157894737
2019-03-16 2479797
Spots:
[1, 2, 4, 8, 9, 10, 17, 28, 32, 33, 36, 41, 44, 45, 51, 52, 56, 58, 73, 80]
Bonus: 33
Mean: 34
Std_dev: 23.84599712629708
Variance: 568.6315789473684
Median: 34.5
Avg Distance: 4.157894736842105
2019-03-16 2479798
Spots:
[1, 5, 17, 19, 21, 22, 27, 34, 38, 40, 41, 46, 53, 54, 60, 62, 65, 69, 71, 79]
Bonus: 54
Mean: 41.2
Std_dev: 22.728604745654987
Variance: 516.5894736842105
Median: 40.5
Avg Distance: 4.105263157894737
2019-03-16 2479799
Spots:
[10, 13, 15, 16, 20, 25, 34, 37, 40, 41, 44, 48, 50, 54, 56, 61, 65, 66, 76, 79]
Bonus: 20
Mean: 42.5
Std_dev: 21.234282112708808
Variance: 450.89473684210526
Median: 42.5
Avg Distance: 3.6315789473684212
2019-03-16 2479800
Spots:
[6, 16, 21, 26, 29, 31, 37, 39, 40, 44, 50, 52, 53, 54, 55, 57, 58, 66, 72, 73]
Bonus: 16
Mean: 43.95
Std_dev: 18.411881175508725
Variance: 338.9973684210526
Median: 47.0
Avg Distance: 3.526315789473684
2019-03-16 2479801
Spots:
[1, 3, 5, 6, 18, 24, 35, 36, 41, 42, 49, 54, 56, 62, 68, 69, 71, 72, 77, 79]
Bonus: 77
Mean: 43.4
Std_dev: 26.50004965238645
Variance: 702.2526315789473
Median: 45.5
Avg Distance: 4.105263157894737
2019-03-16 2479802
Spots:
[1, 5, 7, 8, 12, 14, 25, 26, 27, 44, 48, 49, 64, 66, 68, 70, 72, 74, 75, 78]
Bonus: 49
Mean: 41.65
Std_dev: 27.91014718322843
Variance: 778.9763157894737
Median: 46.0
Avg Distance: 4.052631578947368
2019-03-16 2479803
Spots:
[7, 10, 17, 27, 30, 34, 40, 44, 46, 48, 52, 56, 60, 61, 67, 68, 69, 70, 74, 76]
Bonus: 48
Mean: 47.8
Std_dev: 21.36056376153322
Variance: 456.2736842105263
Median: 50.0
Avg Distance: 3.6315789473684212
2019-03-16 2479804
Spots:
[3, 9, 11, 15, 18, 20, 24, 27, 33, 35, 38, 41, 55, 61, 63, 66, 67, 69, 75, 80]
Bonus: 41
Mean: 40.5
Std_dev: 24.543195004983186
Variance: 602.3684210526316
Median: 36.5
Avg Distance: 4.052631578947368
2019-03-16 2479805
Spots:
[2, 4, 5, 8, 9, 10, 12, 17, 29, 30, 36, 40, 42, 45, 52, 58, 60, 67, 71, 75]
Bonus: 17
Mean: 33.6
Std_dev: 24.487160975327026
Variance: 599.6210526315789
Median: 33.0
Avg Distance: 3.8421052631578947
2019-03-16 2479806
Spots:
[2, 7, 11, 12, 16, 18, 22, 24, 29, 41, 43, 44, 45, 51, 54, 57, 62, 65, 73, 78]
Bonus: 54
Mean: 37.7
Std_dev: 23.069916615184784
Variance: 532.2210526315789
Median: 42.0
Avg Distance: 4.0
2019-03-16 2479807
Spots:
[9, 14, 16, 23, 24, 31, 34, 35, 40, 47, 48, 52, 55, 64, 65, 68, 75, 76, 78, 79]
Bonus: 9
Mean: 46.65
Std_dev: 22.90546935375456
Variance: 524.6605263157894
Median: 47.5
Avg Distance: 3.6842105263157894
2019-03-16 2479808
Spots:
[2, 5, 6, 7, 13, 15, 19, 20, 21, 22, 25, 46, 50, 59, 60, 63, 68, 73, 74, 75]
Bonus: 74
Mean: 36.15
Std_dev: 26.559317920855058
Variance: 705.3973684210526
Median: 23.5
Avg Distance: 3.8421052631578947
2019-03-16 2479809
Spots:
[7, 11, 24, 32, 33, 36, 37, 38, 45, 46, 47, 50, 53, 57, 58, 60, 64, 66, 67, 79]
Bonus: 38
Mean: 45.5
Std_dev: 18.661810145179828
Variance: 348.2631578947368
Median: 46.5
Avg Distance: 3.789473684210526
2019-03-16 2479810
Spots:
[4, 24, 27, 29, 34, 37, 38, 40, 42, 44, 46, 49, 52, 58, 60, 66, 67, 68, 70, 71]
Bonus: 24
Mean: 46.3
Std_dev: 17.994443586840912
Variance: 323.8
Median: 45.0
Avg Distance: 3.526315789473684
2019-03-16 2479811
Spots:
[2, 3, 8, 13, 19, 20, 22, 23, 33, 34, 42, 43, 48, 51, 54, 59, 60, 64, 67, 80]
Bonus: 59
Mean: 37.25
Std_dev: 22.957340300745
Variance: 527.0394736842105
Median: 38.0
Avg Distance: 4.105263157894737
2019-03-16 2479812
Spots:
[6, 7, 8, 13, 14, 15, 17, 20, 21, 27, 45, 46, 47, 51, 54, 61, 72, 77, 79, 80]
Bonus: 47
Mean: 38
Std_dev: 26.217711972112127
Variance: 687.3684210526316
Median: 36.0
Avg Distance: 3.8947368421052633
2019-03-16 2479813
Spots:
[9, 11, 17, 19, 26, 43, 45, 48, 49, 54, 55, 56, 57, 59, 63, 71, 74, 75, 78, 80]
Bonus: 49
Mean: 49.45
Std_dev: 22.481512872861373
Variance: 505.4184210526316
Median: 54.5
Avg Distance: 3.736842105263158
2019-03-16 2479814
Spots:
[5, 8, 19, 24, 28, 30, 31, 32, 33, 38, 39, 43, 44, 47, 49, 51, 54, 61, 72, 79]
Bonus: 47
Mean: 39.35
Std_dev: 18.971654756781927
Variance: 359.9236842105263
Median: 38.5
Avg Distance: 3.8947368421052633
2019-03-16 2479815
Spots:
[1, 4, 5, 14, 15, 27, 28, 31, 37, 42, 45, 49, 51, 57, 59, 61, 62, 64, 74, 80]
Bonus: 27
Mean: 40.3
Std_dev: 23.932140907596477
Variance: 572.7473684210527
Median: 43.5
Avg Distance: 4.157894736842105
2019-03-16 2479816
Spots:
[1, 5, 6, 9, 10, 11, 13, 16, 27, 28, 30, 34, 41, 44, 58, 67, 73, 74, 76, 80]
Bonus: 44
Mean: 35.15
Std_dev: 27.240208284233457
Variance: 742.0289473684211
Median: 29.0
Avg Distance: 4.157894736842105
2019-03-16 2479817
Spots:
[1, 4, 5, 14, 18, 23, 28, 32, 42, 49, 50, 51, 52, 53, 54, 55, 56, 61, 71, 74]
Bonus: 52
Mean: 39.65
Std_dev: 22.420092022910822
Variance: 502.66052631578947
Median: 49.5
Avg Distance: 3.8421052631578947
2019-03-16 2479818
Spots:
[2, 3, 5, 7, 13, 14, 16, 19, 20, 24, 25, 29, 38, 39, 43, 49, 62, 66, 72, 74]
Bonus: 38
Mean: 31
Std_dev: 23.35763145887059
Variance: 545.578947368421
Median: 24.5
Avg Distance: 3.789473684210526
2019-03-16 2479819
Spots:
[10, 13, 23, 30, 32, 35, 37, 42, 44, 45, 48, 51, 62, 63, 64, 65, 66, 68, 75, 78]
Bonus: 63
Mean: 47.55
Std_dev: 19.932715768172105
Variance: 397.31315789473683
Median: 46.5
Avg Distance: 3.5789473684210527
2019-03-16 2479820
Spots:
[17, 18, 21, 24, 25, 26, 27, 30, 31, 33, 37, 39, 43, 49, 57, 71, 73, 74, 76, 77]
Bonus: 25
Mean: 42.4
Std_dev: 21.268706936173672
Variance: 452.3578947368421
Median: 35.0
Avg Distance: 3.1578947368421053
2019-03-16 2479821
Spots:
[2, 9, 12, 15, 22, 23, 25, 37, 39, 41, 51, 53, 62, 65, 66, 67, 71, 73, 74, 78]
Bonus: 73
Mean: 44.25
Std_dev: 24.87415695476987
Variance: 618.7236842105264
Median: 46.0
Avg Distance: 4.0
2019-03-16 2479822
Spots:
[8, 9, 10, 15, 22, 23, 26, 42, 44, 48, 50, 51, 53, 54, 55, 62, 63, 66, 70, 80]
Bonus: 9
Mean: 42.55
Std_dev: 22.091853702213402
Variance: 488.05
Median: 49.0
Avg Distance: 3.789473684210526
2019-03-16 2479823
Spots:
[1, 4, 8, 10, 15, 17, 25, 30, 44, 47, 48, 52, 53, 55, 57, 58, 70, 72, 73, 75]
Bonus: 15
Mean: 40.7
Std_dev: 24.84499314168805
Variance: 617.2736842105263
Median: 47.5
Avg Distance: 3.8947368421052633
2019-03-16 2479824
Spots:
[6, 19, 20, 23, 26, 29, 30, 33, 36, 38, 41, 42, 45, 49, 54, 59, 63, 67, 72, 73]
Bonus: 59
Mean: 41.25
Std_dev: 18.889916552711952
Variance: 356.82894736842104
Median: 39.5
Avg Distance: 3.526315789473684
2019-03-16 2479825
Spots:
[9, 11, 19, 21, 26, 27, 29, 34, 36, 37, 39, 52, 54, 56, 61, 62, 66, 68, 73, 80]
Bonus: 39
Mean: 43
Std_dev: 21.327027576836812
Variance: 454.8421052631579
Median: 38.0
Avg Distance: 3.736842105263158
2019-03-16 2479826
Spots:
[14, 16, 17, 32, 33, 36, 44, 45, 48, 50, 53, 55, 57, 63, 68, 69, 72, 75, 77, 79]
Bonus: 63
Mean: 50.15
Std_dev: 20.55870925704699
Variance: 422.66052631578947
Median: 51.5
Avg Distance: 3.4210526315789473
2019-03-16 2479827
Spots:
[9, 10, 13, 16, 18, 23, 27, 38, 42, 46, 47, 50, 53, 56, 63, 65, 70, 71, 75, 79]
Bonus: 70
Mean: 43.55
Std_dev: 23.20951483653565
Variance: 538.6815789473684
Median: 46.5
Avg Distance: 3.6842105263157894
2019-03-16 2479828
Spots:
[1, 3, 7, 9, 11, 14, 16, 18, 21, 30, 32, 37, 38, 42, 43, 47, 51, 64, 66, 67]
Bonus: 3
Mean: 30.85
Std_dev: 21.20644142459401
Variance: 449.7131578947368
Median: 31.0
Avg Distance: 3.473684210526316
2019-03-16 2479829
Spots:
[7, 12, 16, 21, 25, 28, 30, 40, 41, 44, 45, 46, 47, 49, 50, 51, 67, 77, 79, 80]
Bonus: 7
Mean: 42.75
Std_dev: 21.491430360666282
Variance: 461.88157894736844
Median: 44.5
Avg Distance: 3.8421052631578947
2019-03-16 2479830
Spots:
[4, 5, 6, 7, 8, 9, 14, 19, 21, 22, 24, 31, 38, 41, 46, 53, 55, 56, 65, 78]
Bonus: 65
Mean: 30.1
Std_dev: 22.582946523521027
Variance: 509.9894736842105
Median: 23.0
Avg Distance: 3.8947368421052633
2019-03-16 2479831
Spots:
[3, 15, 17, 18, 22, 23, 28, 34, 39, 40, 44, 51, 52, 55, 57, 66, 67, 74, 76, 78]
Bonus: 74
Mean: 42.95
Std_dev: 22.621543062450797
Variance: 511.7342105263158
Median: 42.0
Avg Distance: 3.9473684210526314
2019-03-16 2479832
Spots:
[2, 14, 20, 23, 24, 26, 27, 30, 39, 49, 50, 56, 63, 65, 66, 69, 72, 74, 77, 78]
Bonus: 14
Mean: 46.2
Std_dev: 23.911239374425005
Variance: 571.7473684210527
Median: 49.5
Avg Distance: 4.0
2019-03-16 2479833
Spots:
[1, 2, 10, 27, 29, 30, 32, 34, 37, 45, 48, 56, 57, 58, 60, 63, 66, 72, 73, 77]
Bonus: 58
Mean: 43.85
Std_dev: 23.070315855753048
Variance: 532.2394736842106
Median: 46.5
Avg Distance: 4.0
2019-03-16 2479834
Spots:
[6, 8, 11, 14, 16, 19, 20, 22, 27, 30, 34, 38, 39, 44, 45, 48, 55, 62, 72, 73]
Bonus: 34
Mean: 34.15
Std_dev: 20.507444091302425
Variance: 420.55526315789473
Median: 32.0
Avg Distance: 3.526315789473684
2019-03-16 2479835
Spots:
[8, 17, 18, 23, 24, 27, 31, 36, 42, 43, 46, 47, 51, 57, 58, 61, 64, 71, 74, 79]
Bonus: 43
Mean: 43.85
Std_dev: 20.568946957668214
Variance: 423.0815789473684
Median: 44.5
Avg Distance: 3.736842105263158
2019-03-16 2479836
Spots:
[12, 22, 23, 24, 28, 31, 38, 39, 40, 41, 42, 47, 56, 57, 59, 62, 66, 69, 75, 77]
Bonus: 22
Mean: 45.4
Std_dev: 18.994181934698346
Variance: 360.77894736842103
Median: 41.5
Avg Distance: 3.4210526315789473
2019-03-16 2479837
Spots:
[1, 11, 12, 13, 20, 22, 23, 28, 35, 36, 37, 45, 48, 50, 51, 52, 54, 62, 65, 74]
Bonus: 37
Mean: 36.95
Std_dev: 20.275665995940734
Variance: 411.10263157894735
Median: 36.5
Avg Distance: 3.8421052631578947
2019-03-16 2479838
Spots:
[2, 4, 5, 6, 9, 14, 16, 24, 31, 34, 42, 52, 53, 63, 65, 66, 67, 70, 72, 80]
Bonus: 34
Mean: 38.75
Std_dev: 27.21817310857621
Variance: 740.828947368421
Median: 38.0
Avg Distance: 4.105263157894737
2019-03-16 2479839
Spots:
[5, 13, 15, 16, 27, 29, 30, 33, 34, 40, 45, 52, 53, 54, 59, 61, 65, 73, 79, 80]
Bonus: 29
Mean: 43.15
Std_dev: 22.48104464701435
Variance: 505.39736842105265
Median: 42.5
Avg Distance: 3.9473684210526314
2019-03-16 2479840
Spots:
[3, 4, 7, 8, 9, 10, 17, 27, 28, 31, 34, 35, 38, 44, 46, 57, 61, 64, 68, 75]
Bonus: 68
Mean: 33.3
Std_dev: 23.0516582346785
Variance: 531.378947368421
Median: 32.5
Avg Distance: 3.789473684210526
2019-03-16 2479841
Spots:
[1, 2, 9, 13, 15, 19, 29, 33, 34, 39, 42, 44, 46, 53, 57, 60, 63, 66, 75, 78]
Bonus: 53
Mean: 38.9
Std_dev: 23.72185312722161
Variance: 562.7263157894737
Median: 40.5
Avg Distance: 4.052631578947368
2019-03-16 2479842
Spots:
[3, 5, 10, 11, 12, 22, 31, 32, 37, 41, 44, 47, 49, 53, 56, 68, 71, 72, 75, 80]
Bonus: 10
Mean: 40.95
Std_dev: 24.862728393277653
Variance: 618.1552631578948
Median: 42.5
Avg Distance: 4.052631578947368
2019-03-16 2479843
Spots:
[13, 17, 20, 23, 33, 37, 41, 43, 44, 46, 47, 48, 49, 52, 56, 57, 63, 69, 77, 80]
Bonus: 80
Mean: 45.75
Std_dev: 18.676963012449885
Variance: 348.82894736842104
Median: 46.5
Avg Distance: 3.526315789473684
2019-03-16 2479844
Spots:
[2, 5, 11, 14, 25, 26, 31, 33, 35, 40, 41, 43, 49, 50, 51, 52, 58, 68, 76, 79]
Bonus: 49
Mean: 39.45
Std_dev: 21.92925227323444
Variance: 480.8921052631579
Median: 40.5
Avg Distance: 4.052631578947368
2019-03-16 2479845
Spots:
[1, 2, 6, 12, 16, 17, 18, 20, 22, 24, 26, 28, 31, 35, 39, 42, 56, 59, 62, 71]
Bonus: 24
Mean: 29.35
Std_dev: 20.15538324329782
Variance: 406.2394736842105
Median: 25.0
Avg Distance: 3.6842105263157894
2019-03-16 2479846
Spots:
[2, 3, 4, 8, 12, 14, 16, 29, 34, 44, 50, 51, 54, 57, 62, 68, 72, 73, 77, 79]
Bonus: 77
Mean: 40.45
Std_dev: 27.448468464608943
Variance: 753.4184210526316
Median: 47.0
Avg Distance: 4.052631578947368
2019-03-16 2479847
Spots:
[2, 9, 14, 16, 21, 23, 29, 37, 39, 40, 42, 49, 62, 65, 71, 72, 74, 75, 79, 80]
Bonus: 79
Mean: 44.95
Std_dev: 25.781419257817603
Variance: 664.6815789473684
Median: 41.0
Avg Distance: 4.105263157894737
2019-03-16 2479848
Spots:
[6, 7, 16, 22, 33, 35, 39, 42, 43, 45, 52, 53, 55, 60, 62, 65, 67, 68, 69, 72]
Bonus: 53
Mean: 45.55
Std_dev: 20.60524971431974
Variance: 424.5763157894737
Median: 48.5
Avg Distance: 3.473684210526316
2019-03-16 2479849
Spots:
[1, 14, 15, 16, 17, 24, 38, 43, 44, 46, 48, 54, 58, 61, 62, 65, 69, 71, 76, 80]
Bonus: 44
Mean: 45.1
Std_dev: 23.57496441923977
Variance: 555.7789473684211
Median: 47.0
Avg Distance: 4.157894736842105
2019-03-16 2479850
Spots:
[3, 8, 9, 10, 14, 16, 19, 20, 25, 27, 31, 43, 47, 60, 62, 65, 71, 74, 78, 80]
Bonus: 10
Mean: 38.1
Std_dev: 26.633773572981394
Variance: 709.3578947368421
Median: 29.0
Avg Distance: 4.052631578947368
2019-03-16 2479851
Spots:
[4, 8, 10, 16, 18, 20, 22, 27, 33, 36, 39, 49, 50, 52, 55, 72, 76, 77, 78, 80]
Bonus: 4
Mean: 41.1
Std_dev: 25.64720155043082
Variance: 657.7789473684211
Median: 37.5
Avg Distance: 4.0
2019-03-16 2479852
Spots:
[1, 6, 7, 11, 14, 17, 19, 23, 25, 29, 33, 36, 39, 60, 62, 65, 68, 69, 71, 74]
Bonus: 6
Mean: 36.45
Std_dev: 25.081918419031414
Variance: 629.1026315789474
Median: 31.0
Avg Distance: 3.8421052631578947
2019-03-16 2479853
Spots:
[1, 2, 5, 7, 9, 19, 24, 25, 36, 38, 42, 60, 61, 62, 63, 65, 69, 75, 76, 79]
Bonus: 42
Mean: 40.9
Std_dev: 27.655588566280205
Variance: 764.8315789473684
Median: 40.0
Avg Distance: 4.105263157894737
2019-03-16 2479854
Spots:
[7, 8, 12, 27, 32, 39, 41, 42, 52, 53, 54, 55, 56, 59, 61, 66, 67, 68, 70, 71]
Bonus: 42
Mean: 47
Std_dev: 20.51700193549371
Variance: 420.94736842105266
Median: 53.5
Avg Distance: 3.3684210526315788
2019-03-16 2479855
Spots:
[4, 5, 14, 18, 19, 20, 24, 26, 31, 32, 33, 35, 46, 51, 52, 55, 56, 74, 76, 79]
Bonus: 56
Mean: 37.5
Std_dev: 22.737634001804146
Variance: 517.0
Median: 32.5
Avg Distance: 3.9473684210526314
2019-03-16 2479856
Spots:
[3, 7, 9, 13, 14, 16, 25, 31, 32, 34, 35, 39, 41, 44, 49, 52, 62, 70, 75, 79]
Bonus: 39
Mean: 36.5
Std_dev: 22.894494856555408
Variance: 524.1578947368421
Median: 34.5
Avg Distance: 4.0
2019-03-16 2479857
Spots:
[6, 9, 12, 13, 17, 21, 30, 40, 43, 44, 50, 54, 58, 60, 66, 68, 70, 72, 73, 75]
Bonus: 68
Mean: 44.05
Std_dev: 24.09951954096312
Variance: 580.7868421052632
Median: 47.0
Avg Distance: 3.6315789473684212
2019-03-16 2479858
Spots:
[2, 3, 9, 11, 16, 21, 24, 25, 32, 46, 47, 54, 57, 58, 62, 64, 67, 68, 71, 76]
Bonus: 47
Mean: 40.65
Std_dev: 24.934176503240224
Variance: 621.7131578947368
Median: 46.5
Avg Distance: 3.8947368421052633
2019-03-16 2479859
Spots:
[2, 6, 7, 10, 22, 24, 26, 28, 32, 34, 36, 38, 44, 46, 54, 55, 60, 69, 75, 80]
Bonus: 7
Mean: 37.4
Std_dev: 22.979166766076567
Variance: 528.0421052631579
Median: 35.0
Avg Distance: 4.105263157894737
2019-03-16 2479860
Spots:
[1, 5, 6, 9, 11, 15, 24, 28, 31, 34, 37, 39, 44, 48, 57, 59, 60, 62, 70, 79]
Bonus: 70
Mean: 35.95
Std_dev: 23.578480376014593
Variance: 555.9447368421053
Median: 35.5
Avg Distance: 4.105263157894737
2019-03-16 2479861
Spots:
[2, 12, 14, 18, 19, 22, 23, 27, 30, 32, 50, 54, 55, 66, 67, 69, 71, 72, 73, 76]
Bonus: 32
Mean: 42.6
Std_dev: 24.896416990148772
Variance: 619.8315789473684
Median: 41.0
Avg Distance: 3.8947368421052633
2019-03-16 2479862
Spots:
[6, 10, 11, 12, 13, 17, 19, 23, 34, 36, 45, 47, 51, 52, 64, 66, 72, 73, 74, 79]
Bonus: 10
Mean: 40.2
Std_dev: 25.2369820532863
Variance: 636.9052631578948
Median: 40.5
Avg Distance: 3.8421052631578947
2019-03-16 2479863
Spots:
[2, 5, 6, 17, 23, 24, 26, 29, 30, 33, 34, 35, 41, 49, 52, 61, 63, 69, 73, 77]
Bonus: 61
Mean: 37.45
Std_dev: 22.700510080056283
Variance: 515.3131578947368
Median: 33.5
Avg Distance: 3.9473684210526314
2019-03-16 2479864
Spots:
[1, 2, 5, 11, 12, 13, 27, 31, 35, 43, 47, 54, 63, 65, 68, 71, 72, 74, 79, 80]
Bonus: 1
Mean: 42.65
Std_dev: 28.221445746098833
Variance: 796.4499999999999
Median: 45.0
Avg Distance: 4.157894736842105
2019-03-16 2479865
Spots:
[1, 6, 10, 19, 20, 21, 26, 28, 29, 37, 41, 43, 46, 52, 61, 62, 63, 67, 71, 73]
Bonus: 6
Mean: 38.8
Std_dev: 22.528578341858662
Variance: 507.53684210526313
Median: 39.0
Avg Distance: 3.789473684210526
2019-03-16 2479866
Spots:
[1, 4, 6, 8, 10, 25, 28, 39, 40, 41, 42, 47, 51, 52, 53, 57, 66, 69, 74, 76]
Bonus: 8
Mean: 39.45
Std_dev: 24.06892515038295
Variance: 579.3131578947368
Median: 41.5
Avg Distance: 3.9473684210526314
2019-03-16 2479867
Spots:
[4, 7, 13, 18, 19, 26, 29, 32, 40, 42, 43, 46, 52, 58, 61, 62, 69, 74, 76, 78]
Bonus: 78
Mean: 42.45
Std_dev: 23.484541388124367
Variance: 551.5236842105263
Median: 42.5
Avg Distance: 3.8947368421052633
2019-03-16 2479868
Spots:
[1, 2, 4, 13, 17, 20, 28, 31, 41, 42, 50, 52, 53, 55, 62, 63, 68, 75, 77, 79]
Bonus: 50
Mean: 41.65
Std_dev: 25.797337683934504
Variance: 665.5026315789473
Median: 46.0
Avg Distance: 4.105263157894737
2019-03-16 2479869
Spots:
[4, 7, 18, 20, 21, 27, 31, 32, 33, 35, 40, 43, 44, 55, 57, 61, 63, 70, 71, 73]
Bonus: 31
Mean: 40.25
Std_dev: 21.120892624677534
Variance: 446.0921052631579
Median: 37.5
Avg Distance: 3.6315789473684212
2019-03-16 2479870
Spots:
[3, 6, 7, 14, 17, 20, 24, 25, 26, 36, 39, 44, 54, 58, 61, 62, 66, 69, 71, 80]
Bonus: 26
Mean: 39.1
Std_dev: 24.533328565979705
Variance: 601.8842105263158
Median: 37.5
Avg Distance: 4.052631578947368
2019-03-16 2479871
Spots:
[2, 3, 14, 15, 23, 31, 45, 49, 52, 53, 56, 58, 60, 63, 66, 67, 68, 69, 70, 75]
Bonus: 15
Mean: 46.95
Std_dev: 23.62085385506005
Variance: 557.9447368421053
Median: 54.5
Avg Distance: 3.8421052631578947
2019-03-16 2479872
Spots:
[4, 10, 12, 17, 20, 23, 38, 50, 55, 58, 64, 65, 66, 70, 72, 73, 74, 76, 77, 79]
Bonus: 77
Mean: 50.15
Std_dev: 26.18009488945853
Variance: 685.3973684210526
Median: 61.0
Avg Distance: 3.9473684210526314
2019-03-16 2479873
Spots:
[4, 6, 7, 10, 14, 17, 19, 20, 24, 31, 33, 38, 43, 45, 47, 49, 54, 55, 69, 74]
Bonus: 54
Mean: 32.95
Std_dev: 21.10743196626549
Variance: 445.5236842105263
Median: 32.0
Avg Distance: 3.6842105263157894
2019-03-16 2479874
Spots:
[1, 9, 12, 19, 20, 21, 27, 32, 33, 34, 39, 43, 45, 50, 52, 54, 55, 70, 75, 79]
Bonus: 45
Mean: 38.5
Std_dev: 21.869228561948333
Variance: 478.2631578947368
Median: 36.5
Avg Distance: 4.105263157894737
2019-03-16 2479875
Spots:
[2, 4, 13, 15, 24, 25, 27, 29, 38, 46, 49, 54, 56, 58, 60, 61, 66, 68, 73, 80]
Bonus: 61
Mean: 42.4
Std_dev: 23.66076032056807
Variance: 559.8315789473684
Median: 47.5
Avg Distance: 4.105263157894737
2019-03-16 2479876
Spots:
[6, 7, 9, 13, 14, 22, 23, 27, 32, 45, 47, 48, 54, 61, 65, 72, 73, 75, 77, 80]
Bonus: 32
Mean: 42.5
Std_dev: 26.19662493327598
Variance: 686.2631578947369
Median: 46.0
Avg Distance: 3.8947368421052633
2019-03-16 2479877
Spots:
[1, 15, 20, 23, 24, 25, 29, 32, 34, 35, 39, 40, 43, 47, 49, 50, 60, 68, 69, 76]
Bonus: 25
Mean: 38.95
Std_dev: 19.332206561236504
Variance: 373.7342105263158
Median: 37.0
Avg Distance: 3.9473684210526314
2019-03-16 2479878
Spots:
[3, 10, 15, 16, 21, 24, 26, 31, 39, 40, 41, 42, 43, 46, 55, 61, 64, 66, 67, 73]
Bonus: 42
Mean: 39.15
Std_dev: 20.693947754940584
Variance: 428.2394736842105
Median: 40.5
Avg Distance: 3.6842105263157894
2019-03-16 2479879
Spots:
[5, 6, 11, 13, 14, 18, 20, 25, 32, 34, 39, 42, 56, 58, 60, 65, 66, 75, 76, 77]
Bonus: 25
Mean: 39.6
Std_dev: 25.14044759472587
Variance: 632.0421052631579
Median: 36.5
Avg Distance: 3.789473684210526
2019-03-16 2479880
Spots:
[1, 2, 4, 10, 18, 19, 33, 34, 37, 42, 46, 55, 56, 57, 58, 61, 66, 67, 78, 80]
Bonus: 33
Mean: 41.2
Std_dev: 25.314027731674784
Variance: 640.8
Median: 44.0
Avg Distance: 4.157894736842105
2019-03-16 2479881
Spots:
[5, 10, 14, 16, 23, 27, 29, 33, 41, 43, 49, 50, 54, 58, 60, 63, 71, 73, 77, 78]
Bonus: 23
Mean: 43.7
Std_dev: 23.20866444376233
Variance: 538.6421052631579
Median: 46.0
Avg Distance: 3.8421052631578947
2019-03-16 2479882
Spots:
[1, 3, 6, 12, 13, 17, 18, 23, 26, 31, 32, 35, 37, 38, 43, 61, 63, 69, 73, 76]
Bonus: 69
Mean: 33.85
Std_dev: 23.71824747231327
Variance: 562.5552631578947
Median: 31.5
Avg Distance: 3.9473684210526314
2019-03-16 2479883
Spots:
[3, 6, 9, 10, 17, 20, 26, 34, 39, 41, 42, 48, 56, 57, 58, 61, 63, 67, 77, 78]
Bonus: 39
Mean: 40.6
Std_dev: 24.051261045831605
Variance: 578.4631578947368
Median: 41.5
Avg Distance: 3.9473684210526314
2019-03-16 2479884
Spots:
[2, 6, 9, 16, 17, 18, 21, 23, 27, 29, 42, 50, 55, 59, 68, 69, 70, 71, 72, 78]
Bonus: 6
Mean: 40.1
Std_dev: 25.88822125987029
Variance: 670.2
Median: 35.5
Avg Distance: 4.0
2019-03-16 2479885
Spots:
[4, 6, 16, 27, 28, 30, 31, 33, 34, 46, 48, 53, 58, 61, 66, 69, 71, 74, 75, 77]
Bonus: 58
Mean: 45.35
Std_dev: 23.27925437402423
Variance: 541.9236842105263
Median: 47.0
Avg Distance: 3.8421052631578947
2019-03-16 2479886
Spots:
[4, 5, 9, 18, 24, 26, 29, 36, 42, 51, 52, 55, 56, 60, 61, 65, 68, 71, 73, 80]
Bonus: 51
Mean: 44.25
Std_dev: 23.889823863112227
Variance: 570.7236842105264
Median: 51.5
Avg Distance: 4.0
2019-03-16 2479887
Spots:
[2, 10, 13, 15, 16, 18, 20, 21, 22, 29, 41, 42, 47, 50, 60, 64, 66, 68, 71, 76]
Bonus: 41
Mean: 37.55
Std_dev: 23.720910162710208
Variance: 562.6815789473684
Median: 35.0
Avg Distance: 3.8947368421052633
2019-03-16 2479888
Spots:
[3, 10, 11, 20, 23, 26, 37, 43, 45, 50, 53, 54, 58, 62, 65, 66, 71, 73, 74, 80]
Bonus: 11
Mean: 46.2
Std_dev: 23.674547736468288
Variance: 560.4842105263158
Median: 51.5
Avg Distance: 4.052631578947368
2019-03-16 2479889
Spots:
[3, 4, 5, 6, 8, 11, 12, 19, 21, 22, 29, 32, 37, 39, 43, 52, 54, 55, 59, 64]
Bonus: 37
Mean: 28.75
Std_dev: 20.514115807619422
Variance: 420.82894736842104
Median: 25.5
Avg Distance: 3.210526315789474
2019-03-16 2479890
Spots:
[3, 7, 12, 15, 16, 18, 23, 24, 26, 29, 32, 44, 48, 51, 64, 67, 71, 73, 75, 79]
Bonus: 48
Mean: 38.85
Std_dev: 25.265485090179947
Variance: 638.3447368421052
Median: 30.5
Avg Distance: 4.0
2019-03-16 2479891
Spots:
[2, 4, 14, 18, 20, 23, 31, 32, 34, 40, 41, 44, 51, 58, 59, 61, 67, 71, 72, 79]
Bonus: 51
Mean: 41.05
Std_dev: 23.223116885869064
Variance: 539.3131578947368
Median: 40.5
Avg Distance: 4.052631578947368
2019-03-16 2479892
Spots:
[3, 5, 11, 12, 15, 16, 17, 22, 29, 35, 38, 39, 52, 55, 60, 61, 63, 65, 71, 80]
Bonus: 15
Mean: 37.45
Std_dev: 24.29961013332475
Variance: 590.4710526315789
Median: 36.5
Avg Distance: 4.052631578947368
2019-03-16 2479893
Spots:
[5, 10, 11, 17, 18, 19, 21, 24, 26, 34, 37, 38, 43, 45, 47, 51, 54, 56, 63, 74]
Bonus: 56
Mean: 34.65
Std_dev: 19.263477851815036
Variance: 371.0815789473684
Median: 35.5
Avg Distance: 3.6315789473684212
2019-03-16 2479894
Spots:
[11, 12, 15, 20, 22, 24, 25, 33, 36, 44, 52, 54, 55, 57, 59, 63, 71, 74, 76, 79]
Bonus: 55
Mean: 44.1
Std_dev: 22.800969508473006
Variance: 519.8842105263158
Median: 48.0
Avg Distance: 3.5789473684210527
2019-03-16 2479895
Spots:
[1, 5, 6, 12, 16, 21, 23, 35, 38, 39, 43, 44, 47, 51, 52, 53, 57, 60, 66, 69]
Bonus: 69
Mean: 36.9
Std_dev: 21.105998149690453
Variance: 445.4631578947368
Median: 41.0
Avg Distance: 3.5789473684210527
2019-03-16 2479896
Spots:
[1, 3, 7, 13, 16, 25, 32, 33, 34, 36, 37, 40, 49, 52, 56, 62, 63, 65, 66, 73]
Bonus: 65
Mean: 38.15
Std_dev: 22.358973236947314
Variance: 499.9236842105263
Median: 36.5
Avg Distance: 3.789473684210526
2019-03-16 2479897
Spots:
[4, 5, 8, 19, 29, 31, 32, 35, 42, 44, 52, 54, 55, 58, 61, 65, 66, 67, 75, 77]
Bonus: 44
Mean: 43.95
Std_dev: 22.871437024790275
Variance: 523.1026315789474
Median: 48.0
Avg Distance: 3.8421052631578947
2019-03-16 2479898
Spots:
[3, 7, 10, 12, 13, 16, 22, 23, 24, 25, 45, 49, 53, 56, 64, 69, 71, 74, 77, 80]
Bonus: 69
Mean: 39.65
Std_dev: 26.72722837935324
Variance: 714.3447368421052
Median: 35.0
Avg Distance: 4.052631578947368
2019-03-16 2479899
Spots:
[3, 5, 7, 8, 14, 16, 22, 32, 33, 37, 43, 44, 45, 53, 55, 59, 61, 71, 79, 80]
Bonus: 16
Mean: 38.35
Std_dev: 24.79234814042005
Variance: 614.6605263157894
Median: 40.0
Avg Distance: 4.052631578947368
2019-03-16 2479900
Spots:
[1, 11, 12, 14, 17, 19, 24, 26, 29, 30, 31, 33, 37, 38, 39, 44, 50, 59, 71, 74]
Bonus: 19
Mean: 32.95
Std_dev: 19.478665792415853
Variance: 379.4184210526316
Median: 30.5
Avg Distance: 3.8421052631578947
2019-03-16 2479901
Spots:
[4, 7, 8, 12, 15, 16, 24, 31, 35, 40, 46, 50, 51, 52, 53, 69, 70, 72, 77, 80]
Bonus: 31
Mean: 40.6
Std_dev: 25.186462529240625
Variance: 634.3578947368421
Median: 43.0
Avg Distance: 4.0
2019-03-16 2479902
Spots:
[5, 6, 9, 14, 17, 21, 23, 38, 40, 42, 45, 50, 52, 53, 58, 62, 67, 68, 70, 78]
Bonus: 70
Mean: 40.9
Std_dev: 23.27388416681939
Variance: 541.6736842105263
Median: 43.5
Avg Distance: 3.8421052631578947
2019-03-16 2479903
Spots:
[3, 8, 16, 18, 20, 25, 26, 39, 46, 48, 49, 57, 58, 61, 62, 64, 66, 68, 75, 77]
Bonus: 39
Mean: 44.3
Std_dev: 23.231330931354435
Variance: 539.6947368421053
Median: 48.5
Avg Distance: 3.8947368421052633
2019-03-16 2479904
Spots:
[2, 3, 11, 16, 17, 22, 24, 38, 40, 41, 47, 49, 54, 56, 57, 59, 63, 65, 75, 76]
Bonus: 63
Mean: 40.75
Std_dev: 23.214956612630484
Variance: 538.9342105263158
Median: 44.0
Avg Distance: 3.8947368421052633
2019-03-16 2479905
Spots:
[3, 9, 10, 14, 15, 26, 28, 29, 32, 46, 52, 57, 61, 68, 71, 72, 73, 74, 76, 80]
Bonus: 73
Mean: 44.8
Std_dev: 26.571848973956193
Variance: 706.0631578947368
Median: 49.0
Avg Distance: 4.052631578947368
2019-03-16 2479906
Spots:
[2, 7, 9, 10, 27, 29, 33, 34, 35, 36, 37, 40, 53, 55, 56, 58, 66, 72, 73, 80]
Bonus: 80
Mean: 40.6
Std_dev: 23.14121408815199
Variance: 535.5157894736842
Median: 36.5
Avg Distance: 4.105263157894737
2019-03-16 2479907
Spots:
[4, 7, 12, 22, 25, 26, 28, 29, 30, 32, 36, 39, 48, 52, 54, 57, 59, 62, 72, 79]
Bonus: 25
Mean: 38.65
Std_dev: 21.034495477667154
Variance: 442.45
Median: 34.0
Avg Distance: 3.9473684210526314
2019-03-16 2479908
Spots:
[8, 20, 31, 32, 33, 34, 38, 42, 43, 45, 48, 49, 51, 54, 55, 60, 62, 64, 67, 75]
Bonus: 51
Mean: 45.55
Std_dev: 16.51307297105443
Variance: 272.68157894736845
Median: 46.5
Avg Distance: 3.526315789473684
2019-03-16 2479909
Spots:
[3, 6, 14, 17, 24, 26, 28, 34, 35, 37, 40, 49, 52, 56, 57, 60, 62, 66, 67, 74]
Bonus: 3
Mean: 40.35
Std_dev: 21.28571302417113
Variance: 453.0815789473684
Median: 38.5
Avg Distance: 3.736842105263158
2019-03-16 2479910
Spots:
[2, 5, 18, 20, 24, 28, 29, 30, 34, 37, 45, 46, 49, 50, 51, 57, 59, 74, 76, 80]
Bonus: 5
Mean: 40.7
Std_dev: 22.09334265052901
Variance: 488.11578947368423
Median: 41.0
Avg Distance: 4.105263157894737
2019-03-16 2479911
Spots:
[2, 4, 20, 28, 37, 47, 51, 52, 53, 55, 58, 60, 62, 63, 64, 66, 67, 72, 76, 80]
Bonus: 53
Mean: 50.85
Std_dev: 22.105667289538886
Variance: 488.66052631578947
Median: 56.5
Avg Distance: 4.105263157894737
2019-03-16 2479912
Spots:
[1, 3, 10, 14, 15, 18, 27, 28, 38, 39, 44, 46, 47, 48, 49, 52, 53, 63, 68, 78]
Bonus: 44
Mean: 37.05
Std_dev: 21.80650554789846
Variance: 475.5236842105263
Median: 41.5
Avg Distance: 4.052631578947368
2019-03-16 2479913
Spots:
[4, 5, 6, 16, 17, 18, 25, 29, 31, 34, 39, 49, 51, 52, 56, 63, 64, 65, 68, 77]
Bonus: 31
Mean: 38.45
Std_dev: 23.13228548109649
Variance: 535.1026315789474
Median: 36.5
Avg Distance: 3.8421052631578947
2019-03-16 2479914
Spots:
[8, 13, 24, 25, 32, 36, 38, 40, 47, 48, 56, 57, 59, 67, 70, 75, 77, 78, 79, 80]
Bonus: 70
Mean: 50.45
Std_dev: 22.87373810151813
Variance: 523.2078947368421
Median: 52.0
Avg Distance: 3.789473684210526
2019-03-16 2479915
Spots:
[5, 6, 10, 11, 12, 18, 20, 25, 31, 34, 39, 42, 45, 57, 59, 62, 65, 73, 75, 78]
Bonus: 5
Mean: 38.35
Std_dev: 24.734963534491648
Variance: 611.8184210526316
Median: 36.5
Avg Distance: 3.8421052631578947
2019-03-16 2479916
Spots:
[2, 6, 11, 13, 25, 28, 29, 30, 34, 36, 41, 43, 44, 46, 54, 55, 59, 60, 61, 70]
Bonus: 60
Mean: 37.35
Std_dev: 19.542867860437635
Variance: 381.9236842105263
Median: 38.5
Avg Distance: 3.5789473684210527
2019-03-16 2479917
Spots:
[3, 5, 8, 9, 10, 16, 25, 30, 36, 37, 38, 39, 48, 51, 61, 68, 72, 73, 76, 77]
Bonus: 48
Mean: 39.1
Std_dev: 25.733246977402597
Variance: 662.1999999999999
Median: 37.5
Avg Distance: 3.8947368421052633
2019-03-16 2479918
Spots:
[6, 10, 21, 26, 31, 36, 37, 44, 46, 51, 52, 53, 57, 61, 63, 68, 69, 70, 72, 80]
Bonus: 37
Mean: 47.65
Std_dev: 21.079486161719057
Variance: 444.34473684210525
Median: 51.5
Avg Distance: 3.8947368421052633
2019-03-16 2479919
Spots:
[9, 10, 21, 22, 29, 32, 34, 35, 36, 38, 45, 58, 64, 67, 69, 71, 72, 73, 74, 75]
Bonus: 36
Mean: 46.7
Std_dev: 22.78526763179734
Variance: 519.1684210526315
Median: 41.5
Avg Distance: 3.473684210526316
2019-03-16 2479920
Spots:
[4, 5, 7, 19, 20, 23, 29, 30, 31, 34, 35, 39, 40, 45, 49, 63, 71, 75, 77, 78]
Bonus: 5
Mean: 38.7
Std_dev: 23.735605055873783
Variance: 563.3789473684211
Median: 34.5
Avg Distance: 3.8947368421052633
2019-03-16 2479921
Spots:
[8, 9, 11, 12, 13, 19, 25, 28, 36, 38, 43, 48, 50, 51, 65, 72, 75, 78, 79, 80]
Bonus: 80
Mean: 42
Std_dev: 25.977723250184145
Variance: 674.8421052631579
Median: 40.5
Avg Distance: 3.789473684210526
2019-03-16 2479922
Spots:
[9, 11, 15, 20, 21, 22, 26, 27, 38, 43, 45, 47, 49, 58, 64, 65, 67, 68, 69, 75]
Bonus: 47
Mean: 41.95
Std_dev: 21.8523153054894
Variance: 477.5236842105263
Median: 44.0
Avg Distance: 3.473684210526316
2019-03-16 2479923
Spots:
[3, 5, 7, 13, 21, 26, 28, 30, 34, 44, 47, 50, 58, 59, 61, 64, 66, 67, 74, 75]
Bonus: 66
Mean: 41.6
Std_dev: 23.89758851520599
Variance: 571.0947368421052
Median: 45.5
Avg Distance: 3.789473684210526
2019-03-16 2479924
Spots:
[3, 7, 10, 11, 12, 21, 41, 44, 50, 55, 56, 61, 66, 68, 72, 73, 74, 75, 79, 80]
Bonus: 61
Mean: 47.9
Std_dev: 27.34747173919951
Variance: 747.8842105263158
Median: 55.5
Avg Distance: 4.052631578947368
2019-03-16 2479925
Spots:
[4, 5, 9, 12, 16, 17, 29, 40, 42, 47, 53, 57, 59, 70, 72, 75, 76, 77, 78, 80]
Bonus: 16
Mean: 45.9
Std_dev: 27.64987865206074
Variance: 764.5157894736842
Median: 50.0
Avg Distance: 4.0
2019-03-16 2479926
Spots:
[4, 6, 7, 13, 14, 21, 26, 28, 30, 31, 34, 37, 41, 48, 53, 54, 61, 67, 68, 72]
Bonus: 67
Mean: 35.75
Std_dev: 21.667037783596296
Variance: 469.4605263157895
Median: 32.5
Avg Distance: 3.5789473684210527
2019-03-16 2479927
Spots:
[1, 8, 9, 14, 18, 19, 20, 25, 32, 38, 39, 44, 47, 53, 57, 58, 61, 64, 66, 75]
Bonus: 44
Mean: 37.4
Std_dev: 22.279090976447897
Variance: 496.3578947368421
Median: 38.5
Avg Distance: 3.8947368421052633
2019-03-16 2479928
Spots:
[5, 7, 10, 24, 29, 30, 32, 34, 35, 36, 40, 41, 44, 46, 51, 58, 63, 66, 75, 80]
Bonus: 24
Mean: 40.3
Std_dev: 20.9739186409668
Variance: 439.9052631578947
Median: 38.0
Avg Distance: 3.9473684210526314
2019-03-16 2479929
Spots:
[3, 4, 6, 16, 17, 25, 27, 29, 40, 42, 44, 45, 47, 49, 56, 59, 71, 75, 76, 77]
Bonus: 29
Mean: 40.4
Std_dev: 24.14953415699773
Variance: 583.2
Median: 43.0
Avg Distance: 3.8947368421052633
2019-03-16 2479930
Spots:
[5, 6, 12, 19, 27, 30, 33, 38, 43, 46, 48, 51, 53, 58, 61, 62, 64, 76, 77, 79]
Bonus: 77
Mean: 44.4
Std_dev: 22.88506752861948
Variance: 523.7263157894737
Median: 47.0
Avg Distance: 3.8947368421052633
2019-03-16 2479931
Spots:
[3, 6, 8, 9, 10, 12, 13, 19, 27, 28, 33, 35, 36, 39, 42, 43, 46, 52, 73, 75]
Bonus: 27
Mean: 30.45
Std_dev: 21.08997017791308
Variance: 444.78684210526313
Median: 30.5
Avg Distance: 3.789473684210526
2019-03-16 2479932
Spots:
[4, 5, 13, 15, 19, 28, 34, 40, 46, 48, 51, 54, 59, 62, 63, 66, 68, 70, 71, 72]
Bonus: 62
Mean: 44.4
Std_dev: 23.220680437919988
Variance: 539.2
Median: 49.5
Avg Distance: 3.5789473684210527
2019-03-16 2479933
Spots:
[5, 13, 17, 19, 20, 25, 29, 39, 48, 51, 56, 57, 64, 68, 69, 70, 76, 78, 79, 80]
Bonus: 29
Mean: 48.15
Std_dev: 25.167387000263908
Variance: 633.3973684210526
Median: 53.5
Avg Distance: 3.9473684210526314
2019-03-16 2479934
Spots:
[1, 3, 5, 8, 17, 19, 25, 27, 29, 30, 35, 36, 40, 41, 44, 51, 56, 63, 70, 79]
Bonus: 25
Mean: 33.95
Std_dev: 22.215392956473362
Variance: 493.5236842105263
Median: 32.5
Avg Distance: 4.105263157894737
2019-03-16 2479935
Spots:
[3, 6, 10, 11, 14, 20, 26, 29, 32, 51, 52, 54, 56, 58, 60, 64, 67, 71, 76, 77]
Bonus: 58
Mean: 41.85
Std_dev: 25.159020564987692
Variance: 632.9763157894737
Median: 51.5
Avg Distance: 3.8947368421052633
2019-03-16 2479936
Spots:
[2, 6, 13, 14, 17, 19, 23, 28, 30, 33, 47, 48, 49, 51, 57, 62, 68, 73, 75, 78]
Bonus: 73
Mean: 39.65
Std_dev: 24.262327306253816
Variance: 588.6605263157895
Median: 40.0
Avg Distance: 4.0
2019-03-16 2479937
Spots:
[2, 9, 10, 15, 29, 33, 35, 39, 42, 45, 55, 56, 59, 61, 62, 67, 68, 71, 75, 80]
Bonus: 55
Mean: 45.65
Std_dev: 23.600345670974264
Variance: 556.9763157894737
Median: 50.0
Avg Distance: 4.105263157894737
2019-03-16 2479938
Spots:
[1, 5, 6, 8, 17, 23, 31, 35, 36, 37, 38, 46, 49, 55, 61, 62, 64, 65, 78, 80]
Bonus: 80
Mean: 39.85
Std_dev: 24.48474283260797
Variance: 599.5026315789473
Median: 37.5
Avg Distance: 4.157894736842105
2019-03-16 2479939
Spots:
[3, 6, 21, 25, 27, 32, 38, 45, 47, 50, 52, 55, 57, 58, 61, 66, 70, 73, 77, 79]
Bonus: 70
Mean: 47.1
Std_dev: 22.35102729300449
Variance: 499.56842105263155
Median: 51.0
Avg Distance: 4.0
2019-03-16 2479940
Spots:
[2, 3, 6, 8, 11, 12, 17, 20, 22, 23, 30, 32, 36, 43, 48, 54, 55, 61, 64, 80]
Bonus: 54
Mean: 31.35
Std_dev: 22.889379288450055
Variance: 523.9236842105263
Median: 26.5
Avg Distance: 4.105263157894737
2019-03-16 2479941
Spots:
[2, 4, 9, 10, 12, 15, 19, 22, 27, 28, 31, 32, 34, 39, 49, 52, 61, 64, 71, 76]
Bonus: 61
Mean: 32.85
Std_dev: 22.64898045805757
Variance: 512.9763157894737
Median: 29.5
Avg Distance: 3.8947368421052633
2019-03-16 2479942
Spots:
[7, 11, 16, 26, 27, 30, 31, 36, 44, 46, 48, 52, 53, 54, 55, 58, 66, 72, 75, 79]
Bonus: 79
Mean: 44.3
Std_dev: 20.923670806051216
Variance: 437.8
Median: 47.0
Avg Distance: 3.789473684210526
2019-03-16 2479943
Spots:
[6, 8, 11, 25, 26, 27, 29, 30, 32, 34, 35, 36, 38, 43, 48, 60, 62, 67, 72, 75]
Bonus: 8
Mean: 38.2
Std_dev: 20.3226604143205
Variance: 413.0105263157895
Median: 34.5
Avg Distance: 3.6315789473684212
2019-03-16 2479944
Spots:
[8, 10, 14, 19, 20, 21, 25, 26, 31, 41, 45, 46, 50, 64, 70, 73, 74, 76, 78, 80]
Bonus: 76
Mean: 43.55
Std_dev: 25.417513647089873
Variance: 646.05
Median: 43.0
Avg Distance: 3.789473684210526
2019-03-16 2479945
Spots:
[2, 7, 11, 18, 20, 24, 25, 26, 29, 30, 41, 52, 53, 54, 61, 62, 64, 66, 71, 79]
Bonus: 18
Mean: 39.75
Std_dev: 23.30998204971198
Variance: 543.3552631578947
Median: 35.5
Avg Distance: 4.052631578947368
2019-03-16 2479946
Spots:
[3, 4, 8, 19, 25, 26, 30, 31, 38, 39, 41, 49, 54, 59, 61, 62, 63, 64, 67, 80]
Bonus: 31
Mean: 41.15
Std_dev: 22.60478524095006
Variance: 510.9763157894737
Median: 40.0
Avg Distance: 4.052631578947368
2019-03-16 2479947
Spots:
[6, 7, 14, 16, 18, 23, 28, 29, 30, 32, 46, 49, 61, 62, 64, 66, 68, 70, 77, 79]
Bonus: 62
Mean: 42.25
Std_dev: 24.565433566615294
Variance: 603.4605263157895
Median: 39.0
Avg Distance: 3.8421052631578947
2019-03-16 2479948
Spots:
[8, 12, 21, 30, 34, 38, 42, 46, 50, 52, 56, 57, 61, 62, 66, 71, 72, 74, 77, 78]
Bonus: 78
Mean: 50.35
Std_dev: 21.213885720641116
Variance: 450.02894736842103
Median: 54.0
Avg Distance: 3.6842105263157894
2019-03-16 2479949
Spots:
[2, 6, 7, 14, 16, 20, 23, 25, 26, 30, 34, 47, 49, 53, 55, 59, 62, 63, 66, 75]
Bonus: 53
Mean: 36.6
Std_dev: 22.658564083273006
Variance: 513.4105263157895
Median: 32.0
Avg Distance: 3.8421052631578947
2019-03-16 2479950
Spots:
[2, 5, 7, 17, 20, 21, 25, 26, 28, 39, 47, 49, 58, 60, 62, 64, 68, 69, 72, 74]
Bonus: 64
Mean: 40.65
Std_dev: 24.413704089474443
Variance: 596.0289473684211
Median: 43.0
Avg Distance: 3.789473684210526
2019-03-16 2479951
Spots:
[4, 13, 15, 22, 24, 25, 26, 32, 40, 41, 46, 48, 50, 60, 64, 65, 68, 69, 70, 77]
Bonus: 50
Mean: 42.95
Std_dev: 22.048928843775943
Variance: 486.15526315789475
Median: 43.5
Avg Distance: 3.8421052631578947
2019-03-16 2479952
Spots:
[3, 4, 13, 21, 25, 27, 30, 36, 38, 41, 42, 49, 54, 56, 63, 68, 71, 74, 75, 78]
Bonus: 74
Mean: 43.4
Std_dev: 23.702986709429013
Variance: 561.8315789473685
Median: 41.5
Avg Distance: 3.9473684210526314
2019-03-16 2479953
Spots:
[7, 18, 19, 22, 25, 26, 31, 32, 34, 41, 42, 53, 54, 55, 62, 66, 67, 70, 74, 78]
Bonus: 66
Mean: 43.8
Std_dev: 21.31863528761435
Variance: 454.4842105263158
Median: 41.5
Avg Distance: 3.736842105263158
2019-03-16 2479954
Spots:
[7, 9, 17, 18, 20, 21, 32, 33, 36, 45, 47, 55, 57, 58, 61, 64, 66, 72, 73, 75]
Bonus: 7
Mean: 43.3
Std_dev: 22.56942505622199
Variance: 509.37894736842105
Median: 46.0
Avg Distance: 3.5789473684210527
2019-03-16 2479955
Spots:
[1, 4, 5, 6, 11, 12, 13, 17, 20, 26, 27, 31, 55, 58, 60, 67, 72, 74, 75, 79]
Bonus: 20
Mean: 35.65
Std_dev: 28.240089085889007
Variance: 797.5026315789473
Median: 26.5
Avg Distance: 4.105263157894737
2019-03-16 2479956
Spots:
[4, 6, 10, 11, 12, 15, 16, 17, 19, 21, 41, 42, 43, 50, 55, 56, 58, 60, 61, 70]
Bonus: 61
Mean: 33.35
Std_dev: 22.105667289538886
Variance: 488.66052631578947
Median: 31.0
Avg Distance: 3.473684210526316
2019-03-16 2479957
Spots:
[4, 12, 14, 19, 22, 29, 34, 38, 41, 51, 53, 55, 56, 57, 64, 65, 66, 68, 78, 79]
Bonus: 51
Mean: 45.25
Std_dev: 22.731557012455752
Variance: 516.7236842105264
Median: 52.0
Avg Distance: 3.9473684210526314
2019-03-16 2479958
Spots:
[7, 12, 14, 16, 20, 22, 24, 27, 28, 32, 35, 45, 51, 53, 60, 62, 73, 74, 78, 80]
Bonus: 78
Mean: 40.65
Std_dev: 24.04661044064653
Variance: 578.2394736842106
Median: 33.5
Avg Distance: 3.8421052631578947
2019-03-16 2479959
Spots:
[4, 7, 15, 22, 27, 30, 35, 38, 40, 44, 46, 49, 54, 56, 60, 61, 64, 65, 75, 80]
Bonus: 64
Mean: 43.6
Std_dev: 21.551407329794888
Variance: 464.46315789473687
Median: 45.0
Avg Distance: 4.0
2019-03-16 2479960
Spots:
[3, 4, 5, 6, 7, 19, 20, 22, 23, 28, 29, 30, 34, 36, 37, 38, 45, 56, 59, 65]
Bonus: 20
Mean: 28.3
Std_dev: 18.564538918679286
Variance: 344.64210526315793
Median: 28.5
Avg Distance: 3.263157894736842
2019-03-16 2479961
Spots:
[9, 12, 18, 22, 23, 29, 33, 34, 36, 46, 47, 49, 56, 57, 60, 62, 65, 68, 75, 79]
Bonus: 46
Mean: 44
Std_dev: 21.143619169360466
Variance: 447.05263157894734
Median: 46.5
Avg Distance: 3.6842105263157894
2019-03-16 2479962
Spots:
[2, 10, 17, 20, 23, 31, 32, 33, 34, 36, 39, 46, 47, 51, 61, 62, 63, 75, 77, 78]
Bonus: 39
Mean: 41.85
Std_dev: 22.288243301653097
Variance: 496.7657894736842
Median: 37.5
Avg Distance: 4.0
2019-03-16 2479963
Spots:
[9, 10, 11, 17, 36, 40, 42, 43, 45, 50, 51, 53, 56, 62, 67, 71, 76, 77, 78, 80]
Bonus: 78
Mean: 48.7
Std_dev: 23.283380112725993
Variance: 542.1157894736842
Median: 50.5
Avg Distance: 3.736842105263158
2019-03-16 2479964
Spots:
[1, 2, 6, 12, 16, 22, 27, 28, 31, 50, 51, 53, 54, 55, 58, 60, 71, 76, 78, 79]
Bonus: 55
Mean: 41.5
Std_dev: 26.067725558427103
Variance: 679.5263157894736
Median: 50.5
Avg Distance: 4.105263157894737
2019-03-16 2479965
Spots:
[2, 5, 8, 11, 18, 20, 21, 23, 46, 50, 53, 56, 57, 58, 60, 65, 69, 70, 73, 75]
Bonus: 57
Mean: 42
Std_dev: 25.38337624260579
Variance: 644.3157894736842
Median: 51.5
Avg Distance: 3.8421052631578947
2019-03-16 2479966
Spots:
[4, 6, 9, 11, 12, 13, 21, 30, 33, 38, 39, 42, 52, 56, 58, 59, 64, 72, 77, 79]
Bonus: 30
Mean: 38.75
Std_dev: 24.95232295904795
Variance: 622.6184210526316
Median: 38.5
Avg Distance: 3.9473684210526314
2019-03-16 2479967
Spots:
[6, 8, 13, 21, 23, 31, 32, 37, 38, 41, 48, 55, 56, 59, 63, 64, 65, 70, 71, 77]
Bonus: 71
Mean: 43.9
Std_dev: 22.10001190759384
Variance: 488.41052631578947
Median: 44.5
Avg Distance: 3.736842105263158
2019-03-16 2479968
Spots:
[1, 3, 4, 6, 12, 16, 21, 23, 25, 29, 31, 43, 48, 49, 53, 55, 56, 57, 60, 61]
Bonus: 57
Mean: 32.65
Std_dev: 21.315363868395615
Variance: 454.34473684210525
Median: 30.0
Avg Distance: 3.1578947368421053
2019-03-16 2479969
Spots:
[2, 3, 5, 8, 10, 15, 16, 19, 20, 22, 25, 31, 33, 37, 43, 46, 65, 68, 70, 73]
Bonus: 33
Mean: 30.55
Std_dev: 23.338414233777076
Variance: 544.6815789473685
Median: 23.5
Avg Distance: 3.736842105263158
2019-03-16 2479970
Spots:
[6, 8, 13, 14, 18, 23, 24, 25, 28, 29, 32, 37, 38, 40, 47, 57, 62, 64, 71, 72]
Bonus: 62
Mean: 35.4
Std_dev: 20.69935162981529
Variance: 428.46315789473687
Median: 30.5
Avg Distance: 3.473684210526316
2019-03-16 2479971
Spots:
[2, 3, 4, 9, 13, 15, 22, 23, 30, 43, 49, 52, 58, 64, 68, 74, 76, 78, 79, 80]
Bonus: 80
Mean: 42.1
Std_dev: 29.004355389819427
Variance: 841.2526315789473
Median: 46.0
Avg Distance: 4.105263157894737
2019-03-16 2479972
Spots:
[14, 17, 18, 23, 24, 26, 28, 29, 33, 39, 44, 50, 54, 56, 60, 65, 66, 69, 70, 75]
Bonus: 54
Mean: 43
Std_dev: 20.261449005179113
Variance: 410.5263157894737
Median: 41.5
Avg Distance: 3.210526315789474
2019-03-16 2479973
Spots:
[1, 3, 11, 12, 16, 19, 25, 46, 47, 49, 51, 58, 59, 64, 65, 69, 70, 73, 77, 80]
Bonus: 59
Mean: 44.75
Std_dev: 26.43537303251878
Variance: 698.828947368421
Median: 50.0
Avg Distance: 4.157894736842105
2019-03-16 2479974
Spots:
[5, 6, 10, 15, 25, 32, 40, 43, 44, 51, 59, 60, 61, 62, 65, 70, 72, 74, 77, 80]
Bonus: 15
Mean: 47.55
Std_dev: 24.66720601591471
Variance: 608.4710526315789
Median: 55.0
Avg Distance: 3.9473684210526314
2019-03-16 2479975
Spots:
[6, 7, 9, 11, 12, 15, 16, 27, 31, 34, 35, 41, 44, 47, 51, 56, 57, 58, 61, 77]
Bonus: 44
Mean: 34.75
Std_dev: 21.346452928568226
Variance: 455.67105263157896
Median: 34.5
Avg Distance: 3.736842105263158
2019-03-16 2479976
Spots:
[7, 9, 16, 25, 30, 32, 36, 38, 39, 43, 46, 54, 56, 59, 62, 64, 68, 76, 78, 79]
Bonus: 64
Mean: 45.85
Std_dev: 22.141352119602146
Variance: 490.2394736842105
Median: 44.5
Avg Distance: 3.789473684210526
2019-03-16 2479977
Spots:
[4, 5, 8, 9, 12, 15, 20, 27, 36, 40, 44, 45, 46, 52, 55, 69, 71, 72, 75, 76]
Bonus: 20
Mean: 39.05
Std_dev: 25.417513647089873
Variance: 646.05
Median: 42.0
Avg Distance: 3.789473684210526
2019-03-16 2479978
Spots:
[4, 5, 7, 9, 13, 15, 20, 21, 24, 32, 33, 37, 39, 46, 52, 55, 57, 60, 78, 80]
Bonus: 5
Mean: 34.35
Std_dev: 23.58026605804992
Variance: 556.0289473684211
Median: 32.5
Avg Distance: 4.0
2019-03-16 2479979
Spots:
[5, 11, 25, 27, 29, 31, 35, 45, 48, 50, 58, 59, 63, 66, 67, 69, 71, 72, 73, 77]
Bonus: 58
Mean: 49.05
Std_dev: 21.93405187326198
Variance: 481.10263157894735
Median: 54.0
Avg Distance: 3.789473684210526
2019-03-16 2479980
Spots:
[1, 7, 11, 13, 14, 19, 20, 24, 26, 35, 36, 37, 38, 45, 46, 49, 55, 61, 62, 66]
Bonus: 45
Mean: 33.25
Std_dev: 19.547176401290237
Variance: 382.0921052631579
Median: 35.5
Avg Distance: 3.4210526315789473
2019-03-16 2479981
Spots:
[6, 10, 14, 24, 30, 34, 36, 38, 41, 43, 45, 47, 51, 54, 58, 62, 66, 70, 75, 80]
Bonus: 43
Mean: 44.2
Std_dev: 21.02780114640215
Variance: 442.1684210526316
Median: 44.0
Avg Distance: 3.8947368421052633
2019-03-16 2479982
Spots:
[2, 7, 8, 9, 13, 16, 18, 26, 27, 34, 38, 42, 44, 47, 49, 53, 58, 59, 62, 80]
Bonus: 44
Mean: 34.6
Std_dev: 22.024866329721622
Variance: 485.09473684210525
Median: 36.0
Avg Distance: 4.105263157894737
2019-03-16 2479983
Spots:
[2, 9, 11, 12, 16, 22, 23, 33, 39, 53, 56, 64, 68, 69, 70, 71, 72, 74, 75, 76]
Bonus: 22
Mean: 45.75
Std_dev: 26.946096289873935
Variance: 726.0921052631579
Median: 54.5
Avg Distance: 3.8947368421052633
2019-03-16 2479984
Spots:
[1, 4, 7, 12, 17, 24, 25, 35, 38, 41, 44, 47, 48, 50, 55, 60, 65, 67, 73, 74]
Bonus: 67
Mean: 39.35
Std_dev: 23.14092979071816
Variance: 535.5026315789473
Median: 42.5
Avg Distance: 3.8421052631578947
2019-03-16 2479985
Spots:
[12, 15, 18, 21, 26, 28, 29, 30, 33, 34, 46, 51, 54, 56, 66, 69, 72, 73, 74, 77]
Bonus: 15
Mean: 44.2
Std_dev: 22.13737016663761
Variance: 490.06315789473683
Median: 40.0
Avg Distance: 3.4210526315789473
2019-03-16 2479986
Spots:
[2, 3, 12, 15, 19, 21, 26, 33, 34, 43, 47, 49, 62, 65, 66, 67, 69, 71, 77, 78]
Bonus: 77
Mean: 42.95
Std_dev: 25.545573311035195
Variance: 652.5763157894737
Median: 45.0
Avg Distance: 4.0
2019-03-16 2479987
Spots:
[5, 10, 11, 16, 19, 21, 22, 27, 32, 36, 42, 45, 51, 55, 62, 66, 69, 73, 74, 80]
Bonus: 21
Mean: 40.8
Std_dev: 24.197868544672755
Variance: 585.5368421052632
Median: 39.0
Avg Distance: 3.9473684210526314
2019-03-16 2479988
Spots:
[9, 11, 15, 16, 17, 19, 20, 21, 24, 29, 30, 36, 43, 47, 54, 59, 60, 66, 68, 76]
Bonus: 9
Mean: 36
Std_dev: 21.371402436556735
Variance: 456.7368421052632
Median: 29.5
Avg Distance: 3.526315789473684
2019-03-16 2479989
Spots:
[3, 11, 13, 18, 19, 26, 35, 37, 41, 42, 45, 48, 50, 52, 61, 63, 66, 72, 75, 79]
Bonus: 63
Mean: 42.8
Std_dev: 22.58457787727583
Variance: 510.06315789473683
Median: 43.5
Avg Distance: 4.0
2019-03-16 2479990
Spots:
[2, 8, 11, 22, 24, 28, 30, 31, 32, 36, 37, 38, 41, 45, 60, 61, 66, 73, 78, 80]
Bonus: 24
Mean: 40.15
Std_dev: 22.921548124440736
Variance: 525.3973684210526
Median: 36.5
Avg Distance: 4.105263157894737
2019-03-16 2479991
Spots:
[8, 13, 16, 21, 26, 29, 31, 32, 34, 35, 39, 40, 41, 42, 47, 54, 56, 57, 67, 70]
Bonus: 39
Mean: 37.9
Std_dev: 17.09077929300198
Variance: 292.09473684210525
Median: 37.0
Avg Distance: 3.263157894736842
2019-03-16 2479992
Spots:
[3, 5, 6, 7, 16, 20, 24, 25, 30, 34, 36, 37, 40, 43, 48, 49, 50, 66, 67, 72]
Bonus: 37
Mean: 33.9
Std_dev: 21.02104208944732
Variance: 441.88421052631577
Median: 35.0
Avg Distance: 3.6315789473684212
2019-03-16 2479993
Spots:
[3, 5, 12, 15, 20, 23, 26, 27, 29, 32, 35, 36, 40, 44, 53, 55, 56, 63, 66, 67]
Bonus: 40
Mean: 35.35
Std_dev: 19.802378910785336
Variance: 392.13421052631577
Median: 33.5
Avg Distance: 3.3684210526315788
2019-03-16 2479994
Spots:
[8, 10, 11, 12, 15, 19, 22, 27, 29, 35, 46, 47, 57, 60, 66, 67, 69, 71, 79, 80]
Bonus: 60
Mean: 41.5
Std_dev: 25.45481031987967
Variance: 647.9473684210526
Median: 40.5
Avg Distance: 3.789473684210526
2019-03-16 2479995
Spots:
[4, 5, 7, 8, 11, 21, 22, 27, 35, 39, 41, 43, 44, 50, 51, 57, 59, 64, 68, 75]
Bonus: 57
Mean: 36.55
Std_dev: 22.476830175468294
Variance: 505.2078947368421
Median: 40.0
Avg Distance: 3.736842105263158
2019-03-16 2479996
Spots:
[9, 11, 12, 19, 22, 24, 28, 30, 34, 45, 46, 52, 54, 60, 68, 69, 72, 74, 75, 80]
Bonus: 9
Mean: 44.2
Std_dev: 24.023234367455274
Variance: 577.1157894736842
Median: 45.5
Avg Distance: 3.736842105263158
2019-03-16 2479997
Spots:
[5, 6, 11, 12, 19, 20, 22, 26, 38, 48, 53, 57, 58, 60, 62, 63, 68, 70, 73, 80]
Bonus: 60
Mean: 42.55
Std_dev: 24.997842012124924
Variance: 624.8921052631579
Median: 50.5
Avg Distance: 3.9473684210526314
2019-03-16 2479998
Spots:
[6, 14, 20, 27, 31, 40, 44, 45, 47, 49, 51, 54, 55, 56, 61, 62, 64, 65, 73, 80]
Bonus: 47
Mean: 47.2
Std_dev: 19.506004473656716
Variance: 380.4842105263158
Median: 50.0
Avg Distance: 3.8947368421052633
2019-03-16 2479999
Spots:
[1, 2, 11, 15, 24, 26, 28, 31, 33, 34, 38, 41, 42, 45, 54, 57, 62, 66, 74, 79]
Bonus: 38
Mean: 38.15
Std_dev: 22.337777771960077
Variance: 498.9763157894737
Median: 36.0
Avg Distance: 4.105263157894737
2019-03-16 2480000
Spots:
[3, 5, 6, 23, 25, 37, 39, 47, 48, 53, 55, 56, 58, 61, 62, 63, 65, 67, 74, 80]
Bonus: 65
Mean: 46.35
Std_dev: 23.077158905677596
Variance: 532.5552631578947
Median: 54.0
Avg Distance: 4.052631578947368
2019-03-16 2480001
Spots:
[2, 3, 5, 16, 23, 25, 27, 35, 38, 52, 56, 58, 59, 72, 73, 75, 77, 78, 79, 80]
Bonus: 72
Mean: 46.65
Std_dev: 27.908261368841643
Variance: 778.8710526315789
Median: 54.0
Avg Distance: 4.105263157894737
2019-03-16 2480002
Spots:
[4, 6, 9, 11, 12, 23, 31, 32, 33, 35, 37, 55, 58, 61, 67, 71, 72, 73, 74, 75]
Bonus: 23
Mean: 41.95
Std_dev: 25.80590507698006
Variance: 665.9447368421053
Median: 36.0
Avg Distance: 3.736842105263158
2019-03-16 2480003
Spots:
[9, 13, 17, 19, 22, 23, 24, 25, 34, 36, 40, 46, 55, 61, 63, 64, 65, 67, 69, 70]
Bonus: 65
Mean: 41.1
Std_dev: 21.37854310431742
Variance: 457.0421052631579
Median: 38.0
Avg Distance: 3.210526315789474
2019-03-16 2480004
Spots:
[5, 6, 20, 22, 28, 35, 37, 41, 47, 48, 49, 50, 55, 58, 64, 68, 71, 72, 78, 80]
Bonus: 50
Mean: 46.7
Std_dev: 22.499356715950324
Variance: 506.22105263157897
Median: 48.5
Avg Distance: 3.9473684210526314
2019-03-16 2480005
Spots:
[1, 7, 21, 23, 24, 31, 36, 38, 39, 42, 45, 46, 47, 55, 56, 59, 67, 74, 77, 80]
Bonus: 55
Mean: 43.4
Std_dev: 22.000956916987903
Variance: 484.0421052631579
Median: 43.5
Avg Distance: 4.157894736842105
2019-03-16 2480006
Spots:
[7, 9, 10, 13, 18, 20, 22, 24, 28, 29, 36, 37, 42, 52, 58, 59, 60, 71, 72, 79]
Bonus: 18
Mean: 37.3
Std_dev: 22.9716071889214
Variance: 527.6947368421053
Median: 32.5
Avg Distance: 3.789473684210526
2019-03-16 2480007
Spots:
[2, 4, 5, 8, 20, 24, 27, 30, 33, 45, 46, 48, 49, 50, 51, 55, 57, 61, 70, 73]
Bonus: 20
Mean: 37.9
Std_dev: 22.05948894765196
Variance: 486.62105263157895
Median: 45.5
Avg Distance: 3.736842105263158
2019-03-16 2480008
Spots:
[3, 4, 7, 10, 32, 33, 37, 38, 39, 40, 41, 42, 51, 54, 56, 58, 60, 62, 75, 80]
Bonus: 32
Mean: 41.1
Std_dev: 22.20455145377087
Variance: 493.0421052631579
Median: 40.5
Avg Distance: 4.052631578947368
2019-03-16 2480009
Spots:
[3, 4, 7, 14, 15, 20, 21, 27, 28, 30, 31, 32, 35, 40, 41, 46, 47, 60, 67, 78]
Bonus: 78
Mean: 32.3
Std_dev: 20.355007142948235
Variance: 414.32631578947365
Median: 30.5
Avg Distance: 3.9473684210526314
2019-03-16 2480010
Spots:
[4, 5, 10, 12, 25, 27, 28, 29, 37, 38, 39, 49, 50, 52, 54, 59, 61, 63, 72, 77]
Bonus: 50
Mean: 39.55
Std_dev: 21.90764106064606
Variance: 479.94473684210527
Median: 38.5
Avg Distance: 3.8421052631578947
2019-03-16 2480011
Spots:
[1, 3, 8, 14, 19, 24, 28, 35, 41, 42, 44, 46, 49, 57, 61, 63, 65, 71, 73, 77]
Bonus: 57
Mean: 41.05
Std_dev: 23.924167477128314
Variance: 572.3657894736842
Median: 43.0
Avg Distance: 4.0
2019-03-16 2480012
Spots:
[1, 6, 15, 18, 22, 26, 34, 36, 37, 38, 42, 47, 49, 50, 53, 56, 62, 64, 79, 80]
Bonus: 62
Mean: 40.75
Std_dev: 22.004485188730335
Variance: 484.19736842105266
Median: 40.0
Avg Distance: 4.157894736842105
2019-03-16 2480013
Spots:
[2, 4, 6, 9, 11, 14, 16, 20, 21, 26, 49, 50, 57, 61, 62, 63, 68, 75, 77, 78]
Bonus: 78
Mean: 38.45
Std_dev: 27.72510737485733
Variance: 768.6815789473684
Median: 37.5
Avg Distance: 4.0
2019-03-16 2480014
Spots:
[15, 21, 24, 25, 33, 34, 36, 39, 41, 43, 49, 51, 55, 58, 59, 60, 62, 63, 69, 71]
Bonus: 59
Mean: 45.4
Std_dev: 16.73760342525335
Variance: 280.14736842105265
Median: 46.0
Avg Distance: 2.9473684210526314
2019-03-16 2480015
Spots:
[7, 9, 11, 18, 21, 22, 23, 25, 27, 48, 49, 50, 52, 57, 58, 61, 63, 70, 71, 76]
Bonus: 18
Mean: 40.9
Std_dev: 22.77556400595765
Variance: 518.7263157894737
Median: 48.5
Avg Distance: 3.6315789473684212
2019-03-16 2480016
Spots:
[1, 5, 7, 8, 13, 19, 26, 30, 31, 32, 36, 38, 39, 44, 46, 47, 51, 59, 60, 74]
Bonus: 19
Mean: 33.3
Std_dev: 20.173197434636933
Variance: 406.9578947368421
Median: 34.0
Avg Distance: 3.8421052631578947
2019-03-16 2480017
Spots:
[7, 8, 9, 15, 16, 19, 22, 29, 30, 31, 33, 34, 35, 41, 49, 52, 66, 70, 76, 78]
Bonus: 34
Mean: 36
Std_dev: 22.564527354607765
Variance: 509.1578947368421
Median: 32.0
Avg Distance: 3.736842105263158
2019-03-16 2480018
Spots:
[3, 5, 9, 12, 16, 21, 25, 30, 33, 38, 44, 49, 50, 51, 62, 65, 71, 75, 76, 78]
Bonus: 21
Mean: 40.65
Std_dev: 25.129716106214715
Variance: 631.5026315789473
Median: 41.0
Avg Distance: 3.9473684210526314
2019-03-16 2480019
Spots:
[3, 5, 10, 11, 15, 16, 26, 28, 30, 35, 37, 42, 49, 61, 63, 64, 70, 71, 78, 79]
Bonus: 11
Mean: 39.65
Std_dev: 25.61306204592534
Variance: 656.0289473684211
Median: 36.0
Avg Distance: 4.0
2019-03-16 2480020
Spots:
[5, 11, 17, 19, 26, 27, 29, 30, 38, 39, 41, 44, 45, 46, 47, 59, 66, 71, 72, 75]
Bonus: 29
Mean: 40.35
Std_dev: 20.51770737166981
Variance: 420.9763157894737
Median: 40.0
Avg Distance: 3.6842105263157894
2019-03-16 2480021
Spots:
[7, 9, 13, 14, 18, 21, 27, 29, 38, 47, 51, 52, 62, 63, 64, 68, 69, 71, 77, 79]
Bonus: 69
Mean: 43.95
Std_dev: 24.773659611093308
Variance: 613.7342105263158
Median: 49.0
Avg Distance: 3.789473684210526
2019-03-16 2480022
Spots:
[1, 6, 13, 15, 17, 26, 30, 31, 34, 35, 39, 40, 44, 50, 51, 59, 68, 69, 73, 78]
Bonus: 68
Mean: 38.95
Std_dev: 22.633173138466233
Variance: 512.2605263157894
Median: 37.0
Avg Distance: 4.052631578947368
2019-03-16 2480023
Spots:
[2, 8, 10, 12, 18, 20, 27, 28, 30, 33, 47, 50, 54, 58, 61, 63, 66, 70, 74, 77]
Bonus: 58
Mean: 40.4
Std_dev: 24.316769175980074
Variance: 591.3052631578947
Median: 40.0
Avg Distance: 3.9473684210526314
2019-03-16 2480024
Spots:
[5, 17, 19, 24, 26, 29, 33, 36, 39, 42, 45, 46, 48, 51, 54, 56, 63, 72, 73, 75]
Bonus: 33
Mean: 42.65
Std_dev: 19.550945595653694
Variance: 382.2394736842105
Median: 43.5
Avg Distance: 3.6842105263157894
2019-03-16 2480025
Spots:
[2, 3, 6, 10, 13, 23, 24, 31, 35, 38, 39, 40, 41, 46, 48, 54, 60, 69, 70, 73]
Bonus: 6
Mean: 36.25
Std_dev: 22.360385553591495
Variance: 499.9868421052632
Median: 38.5
Avg Distance: 3.736842105263158
2019-03-16 2480026
Spots:
[1, 3, 4, 5, 9, 15, 16, 20, 28, 46, 48, 53, 54, 56, 61, 64, 68, 70, 74, 78]
Bonus: 70
Mean: 38.65
Std_dev: 27.244072266902585
Variance: 742.2394736842106
Median: 47.0
Avg Distance: 4.052631578947368
2019-03-16 2480027
Spots:
[3, 7, 9, 21, 23, 28, 36, 42, 45, 49, 57, 58, 59, 61, 62, 63, 64, 68, 71, 72]
Bonus: 7
Mean: 44.9
Std_dev: 22.5152579844261
Variance: 506.93684210526317
Median: 53.0
Avg Distance: 3.6315789473684212
2019-03-16 2480028
Spots:
[6, 8, 10, 13, 32, 36, 39, 40, 41, 45, 51, 52, 57, 63, 67, 68, 71, 73, 74, 75]
Bonus: 52
Mean: 46.05
Std_dev: 23.182286795150983
Variance: 537.4184210526316
Median: 48.0
Avg Distance: 3.6315789473684212
2019-03-16 2480029
Spots:
[2, 3, 5, 7, 8, 15, 18, 22, 23, 25, 35, 38, 43, 48, 55, 59, 72, 75, 76, 77]
Bonus: 38
Mean: 35.3
Std_dev: 26.415904300250634
Variance: 697.8
Median: 30.0
Avg Distance: 3.9473684210526314
2019-03-16 2480030
Spots:
[14, 22, 24, 28, 31, 32, 34, 35, 36, 37, 39, 42, 50, 52, 60, 68, 70, 71, 75, 80]
Bonus: 60
Mean: 45
Std_dev: 19.53404585252172
Variance: 381.57894736842104
Median: 38.0
Avg Distance: 3.473684210526316
2019-03-16 2480031
Spots:
[2, 6, 13, 15, 28, 31, 33, 34, 37, 38, 42, 44, 51, 53, 55, 59, 63, 67, 68, 78]
Bonus: 51
Mean: 40.85
Std_dev: 21.330173834019114
Variance: 454.9763157894737
Median: 40.0
Avg Distance: 4.0
2019-03-16 2480032
Spots:
[2, 3, 8, 18, 20, 21, 23, 25, 26, 27, 35, 41, 45, 49, 50, 54, 63, 70, 72, 80]
Bonus: 27
Mean: 36.6
Std_dev: 23.182116519329927
Variance: 537.4105263157895
Median: 31.0
Avg Distance: 4.105263157894737
2019-03-16 2480033
Spots:
[1, 2, 3, 5, 12, 16, 17, 29, 32, 34, 36, 37, 41, 46, 48, 49, 50, 55, 56, 57]
Bonus: 56
Mean: 31.3
Std_dev: 19.510051390582184
Variance: 380.6421052631579
Median: 35.0
Avg Distance: 2.9473684210526314
2019-03-16 2480034
Spots:
[2, 7, 11, 19, 21, 22, 27, 32, 40, 41, 43, 46, 49, 51, 56, 57, 58, 65, 76, 79]
Bonus: 22
Mean: 40.1
Std_dev: 22.114296399911932
Variance: 489.0421052631579
Median: 42.0
Avg Distance: 4.052631578947368
2019-03-16 2480035
Spots:
[2, 3, 4, 6, 7, 12, 13, 19, 21, 24, 25, 27, 28, 30, 31, 41, 49, 56, 62, 66]
Bonus: 24
Mean: 26.3
Std_dev: 19.719346631644452
Variance: 388.8526315789474
Median: 24.5
Avg Distance: 3.3684210526315788
