Overall Mean: 40.39928888888889
38.9
50.5
45.25
37.9
44.1
42.8
46.05
45.55
41.8
44.6
39.1
41.65
38.2
38.5
41.35
38.75
39.75
41.15
32.8
31.8
44.5
45.0
36.45
43.6
33.8
37.75
39.7
42.3
40.1
38.2
34.2
43.1
46.2
34.8
36.75
42.05
38.7
36.85
46.6
35.2
40.95
34.4
40.7
40.35
43.5
41.0
38.3
44.4
36.65
42.2
37.25
32.65
44.0
38.15
37.6
36.15
46.7
44.0
39.25
35.6
43.3
45.7
40.8
37.15
34.45
40.25
46.5
45.6
40.15
43.95
40.85
43.5
42.65
49.55
37.25
43.55
38.5
43.4
42.5
41.75
41.1
42.85
44.55
38.15
40.15
41.45
48.55
43.65
39.9
42.5
45.85
32.35
36.2
42.4
31.35
35.45
40.8
48.1
41.3
38.45
41.9
45.4
41.65
42.35
42.1
39.1
43.35
47.05
34.75
35.75
43.35
40.5
36.85
35.3
38.85
41.1
36.7
40.6
43.3
35.65
41.3
43.35
39.8
41.1
34.85
38.7
42.2
34.95
39.6
38.25
36.3
38.35
42.2
39.25
47.95
47.45
40.5
35.9
39.85
31.8
40.2
46.4
39.55
39.6
34.55
45.2
40.65
41.25
45.3
36.8
37.15
41.05
45.8
42.05
43.3
43.2
37.7
42.7
37.8
34.8
42.4
44.1
50.45
43.05
45.9
35.3
38.3
37.7
48.7
42.15
41.6
35.25
44.9
39.65
42.8
41.35
36.45
34.25
43.1
46.1
44.5
41.4
37.45
37.55
40.4
42.4
39.45
39.85
45.5
46.3
36.8
37.85
39.5
32.65
38.95
34.25
32.4
42.0
35.3
44.5
34.9
44.05
38.85
30.55
38.9
36.95
33.5
32.2
46.55
31.3
38.7
44.1
40.15
42.25
37.8
34.45
36.5
41.7
39.8
46.9
41.45
42.05
40.7
34.7
42.3
48.95
42.35
41.5
44.9
37.35
38.55
41.15
41.25
44.05
39.1
38.8
37.2
39.1
39.4
40.55
39.5
40.0
45.9
41.75
30.3
37.2
44.35
47.35
38.7
33.65
36.15
39.95
42.85
40.7
40.55
41.05
32.25
41.7
49.55
43.25
36.35
38.6
37.85
35.9
38.0
41.25
31.9
40.85
36.9
42.05
38.85
42.4
38.3
31.45
39.25
31.65
32.85
45.85
36.05
34.45
36.0
41.5
40.2
44.7
41.5
42.7
35.2
48.3
44.9
34.75
43.3
38.65
37.9
35.9
45.05
37.05
34.75
42.35
33.55
35.65
32.8
37.8
36.8
42.8
42.05
33.9
35.35
38.25
41.7
38.35
42.0
33.15
33.7
42.3
38.85
36.9
43.5
43.95
39.25
37.2
34.1
44.6
34.5
36.1
43.0
35.85
37.75
41.85
33.3
39.3
36.65
40.35
34.85
39.95
43.3
46.55
32.85
36.7
42.9
41.9
38.1
43.4
42.15
45.5
40.75
42.35
36.4
31.0
35.3
34.0
39.0
31.7
34.0
52.0
42.1
42.2
44.45
30.5
40.45
45.3
37.65
45.25
39.25
33.25
37.6
46.5
36.3
38.45
33.4
36.55
41.75
43.1
36.35
47.0
33.9
44.05
36.3
36.85
43.35
45.3
42.85
42.6
46.8
31.15
42.95
39.85
32.2
46.6
41.85
43.8
43.3
51.2
29.85
40.2
37.5
38.65
40.05
41.5
33.45
37.4
39.9
40.05
33.55
33.65
47.7
49.4
32.9
44.85
45.0
43.1
33.4
42.55
39.0
50.9
35.15
47.9
40.15
43.2
43.0
42.25
33.75
37.1
37.45
43.2
43.1
33.8
42.8
40.7
38.65
39.35
39.7
45.75
30.1
42.1
34.8
44.6
44.95
34.95
37.25
50.25
46.5
41.75
40.1
42.6
37.9
51.15
36.5
37.35
37.75
41.1
45.6
39.6
43.45
40.4
36.1
40.65
44.5
40.05
37.1
36.3
36.4
41.45
39.05
39.2
38.85
47.6
39.4
38.65
40.35
35.85
45.35
45.0
40.8
40.5
36.05
43.8
42.55
39.45
36.75
38.6
39.05
40.75
39.85
36.35
37.1
33.75
33.5
39.15
31.9
39.8
40.35
42.2
34.2
45.4
35.1
33.35
29.65
43.9
43.05
41.45
39.25
38.05
34.2
36.25
41.75
46.55
40.55
31.0
33.5
40.25
37.45
44.85
37.2
41.25
44.4
38.3
44.1
46.65
50.3
43.7
47.1
51.8
36.45
33.3
41.4
40.2
41.1
31.4
32.25
42.15
39.6
40.05
43.0
38.25
43.7
42.0
45.2
37.25
42.25
36.85
42.25
47.35
38.3
43.8
37.5
39.45
45.3
36.25
38.95
37.6
37.85
39.55
42.55
36.55
38.95
36.35
36.8
41.95
48.75
35.85
42.5
33.5
35.65
43.65
37.9
34.85
33.6
36.4
34.6
40.0
41.05
43.25
37.7
44.55
35.1
47.15
35.2
46.0
46.3
49.35
25.1
36.2
38.5
38.0
36.7
38.7
40.65
39.0
44.4
40.55
38.8
43.85
35.45
42.0
41.0
40.2
38.85
38.2
37.2
45.3
40.95
33.6
36.8
43.4
44.6
39.3
40.15
44.15
39.25
41.0
34.75
37.25
41.85
37.55
41.45
44.95
43.65
34.4
48.55
42.55
29.75
43.65
41.6
46.8
41.95
31.2
39.35
48.2
37.75
41.3
44.55
44.65
41.65
41.7
41.6
51.7
37.2
46.0
40.65
41.5
45.0
40.25
39.8
41.7
38.6
46.0
33.8
43.3
41.2
43.25
44.25
38.25
38.6
39.55
41.5
35.25
36.7
41.95
39.85
44.4
49.3
43.35
33.0
34.8
40.6
40.25
39.75
42.3
34.4
36.35
37.5
40.65
42.8
41.25
34.35
43.5
42.05
40.4
41.05
44.0
34.9
37.8
37.85
39.75
34.9
43.25
37.55
36.45
47.9
41.9
40.75
38.6
48.85
39.5
44.55
44.5
38.4
39.55
41.3
45.5
34.0
42.05
41.7
39.05
37.45
41.95
41.85
33.4
35.9
46.65
46.45
39.1
39.2
46.1
40.25
49.95
43.05
43.3
33.8
33.85
42.6
35.2
40.25
49.6
35.6
37.9
41.15
37.5
33.8
42.95
44.7
39.15
40.95
41.7
35.6
43.7
36.05
40.85
35.45
46.5
48.5
38.95
45.95
41.9
46.35
42.4
33.25
44.75
40.25
39.4
33.65
41.65
32.85
35.9
38.6
41.6
49.85
49.0
40.1
39.85
48.05
43.3
41.3
35.55
39.05
41.75
38.95
40.65
45.75
39.75
42.4
45.35
42.9
45.05
31.05
37.75
39.9
49.2
33.8
41.3
38.75
43.0
35.2
39.2
39.0
39.8
40.25
37.15
42.15
46.2
44.85
40.9
40.35
42.75
38.65
41.75
42.15
42.95
41.55
46.55
41.75
37.0
45.9
40.2
42.2
40.4
45.6
54.35
46.0
42.95
37.15
42.85
42.35
47.5
39.55
51.9
40.85
40.2
37.5
36.65
43.55
38.75
34.25
34.35
39.8
44.0
37.95
45.4
39.85
40.15
40.65
44.75
42.9
47.05
40.95
38.5
39.0
35.4
46.7
49.05
42.1
43.25
41.35
48.15
44.5
44.05
33.4
40.9
40.95
41.15
47.65
39.8
36.35
39.05
43.5
42.0
39.3
40.75
40.1
37.65
40.15
35.75
33.25
42.75
42.55
34.2
33.0
42.75
38.05
38.8
41.2
40.4
40.5
37.8
41.0
46.25
38.95
39.65
43.2
39.55
31.2
41.6
45.7
41.35
45.25
37.75
34.65
39.5
39.5
36.65
44.45
41.8
43.15
40.55
47.45
43.15
40.3
42.3
47.0
38.9
42.75
30.95
43.15
44.85
36.25
40.6
34.4
37.25
35.1
42.95
42.95
43.95
39.45
45.1
39.35
37.45
34.45
43.3
42.75
40.75
46.85
35.2
36.9
42.75
39.95
50.15
44.8
32.45
42.15
42.45
33.95
42.6
39.35
39.6
37.2
34.6
40.8
42.05
37.25
35.4
47.9
40.0
46.05
44.5
40.8
39.75
34.05
34.4
37.75
31.95
35.1
43.5
46.05
36.85
37.9
30.75
47.2
36.55
40.6
35.8
40.3
36.9
44.2
43.75
41.6
40.75
35.45
39.6
37.3
39.4
51.05
40.25
36.45
41.5
30.55
37.15
36.65
40.2
41.25
42.3
37.05
40.45
48.45
39.15
36.85
42.1
36.75
43.1
36.65
38.75
43.25
41.35
36.15
41.55
36.35
36.95
48.5
36.7
39.0
39.65
42.05
41.3
47.7
39.85
37.75
48.95
36.2
42.3
38.5
41.75
35.95
37.4
35.6
49.3
41.6
36.4
42.6
38.7
41.4
42.75
40.3
40.85
40.5
45.75
41.75
39.7
36.0
39.2
41.05
35.1
30.8
40.5
42.05
40.3
35.45
48.2
42.25
38.5
37.7
47.6
41.35
37.65
39.1
33.3
47.2
43.1
37.8
41.2
42.35
28.9
40.9
32.8
40.2
34.85
40.8
44.75
38.7
35.65
44.2
37.7
34.65
36.85
37.7
40.7
43.95
39.4
33.7
37.45
44.0
35.65
45.85
46.6
39.5
43.4
43.0
42.7
35.75
44.8
34.2
37.45
37.45
42.1
40.65
39.2
39.75
43.95
47.85
39.15
42.0
45.3
43.15
42.6
42.5
46.35
33.3
36.1
41.95
39.35
40.25
40.95
46.3
39.5
42.1
50.3
39.35
42.8
41.75
35.15
41.3
45.65
36.9
40.45
39.05
40.55
37.65
48.5
40.25
35.85
43.2
38.7
43.15
46.15
36.3
47.4
35.45
39.35
36.1
42.6
47.1
46.45
32.85
32.45
38.85
48.1
43.55
44.9
44.95
37.9
46.3
35.25
36.65
44.8
41.2
32.8
42.85
41.05
35.85
33.85
46.2
46.7
41.8
33.6
33.05
46.45
40.6
44.0
38.75
40.9
37.55
31.25
35.6
46.0
35.1
36.75
43.2
33.75
38.45
44.05
39.45
41.45
35.15
35.35
41.55
31.1
40.7
39.8
40.8
43.75
35.05
36.15
44.8
42.05
38.25
46.7
39.55
46.4
41.7
50.1
42.3
42.15
39.0
36.5
28.9
38.8
33.2
41.4
42.25
40.1
40.65
40.15
39.95
32.9
36.0
43.8
29.15
41.35
46.0
35.05
39.65
46.9
41.05
34.7
33.95
40.4
43.75
36.2
30.25
47.4
41.45
38.1
39.75
36.15
46.9
44.3
39.5
42.5
34.75
41.0
45.75
45.95
40.35
36.15
36.7
39.05
45.4
46.0
44.2
44.85
43.05
49.05
44.75
45.2
34.9
41.35
36.15
38.75
41.5
44.0
39.1
38.6
37.8
37.9
37.15
42.2
44.3
32.55
43.4
46.9
42.25
39.2
37.0
37.85
43.5
51.55
32.85
36.15
40.7
37.35
44.6
39.8
43.15
39.95
45.25
42.1
39.25
37.8
40.5
38.4
37.95
44.95
36.6
47.0
39.1
40.35
36.95
37.2
41.45
39.85
37.9
44.8
38.55
33.2
34.2
38.8
38.6
35.9
38.15
42.5
40.45
46.7
42.9
41.85
39.5
44.15
39.5
45.1
48.8
44.7
36.95
40.85
38.25
42.2
37.65
46.8
36.35
42.65
43.35
29.5
50.4
47.8
36.85
38.5
38.0
40.65
34.15
46.85
35.95
41.15
39.65
40.5
44.7
38.85
39.25
43.3
40.7
34.25
39.4
46.2
37.7
37.85
39.3
32.8
42.8
38.25
46.3
38.65
40.8
33.25
41.35
41.9
44.65
48.75
37.65
37.5
44.3
44.35
38.45
48.4
40.75
31.95
39.8
41.5
40.2
38.95
39.2
42.95
41.25
40.1
39.25
41.4
40.7
39.45
46.55
42.5
34.2
36.35
45.5
38.05
44.6
31.75
46.45
49.5
35.25
41.65
32.05
46.55
35.3
33.5
42.35
40.8
35.75
42.3
50.35
40.35
40.3
41.3
46.15
40.05
39.4
32.3
35.75
39.65
36.3
41.4
35.7
39.45
40.45
46.55
42.0
35.3
35.75
33.55
38.25
46.6
35.85
42.6
40.35
46.65
44.65
42.7
45.75
46.6
35.35
36.35
33.85
43.35
35.9
43.4
35.15
40.15
36.75
42.55
47.55
46.75
43.05
44.35
40.15
44.1
38.9
39.4
41.2
44.25
34.55
38.35
36.1
38.6
36.6
38.35
33.85
48.75
45.45
36.5
41.05
39.7
38.3
36.9
43.0
40.55
44.85
40.7
41.05
39.35
37.8
51.3
36.15
38.15
43.65
39.3
47.45
30.35
40.6
44.05
29.2
34.35
36.6
39.6
36.8
42.65
30.55
38.8
53.25
37.7
43.05
42.2
47.05
35.8
48.8
40.85
47.45
42.55
39.35
39.05
41.8
46.6
40.5
45.0
40.2
42.25
35.1
36.9
33.75
45.55
45.65
44.25
37.65
43.35
40.6
39.65
42.85
40.3
38.75
43.15
41.6
36.5
34.8
45.95
47.55
35.9
37.85
40.05
40.9
31.05
36.75
37.1
42.75
44.7
37.3
38.8
35.6
41.15
49.8
37.9
34.75
32.4
42.15
36.6
46.05
42.75
41.15
32.6
39.9
39.2
32.7
40.7
55.3
36.25
45.7
41.8
40.0
29.5
38.2
33.6
39.5
45.05
41.7
44.25
36.8
44.3
34.45
44.3
40.9
42.9
49.45
45.35
36.3
40.4
36.45
33.95
43.85
39.8
39.95
37.4
38.75
41.85
39.45
51.9
50.55
37.6
39.75
39.15
54.05
40.2
47.4
43.25
43.25
34.65
46.1
35.95
36.65
49.55
45.3
33.35
38.4
37.65
35.35
46.6
39.7
45.4
35.45
38.45
40.95
37.05
46.1
33.5
36.0
42.6
38.8
43.3
50.9
42.8
46.0
39.85
41.75
41.35
43.6
39.5
35.8
37.6
38.95
46.2
48.05
34.15
38.75
37.25
32.2
38.25
39.45
40.15
38.7
41.65
43.8
40.3
38.25
42.75
43.75
41.3
41.8
37.0
41.85
43.25
35.4
36.55
28.6
44.3
39.35
45.45
37.8
49.4
44.2
39.2
40.35
38.8
44.3
27.35
31.5
32.4
38.85
34.2
39.35
43.45
47.05
30.95
41.7
36.6
30.0
37.2
38.2
47.4
37.25
31.25
30.15
37.9
31.35
42.05
40.85
38.2
48.0
40.05
44.05
31.8
45.0
40.2
41.8
42.65
44.5
44.8
36.15
40.5
35.25
40.65
41.0
45.6
40.8
32.85
37.25
39.1
45.45
40.35
46.0
39.1
42.75
35.65
43.2
41.6
37.75
42.45
35.4
30.5
43.6
43.55
40.4
43.75
43.3
29.95
44.8
43.3
40.35
41.4
33.95
38.5
43.15
39.8
41.55
40.75
41.65
39.4
31.1
42.45
51.45
41.85
37.2
48.15
43.25
42.55
36.3
39.6
34.0
43.75
40.45
38.6
31.55
36.25
50.95
38.85
44.2
43.95
42.05
52.3
39.0
41.05
42.05
39.3
41.35
41.05
37.8
41.85
44.95
39.65
40.25
41.75
33.35
42.75
36.45
44.05
42.0
37.1
40.2
36.0
51.9
44.0
42.15
41.0
38.65
30.95
39.2
42.85
42.55
38.0
31.3
41.6
35.4
44.65
37.0
42.45
37.55
35.65
44.15
43.95
40.75
33.7
43.1
39.6
42.85
42.5
37.15
34.3
50.25
39.35
40.4
30.2
41.65
41.65
36.85
37.75
44.4
42.3
43.95
38.5
39.65
38.6
37.8
43.8
48.95
37.25
33.0
40.65
52.6
39.25
42.2
44.1
49.95
43.35
33.9
40.65
36.95
40.65
40.6
48.3
40.3
35.45
44.95
40.65
44.2
36.25
34.1
48.45
44.25
39.1
41.2
46.3
47.1
34.35
32.3
38.55
40.4
37.7
37.75
49.9
31.75
41.45
39.55
38.05
37.65
43.75
38.65
43.7
48.45
40.55
40.15
42.5
42.75
39.15
33.2
33.4
41.15
45.45
35.5
33.75
47.95
41.85
39.35
42.1
41.55
46.7
47.85
36.15
39.0
37.8
43.7
38.45
36.3
43.25
42.7
48.85
42.2
43.95
41.5
40.45
42.15
40.75
41.6
43.4
43.15
27.05
41.45
37.0
40.2
39.75
35.25
39.1
43.9
43.75
37.4
35.55
37.6
48.85
41.95
42.85
46.05
42.8
33.7
38.75
32.05
38.1
45.75
38.6
36.65
46.75
47.1
39.5
42.3
35.1
37.5
40.15
31.1
48.2
51.9
50.65
33.7
46.65
38.8
46.9
40.85
38.1
39.25
44.5
36.7
39.05
41.2
37.75
44.75
39.05
40.4
37.95
41.35
40.35
37.75
38.95
38.8
42.3
35.9
37.25
32.95
35.85
44.85
40.0
42.75
41.65
37.15
43.25
41.8
47.2
44.05
41.3
44.7
38.6
44.35
48.6
40.6
34.1
44.75
44.0
42.4
40.75
37.2
36.6
41.15
38.45
33.25
44.15
41.4
33.6
41.65
35.75
49.4
43.55
38.5
33.1
50.25
46.7
43.9
34.8
43.35
46.15
51.55
36.05
35.25
46.9
45.85
47.85
42.55
48.0
45.65
37.25
42.2
36.85
35.8
44.9
41.8
45.4
36.25
39.0
47.6
34.1
44.15
46.2
39.3
49.25
39.8
42.15
37.75
45.65
40.35
29.85
42.75
36.95
39.6
44.5
38.1
41.5
49.25
33.7
44.95
37.25
53.8
38.9
39.6
36.9
45.2
43.9
44.55
45.6
37.1
37.85
39.8
38.25
33.3
47.45
39.7
46.65
39.6
43.1
34.2
49.45
35.55
49.25
38.95
38.9
48.15
40.1
40.55
38.45
36.45
41.1
31.35
44.0
38.2
43.05
37.2
47.85
40.6
38.55
34.3
41.1
39.4
41.55
41.5
40.75
43.3
41.05
42.55
47.95
40.9
36.1
29.85
44.7
32.45
47.35
41.95
41.65
39.2
49.7
42.15
45.5
37.6
44.2
52.55
41.95
44.0
42.4
36.2
30.4
45.1
39.75
42.7
49.3
46.05
35.75
36.85
43.8
48.85
30.45
47.05
40.1
39.25
46.85
44.45
37.25
37.55
44.0
30.7
40.45
32.1
34.85
43.45
39.2
43.35
36.8
47.05
40.25
42.1
40.35
38.5
41.3
34.6
38.8
49.85
42.25
45.7
45.15
37.4
40.75
38.45
44.45
34.2
34.1
44.7
35.05
45.45
36.85
36.6
41.1
43.4
41.15
40.1
42.6
43.2
33.5
36.15
36.4
42.05
41.1
42.9
45.65
41.45
45.2
43.75
43.1
36.65
47.4
41.5
42.85
38.35
34.4
41.5
43.25
41.65
41.25
42.45
41.45
35.9
47.65
37.8
36.55
39.0
48.45
38.75
46.9
47.2
43.8
38.6
44.15
36.7
36.4
40.9
41.05
47.05
47.35
36.55
39.55
46.35
37.3
42.6
39.2
42.8
44.15
41.4
36.7
44.95
39.3
41.9
44.2
38.95
48.7
28.0
45.2
42.0
46.2
33.45
44.45
43.55
43.55
39.3
41.75
34.85
39.75
42.3
40.85
45.45
42.0
39.05
42.45
38.65
43.15
40.15
42.8
32.55
40.0
39.8
37.55
40.05
40.8
43.6
40.65
34.5
37.95
49.5
46.5
38.0
48.05
34.15
35.1
40.65
28.2
41.6
43.8
48.65
44.4
43.35
37.6
38.45
45.7
38.7
41.85
45.15
41.5
48.6
44.05
45.55
42.9
40.4
32.65
39.0
40.1
46.85
41.05
37.55
38.95
39.45
42.95
39.2
44.5
45.75
48.9
45.05
41.2
34.45
37.05
40.35
41.25
40.35
35.1
36.8
39.3
34.7
42.0
48.25
50.35
38.5
36.0
37.15
35.2
48.3
37.45
36.85
30.6
42.4
33.35
40.85
38.6
40.95
37.2
48.75
39.75
33.4
41.65
41.45
42.55
43.2
32.75
40.3
42.1
52.05
47.2
47.85
34.4
43.05
44.65
42.5
48.05
50.05
43.85
35.05
39.25
35.15
41.65
37.15
40.8
39.95
47.15
31.8
33.95
38.6
42.4
42.85
38.45
34.15
42.7
38.75
29.95
39.75
39.1
48.0
33.75
40.3
44.05
39.1
37.25
40.8
43.3
46.1
32.6
30.85
39.7
45.7
37.05
45.5
38.1
42.0
44.2
45.6
44.9
44.2
42.05
39.75
44.2
40.05
43.55
34.75
40.0
37.85
38.2
43.65
38.6
33.1
45.35
38.05
43.35
44.0
38.7
41.15
42.15
38.55
43.5
31.0
43.7
43.25
42.8
40.4
35.55
48.2
50.55
36.5
37.25
43.15
45.9
47.65
30.2
37.85
43.4
41.4
35.55
38.1
40.5
36.85
42.05
42.55
35.8
39.15
33.2
40.65
43.75
45.8
37.8
35.4
42.65
33.65
35.55
45.0
39.65
39.35
50.85
48.2
34.95
34.6
42.95
39.9
42.45
35.4
42.85
40.6
38.85
34.25
36.45
34.75
44.2
35.4
34.6
39.15
42.8
38.0
41.3
29.55
50.0
43.15
38.3
34.5
44.55
37.95
36.45
41.3
45.6
44.95
35.5
38.8
35.4
40.05
45.6
39.9
43.3
43.35
40.0
37.9
46.1
30.35
44.2
42.65
35.45
43.5
41.75
46.2
39.6
37.6
45.65
42.0
44.7
52.15
39.45
44.0
34.2
47.5
32.3
41.5
40.9
37.75
40.4
42.35
45.6
38.05
38.35
39.05
37.05
39.95
36.35
44.55
34.55
37.2
40.6
46.55
39.55
37.45
45.1
52.5
46.85
46.4
39.65
40.3
41.4
35.85
36.25
38.55
38.35
46.25
40.3
46.1
48.3
39.95
40.9
45.4
36.85
29.85
42.8
47.6
42.9
45.45
34.85
41.5
42.75
31.05
38.4
46.7
39.25
40.45
39.0
40.0
45.55
36.9
42.4
41.25
43.65
30.15
45.6
43.1
46.85
36.0
34.8
47.55
40.2
42.9
33.45
37.6
46.25
35.35
26.2
39.95
40.3
40.85
35.0
43.5
38.85
43.15
43.1
33.95
32.35
43.65
36.25
40.7
35.35
35.85
36.7
44.35
36.4
37.75
44.2
36.0
43.8
39.95
35.35
40.8
33.85
37.25
45.25
32.85
37.4
34.5
37.7
39.5
45.0
49.65
35.8
41.1
42.8
46.2
43.0
41.7
41.2
40.5
40.2
43.85
38.2
44.7
48.8
37.55
43.25
37.7
38.35
42.0
35.0
40.15
49.85
40.55
40.65
48.0
38.9
45.45
48.25
42.1
37.45
40.55
41.75
43.95
39.35
38.7
44.5
45.35
35.1
37.95
34.65
41.2
40.3
42.35
38.95
46.45
44.35
42.9
43.4
48.95
27.8
37.05
38.65
34.1
39.45
40.35
36.05
32.0
41.9
44.4
29.85
36.25
37.75
35.1
46.9
36.75
38.05
36.55
37.75
48.15
42.9
42.7
35.85
39.25
39.6
44.85
45.2
36.2
43.05
45.05
39.85
52.3
35.5
45.25
39.7
45.6
33.2
36.65
45.75
39.6
38.3
39.9
35.65
43.85
45.25
46.5
45.2
35.8
45.95
42.8
39.6
51.8
47.5
45.1
42.4
32.75
44.65
40.5
40.3
39.15
42.4
45.35
39.05
48.4
40.95
35.6
41.85
34.25
42.8
42.6
34.65
44.35
44.25
48.95
40.5
43.2
44.5
38.95
46.9
34.1
33.55
45.0
40.95
49.1
30.95
33.25
37.95
45.5
32.75
38.5
43.15
46.5
41.0
37.4
35.6
36.35
38.55
47.0
32.55
41.0
40.95
35.05
36.5
47.05
36.95
42.7
42.15
37.75
36.9
33.75
51.2
41.2
44.55
40.85
45.1
39.2
40.7
45.3
44.95
49.75
43.55
34.95
32.05
49.7
47.1
39.5
43.4
42.05
34.05
42.45
47.0
43.35
39.55
38.6
46.25
39.0
35.65
42.6
42.05
37.5
33.05
39.9
39.4
43.1
44.55
42.15
43.3
43.75
41.8
35.2
42.6
43.35
37.3
44.5
38.95
36.55
38.4
44.4
40.85
43.45
38.2
38.9
45.5
47.3
42.45
41.95
41.35
41.3
41.2
38.45
38.7
27.35
41.9
44.95
46.55
34.65
45.05
46.45
43.1
36.15
33.85
31.65
38.3
42.6
32.65
41.05
48.1
40.6
39.75
39.45
36.0
35.75
47.8
48.45
38.05
46.95
36.5
35.75
34.0
37.55
35.55
39.75
40.5
39.35
32.8
38.15
43.25
41.55
35.85
38.6
44.5
42.15
54.45
35.4
43.5
37.35
39.9
44.95
39.3
33.35
34.5
47.95
41.2
43.85
39.35
34.35
41.15
36.9
40.45
31.25
41.65
39.9
41.7
49.1
42.75
50.75
44.7
40.45
41.9
40.85
41.3
40.85
36.25
42.75
31.65
37.55
43.05
36.4
42.3
44.3
41.75
36.25
38.35
46.2
36.1
33.7
38.8
34.05
39.15
36.15
43.6
39.35
43.05
44.35
38.25
40.8
47.55
35.5
43.2
48.25
35.5
42.65
32.4
38.25
49.9
38.25
41.85
36.45
34.15
49.45
38.85
39.45
42.45
39.2
41.95
41.45
39.55
42.75
35.5
33.05
34.6
44.95
40.2
35.75
46.05
30.2
40.15
36.6
30.55
36.05
39.75
40.2
38.05
41.6
45.6
46.35
37.2
41.55
44.1
42.95
44.65
40.65
40.25
42.75
37.85
37.4
39.5
43.75
35.8
35.05
43.0
35.1
41.8
46.5
42.0
36.5
33.35
40.8
35.4
43.0
43.95
38.85
40.95
35.1
43.2
37.45
43.8
40.9
43.85
46.85
46.4
42.75
43.55
36.2
40.65
42.1
41.35
43.85
34.65
44.35
38.15
32.55
44.15
40.7
32.55
50.0
35.0
35.65
43.4
42.95
41.95
40.0
36.45
43.75
43.25
43.6
39.0
41.15
45.5
39.05
43.9
39.85
31.7
32.9
41.6
40.5
41.55
44.9
46.35
44.55
34.8
38.6
39.75
40.6
34.65
44.1
40.45
46.95
42.25
47.65
42.45
43.75
50.9
48.35
36.0
38.8
35.05
40.6
50.8
44.65
39.9
39.65
45.0
47.15
40.0
36.4
38.4
38.2
48.05
43.4
40.85
32.8
40.25
44.0
43.8
37.55
37.8
45.75
43.4
34.95
46.5
43.7
48.05
41.25
44.35
37.95
47.25
46.25
46.65
43.15
45.05
46.0
39.4
39.25
37.5
46.0
35.05
39.75
34.4
42.35
40.15
35.65
37.3
38.7
34.25
40.2
39.25
34.0
44.15
39.75
40.65
40.8
42.35
44.35
39.85
40.75
39.0
43.85
41.65
37.1
33.25
35.2
41.0
36.8
46.75
39.8
39.2
36.95
47.3
41.35
39.25
40.65
43.65
48.2
40.3
35.0
31.95
41.75
37.85
46.55
42.85
42.1
40.1
39.25
45.55
43.25
35.55
43.0
39.2
41.55
41.15
38.75
39.85
40.1
35.75
38.8
36.4
36.0
39.8
40.05
49.3
37.1
37.65
43.25
35.3
37.05
46.95
34.35
38.6
36.9
43.2
35.15
45.75
45.65
39.85
34.65
41.8
42.65
39.75
41.15
33.1
41.5
41.95
42.6
45.8
34.6
41.65
39.35
42.1
45.45
35.7
31.55
45.95
31.45
33.9
43.9
39.9
35.1
39.95
38.4
35.05
43.5
42.5
38.05
49.05
38.85
51.25
40.15
38.4
37.05
48.2
41.15
38.9
42.45
34.25
40.1
41.25
42.3
41.35
48.25
43.6
33.15
27.8
42.0
37.8
39.5
45.2
38.5
36.7
30.05
40.15
35.5
36.0
54.5
45.75
35.8
36.35
40.7
41.85
39.1
33.35
40.5
41.9
32.95
37.9
32.0
43.5
44.55
41.5
36.5
43.35
43.6
39.65
41.95
29.1
46.2
39.75
40.4
36.65
38.15
44.15
44.9
39.6
36.65
41.65
42.9
41.15
29.3
41.55
38.45
30.9
43.4
42.8
37.5
39.9
45.75
32.1
38.45
34.6
36.1
42.3
44.2
44.3
37.9
43.2
39.8
38.5
37.2
37.2
43.95
42.65
35.25
41.85
40.25
41.15
45.25
38.15
43.8
37.45
51.55
42.1
39.75
36.35
37.35
38.9
45.6
36.95
45.05
37.0
44.1
38.8
46.95
37.25
35.55
40.75
48.9
45.35
44.3
40.75
36.2
39.0
33.6
46.75
41.2
37.6
44.3
45.1
46.6
38.15
40.85
43.7
39.75
43.4
36.9
50.0
39.45
37.15
38.2
42.55
50.15
39.2
44.2
32.95
37.35
46.15
38.15
36.2
40.45
37.7
36.65
30.3
38.0
36.15
43.9
39.85
47.0
40.45
42.65
34.0
40.35
43.35
43.15
38.3
37.1
38.85
43.25
35.6
37.3
34.25
38.05
48.85
40.85
40.75
43.85
44.05
41.05
41.45
41.7
35.85
40.45
42.7
45.9
39.0
33.0
45.7
33.3
37.75
37.75
44.05
46.75
39.25
49.4
34.1
44.7
38.75
41.65
36.85
35.1
42.45
40.55
42.7
47.15
39.3
43.1
33.3
37.1
42.75
37.95
49.9
44.95
42.8
38.8
43.85
34.3
35.0
51.15
39.1
41.5
40.0
29.35
44.65
42.7
43.5
40.1
42.95
40.0
44.65
45.4
35.1
37.1
32.7
42.0
47.1
39.9
46.85
33.9
34.35
34.9
41.2
40.7
43.45
42.3
31.25
44.55
37.6
37.35
42.05
41.15
41.5
38.05
38.9
43.9
42.2
35.25
40.85
48.55
44.15
36.8
23.65
45.95
36.7
37.25
42.9
36.85
42.9
38.3
42.05
42.15
40.55
35.6
39.3
35.9
39.8
39.35
35.85
42.35
38.3
42.25
38.1
37.9
37.0
39.2
43.65
39.85
33.15
38.15
32.55
47.4
37.75
39.55
43.05
39.15
43.5
47.75
33.65
49.3
43.55
48.1
42.6
42.1
39.35
45.3
41.8
33.6
43.15
35.25
37.9
38.6
42.65
38.85
31.05
38.0
50.5
42.1
36.15
38.25
38.9
47.6
41.95
40.35
34.05
38.6
32.0
38.4
34.3
35.1
38.9
47.2
45.35
41.4
35.65
37.15
35.1
32.25
43.45
39.3
41.85
34.7
39.65
34.15
32.1
40.15
38.7
47.3
34.85
40.35
46.2
38.85
41.45
39.15
36.6
39.0
36.3
47.25
52.9
32.45
36.2
33.05
37.3
43.45
42.65
36.95
42.9
38.65
40.95
36.75
38.65
39.75
38.45
41.85
37.75
31.85
38.1
33.45
43.25
42.1
34.4
35.4
42.9
45.7
34.5
37.8
42.4
38.9
40.45
37.2
43.6
41.6
39.75
51.3
44.8
35.85
39.75
40.9
45.3
33.0
42.4
41.0
40.65
43.05
45.1
42.8
43.8
49.85
41.4
41.2
45.55
41.75
33.15
43.15
37.5
43.55
34.25
44.4
36.2
41.95
44.25
42.95
40.9
41.0
42.0
41.95
37.9
41.45
38.95
31.45
35.6
38.55
41.55
33.3
38.95
35.25
40.35
41.5
39.0
36.75
38.1
36.95
36.9
45.65
41.75
38.45
36.3
37.95
33.65
48.05
38.0
34.9
39.15
45.5
39.0
43.8
45.85
34.95
46.6
44.65
40.75
41.3
43.3
33.85
40.55
39.7
31.95
52.35
47.3
43.6
36.4
39.8
33.2
37.8
47.85
43.55
30.95
35.65
30.05
41.8
46.9
38.1
37.0
37.6
41.4
38.75
30.65
39.9
38.15
42.3
31.6
40.4
41.5
45.75
42.2
40.05
47.9
30.7
38.65
42.85
40.65
32.5
36.35
50.35
41.15
40.15
39.65
40.05
42.3
37.9
49.05
32.25
38.35
43.8
32.8
33.0
44.65
35.3
33.5
40.65
44.95
35.7
44.25
37.6
37.85
42.5
41.3
45.3
40.3
45.2
41.05
39.45
38.3
50.4
40.9
41.15
37.45
35.1
39.9
37.1
35.15
46.8
41.1
35.3
34.3
46.55
39.75
39.15
32.85
35.3
41.05
39.6
28.55
41.15
34.25
51.5
44.15
35.0
38.25
36.25
44.4
44.95
40.35
41.65
39.8
46.95
36.85
34.65
35.6
36.95
31.8
44.55
42.05
43.55
45.75
41.45
42.15
43.15
40.35
37.5
41.85
41.65
46.2
47.8
42.75
33.7
45.3
36.1
34.8
42.75
50.0
32.3
43.35
51.75
34.1
40.85
41.35
41.4
48.55
38.5
38.25
43.9
33.85
45.5
47.45
38.55
32.25
38.15
42.55
44.35
41.05
42.35
35.95
40.55
32.0
48.05
40.95
41.8
45.45
46.3
38.9
43.25
41.15
41.85
46.0
45.25
42.25
36.5
39.85
38.85
45.1
42.15
43.05
39.2
43.4
35.45
37.85
34.35
43.6
42.4
44.85
36.0
46.35
38.6
43.35
44.85
37.45
35.55
35.05
42.65
45.45
48.4
39.65
36.5
44.1
33.15
44.55
45.5
39.5
50.5
39.25
39.1
35.75
45.65
33.85
43.25
44.3
37.2
42.3
40.1
49.1
43.3
47.25
38.35
52.55
35.3
42.15
40.7
36.2
46.0
40.25
39.8
41.65
46.5
44.0
31.2
37.2
36.7
38.4
38.7
37.55
39.7
38.9
47.45
42.35
43.2
35.3
42.75
50.05
34.1
38.4
39.5
43.55
44.6
42.15
36.1
33.7
45.6
48.9
50.45
39.1
41.65
44.75
32.7
35.4
43.6
39.8
41.0
43.1
34.15
31.0
45.95
47.1
38.9
34.45
41.0
39.6
36.35
37.95
37.2
42.55
42.9
42.75
49.1
46.7
35.9
39.15
38.8
41.25
34.3
40.45
44.0
37.05
38.5
49.5
43.35
44.65
43.35
40.85
53.1
45.2
53.0
50.85
33.95
43.55
42.75
36.3
32.8
41.8
41.3
38.2
44.85
43.35
36.75
37.8
33.6
44.35
41.35
41.05
39.1
30.55
35.25
35.35
47.25
40.0
39.05
42.1
45.2
37.0
42.0
46.5
49.2
37.55
37.2
32.45
38.05
29.7
35.9
37.45
39.2
39.5
42.15
39.3
39.25
41.2
36.2
42.65
40.8
37.15
37.45
36.4
37.85
32.55
41.6
35.55
47.85
49.55
37.6
34.85
43.45
42.65
47.15
38.7
41.05
44.65
43.8
37.6
34.4
38.75
36.35
45.5
46.2
40.4
41.35
37.4
37.1
46.25
44.25
45.85
46.8
35.25
38.0
37.65
40.7
42.7
39.3
37.05
48.45
33.7
42.8
42.35
40.3
35.65
41.6
36.55
34.45
41.95
39.2
39.6
34.1
38.9
36.65
35.25
42.05
43.4
45.15
44.75
37.85
43.5
43.85
41.75
44.8
31.85
45.55
35.65
44.75
40.4
39.15
38.95
40.35
43.1
39.9
37.7
49.25
46.7
42.7
41.6
44.75
39.85
43.1
39.95
46.0
41.25
41.9
42.1
45.9
30.75
40.1
34.35
46.3
41.1
39.85
46.35
40.6
44.0
35.45
34.7
35.05
44.75
39.9
36.65
44.35
44.0
40.1
39.5
35.9
37.3
34.45
43.75
41.85
48.6
38.95
44.05
39.15
38.9
39.7
35.85
47.0
38.05
47.85
44.85
41.6
41.65
44.85
38.75
38.1
34.35
35.15
43.0
35.5
43.3
37.4
42.25
41.9
38.45
39.75
45.1
37.9
44.05
47.2
47.05
45.4
46.0
43.0
43.2
40.95
38.9
36.35
38.65
43.2
36.2
45.5
38.65
40.75
36.85
42.5
41.05
40.05
41.0
34.2
32.45
35.3
45.0
40.05
45.65
37.3
44.7
46.55
38.85
42.85
38.9
37.7
45.35
43.85
37.7
33.45
33.15
42.5
39.1
45.15
34.35
42.3
44.45
44.6
39.9
36.0
34.05
45.8
40.65
46.15
37.3
35.75
41.45
39.35
44.4
39.5
46.4
38.95
42.1
47.9
45.3
35.0
44.15
41.05
45.45
41.95
41.15
43.35
49.3
39.05
37.8
34.65
43.6
44.8
37.9
38.65
38.55
40.35
43.0
37.75
36.15
39.85
42.2
39.85
39.75
36.9
42.6
49.65
37.7
42.05
38.05
39.4
35.65
42.8
38.75
42.8
33.9
34.3
36.6
49.45
35.95
36.3
43.35
42.8
36.7
45.45
38.85
37.45
30.9
33.6
38.8
36.6
39.1
43.75
39.55
47.05
46.7
42.3
47.4
43.85
33.25
50.0
41.6
36.95
46.85
37.9
35.45
43.4
36.95
37.45
44.85
43.05
38.7
40.2
39.25
33.6
43.3
45.15
37.85
34.7
38.9
35.65
43.95
35.6
45.45
33.95
33.75
44.05
42.35
36.35
40.0
37.6
47.0
39.8
36.9
44.1
37.95
45.7
40.3
44.45
33.4
35.55
46.0
49.5
44.15
44.15
44.1
39.25
40.8
36.95
45.4
39.95
34.8
34.3
48.8
40.3
38.7
37.7
49.35
34.6
52.65
37.05
43.9
39.0
44.9
43.9
39.25
40.05
42.35
37.85
34.7
40.55
49.1
39.5
40.8
43.7
38.5
35.75
44.9
39.15
36.4
36.7
38.4
40.6
41.25
39.65
41.2
30.6
34.15
44.65
34.5
31.75
42.9
40.15
46.55
38.05
39.25
34.5
35.2
39.55
35.85
38.15
41.35
35.25
36.95
43.75
36.3
35.65
42.6
37.2
32.4
41.3
52.0
48.15
35.05
41.2
34.2
34.85
43.1
49.45
35.15
43.35
48.3
40.6
46.95
42.85
41.15
44.35
44.0
41.15
30.0
38.2
45.05
37.75
43.2
40.3
37.85
36.6
40.3
48.3
42.8
38.9
45.0
42.3
37.1
45.05
45.0
43.85
36.6
42.4
42.85
44.0
41.2
46.0
41.9
38.6
39.75
43.75
38.85
43.65
38.25
39.95
43.75
37.75
35.75
40.2
36.75
45.5
33.15
44.65
40.65
44.9
44.45
35.05
42.1
32.5
36.8
44.7
43.25
39.85
40.75
41.1
41.9
43.75
39.9
39.75
38.1
43.1
37.65
41.15
51.2
39.95
29.6
47.35
40.55
46.65
41.95
46.5
42.55
42.4
41.15
33.4
31.75
41.75
39.1
38.0
31.2
43.15
44.1
39.3
36.6
43.0
38.25
36.85
45.9
45.3
47.05
41.55
40.2
40.55
37.05
35.4
35.85
46.8
46.1
39.8
32.05
40.9
34.65
39.2
38.95
41.85
39.95
38.65
40.9
38.05
42.8
37.7
41.65
30.5
43.35
38.0
39.0
43.15
42.0
40.2
35.4
36.65
31.05
35.25
42.1
42.3
40.7
35.45
39.7
42.75
32.6
44.0
38.85
37.5
43.4
49.55
26.8
47.45
47.3
38.7
35.05
38.0
39.05
37.15
39.55
34.4
41.35
36.05
42.2
39.95
39.45
38.9
37.25
43.2
35.55
38.75
41.55
38.85
36.8
38.25
42.45
40.1
44.35
41.7
45.95
45.15
42.4
38.05
40.15
44.05
42.95
40.2
40.95
36.75
49.55
42.3
45.7
40.55
38.2
38.55
37.45
40.6
45.6
40.0
42.8
40.5
37.1
38.75
42.55
38.0
37.25
52.9
40.1
34.85
37.2
40.8
42.6
42.55
41.7
47.35
39.3
37.7
39.2
47.3
47.6
35.1
40.1
37.35
38.05
36.8
38.35
40.2
34.8
36.95
36.0
31.3
36.2
49.35
38.25
42.65
37.4
37.0
30.5
39.65
43.0
42.65
31.15
40.7
30.85
46.75
38.7
40.45
39.9
37.8
31.85
36.8
41.55
45.95
41.45
34.35
42.55
44.2
43.2
42.9
41.35
44.2
41.2
32.9
41.85
40.45
41.5
39.5
36.45
36.5
40.05
35.35
37.2
35.3
47.7
48.55
34.95
37.0
33.7
45.65
42.6
34.0
39.35
35.4
37.1
50.95
44.6
41.35
43.7
36.9
43.3
38.9
44.3
41.05
36.55
44.95
47.85
44.1
47.05
43.95
39.25
41.5
41.6
42.65
44.4
40.9
36.3
44.65
44.3
36.2
37.3
46.15
41.25
41.9
45.2
38.8
43.65
40.95
37.4
41.0
34.4
44.65
38.55
46.4
41.95
38.3
45.05
40.05
44.6
38.75
37.75
40.2
44.1
42.3
40.95
43.35
43.5
33.45
46.1
40.35
38.65
45.7
37.85
40.85
44.8
42.75
37.2
36.1
37.5
41.05
41.75
42.15
38.95
45.25
40.25
40.05
38.2
33.65
37.6
48.3
39.35
38.35
41.35
40.2
43.35
39.95
35.95
52.0
45.25
39.55
34.7
36.1
35.3
34.8
44.2
40.9
38.15
31.8
42.85
48.65
43.4
41.05
41.6
31.95
44.25
32.3
36.9
36.35
37.35
42.9
48.5
44.45
43.15
42.0
46.45
37.95
37.85
43.55
39.9
36.75
36.15
37.0
38.85
42.35
46.55
41.05
46.35
38.2
41.45
36.1
37.25
38.65
48.75
47.2
45.75
40.85
33.05
47.45
32.5
39.2
37.15
31.45
35.55
36.45
44.3
38.9
46.45
44.95
37.8
35.85
36.75
38.75
37.55
34.9
43.95
34.95
32.65
45.1
44.5
38.05
38.2
38.4
44.5
38.5
42.2
35.05
37.45
38.9
45.2
34.7
37.2
41.95
43.95
35.35
36.6
47.8
45.15
49.9
45.7
38.25
43.65
43.55
40.65
52.5
42.45
50.65
35.5
44.6
38.95
46.35
36.6
44.55
40.05
47.0
39.0
39.85
40.35
38.8
43.35
32.4
34.5
43.6
47.35
46.0
38.55
43.75
35.5
46.3
46.65
40.15
34.75
36.9
42.1
41.35
38.15
42.6
37.2
37.2
44.15
44.25
42.9
37.9
40.65
33.0
44.2
41.0
40.15
38.75
44.0
44.45
40.25
45.2
44.85
45.4
40.75
40.75
47.3
45.1
41.55
39.3
37.4
35.35
41.35
40.7
42.65
44.35
39.4
42.0
38.65
45.5
41.15
31.25
40.9
34.05
35.75
42.05
30.2
37.75
38.4
34.7
37.3
46.75
41.9
38.15
34.5
44.1
43.45
46.7
35.75
35.45
37.6
32.95
48.0
45.95
46.9
43.15
40.5
33.35
40.1
41.15
42.6
41.25
34.8
38.6
35.2
43.9
40.15
37.55
36.0
37.2
35.4
39.8
34.6
34.9
40.4
32.1
46.55
36.5
49.3
38.4
38.75
38.9
39.0
42.2
39.7
45.25
44.5
39.9
43.05
37.15
45.15
40.75
42.45
38.05
40.85
40.55
46.7
45.65
34.35
39.05
40.85
42.45
41.3
48.45
41.5
34.3
38.9
43.8
37.15
42.0
43.95
38.7
38.0
36.05
45.8
42.25
43.3
33.55
37.1
37.7
37.15
40.7
40.5
37.15
40.0
36.6
39.65
40.45
31.85
36.15
36.9
42.0
36.85
42.15
38.1
47.85
37.45
43.9
36.9
44.3
40.45
39.2
34.55
37.7
40.85
39.0
42.5
43.0
44.25
41.0
46.75
42.05
35.7
34.4
44.7
44.35
36.9
37.5
38.75
46.3
42.3
34.6
43.7
40.65
36.7
48.2
43.0
46.75
40.55
37.2
42.65
45.3
47.65
45.75
42.25
34.35
40.1
41.9
37.25
46.5
41.5
43.05
39.0
37.1
42.4
45.7
33.05
32.45
33.15
43.8
39.05
37.5
35.75
47.1
39.5
32.65
42.45
40.9
36.45
39.05
41.8
40.8
36.95
46.8
48.3
40.35
34.8
44.35
41.0
39.85
42.7
41.1
29.35
38.55
37.4
43.6
39.75
39.75
36.6
35.85
36.9
39.1
49.45
40.6
42.65
49.65
36.05
47.0
44.1
40.35
38.75
35.85
40.65
42.3
40.75
35.4
40.65
40.25
39.2
41.15
43.4
38.35
43.1
42.05
40.4
42.0
44.4
38.8
42.7
42.6
41.45
35.05
46.75
33.75
42.0
42.35
37.15
32.2
33.15
33.85
39.65
44.25
39.9
39.9
42.2
44.05
42.8
41.95
46.5
39.65
36.05
44.85
42.05
47.3
41.35
46.5
44.55
43.4
39.25
40.75
38.4
43.75
41.55
38.95
41.5
44.65
37.35
39.05
41.1
40.4
38.8
44.1
41.75
41.9
39.2
37.35
45.5
39.05
39.35
39.45
38.9
41.45
33.85
40.2
48.65
35.7
46.25
34.15
36.1
41.8
41.3
42.75
43.3
33.45
37.6
41.3
40.15
47.9
38.35
43.95
39.95
31.3
38.55
35.9
42.95
36.15
42.05
42.15
39.0
40.55
34.1
49.5
41.6
34.7
44.65
38.85
41.25
36.2
40.15
45.2
42.75
41.9
37.4
43.1
46.45
37.05
44.6
41.8
41.45
35.5
35.95
38.65
41.7
35.55
34.7
37.6
47.0
40.6
40.95
42.6
43.25
42.5
43.25
38.9
42.55
40.15
44.95
35.5
41.45
35.15
40.35
40.95
50.3
43.55
36.2
31.6
40.7
48.9
46.7
43.95
46.75
41.7
42.4
42.05
31.5
34.45
35.0
46.75
41.25
38.75
33.15
34.5
42.5
47.7
34.45
47.15
34.25
37.75
35.75
43.9
32.45
41.7
40.55
34.0
34.0
39.2
45.7
45.4
45.95
37.55
38.55
37.65
44.55
38.65
45.6
36.7
38.25
34.75
34.9
41.55
37.5
40.4
26.75
41.5
36.9
36.6
40.95
37.35
40.2
40.8
41.45
36.2
41.4
43.4
40.0
39.4
33.4
37.5
40.45
38.05
39.9
37.5
37.25
35.55
37.15
31.45
29.95
44.05
37.95
46.0
40.6
37.15
45.5
35.75
38.75
41.3
36.25
43.1
43.85
33.2
45.95
43.85
47.55
32.5
40.3
49.75
37.05
38.7
41.85
34.8
49.9
37.4
45.95
35.7
40.0
39.2
44.05
38.95
43.2
32.6
44.35
40.35
46.2
44.15
46.15
35.15
43.55
31.45
35.25
46.75
47.1
42.25
45.8
38.75
44.4
42.8
40.0
44.15
28.95
32.3
36.55
39.55
38.9
43.15
45.85
39.0
41.35
39.9
41.55
45.05
48.0
38.25
40.1
40.8
37.3
36.7
34.1
35.4
41.75
41.5
44.5
34.65
40.2
41.25
48.25
50.4
35.0
42.7
42.3
41.1
43.8
38.95
42.45
42.25
35.9
42.95
40.75
37.65
39.15
39.35
38.7
36.95
34.2
44.3
43.55
38.2
39.15
42.65
45.25
42.1
34.9
44.05
40.35
33.7
43.15
37.9
48.7
39.65
36.15
39.05
47.5
32.8
36.45
43.8
37.5
43.75
37.2
41.8
41.0
40.85
40.65
44.2
40.55
38.6
37.5
44.1
41.75
38.4
36.75
43.95
42.35
44.85
43.7
41.5
46.9
48.6
39.8
34.05
30.5
37.65
36.9
38.1
43.95
42.85
42.9
32.55
47.05
32.95
42.6
38.85
42.15
41.15
42.0
46.15
41.25
40.5
37.15
34.95
45.85
45.55
35.55
39.8
38.55
48.0
43.8
39.5
44.75
51.6
46.4
42.1
48.9
36.35
45.7
37.85
43.3
36.05
37.0
32.65
42.25
39.5
43.5
47.6
39.95
45.0
42.9
38.0
43.05
32.55
39.45
38.25
38.45
32.2
34.35
48.35
40.35
35.5
41.1
38.5
44.85
48.95
33.3
32.15
37.25
44.15
42.4
47.65
38.35
42.8
31.5
37.65
43.3
40.2
37.75
42.25
33.55
39.5
36.5
41.6
39.65
39.45
48.2
47.3
40.5
41.9
38.25
40.5
41.65
40.8
41.3
43.05
41.45
39.3
37.2
46.85
48.15
35.9
45.7
52.2
36.7
50.05
39.25
46.85
35.6
34.2
39.95
40.6
35.95
33.5
35.8
31.0
46.15
36.4
30.75
37.65
45.05
48.2
43.3
38.0
45.2
45.35
40.1
47.4
43.6
42.95
39.6
40.4
42.6
43.1
40.75
48.6
42.75
39.9
38.9
50.45
34.2
41.2
37.45
39.55
37.35
42.95
42.25
39.95
51.1
47.05
43.85
43.7
44.15
42.3
46.6
38.4
47.35
33.2
47.1
42.5
32.55
38.0
43.3
32.25
35.55
43.1
36.0
33.35
39.95
40.3
36.3
42.35
35.4
46.55
30.55
40.55
36.85
39.8
45.05
42.2
34.3
50.15
47.8
41.0
36.05
43.55
39.4
41.4
39.9
50.65
31.7
37.55
33.35
39.75
42.1
39.75
41.6
44.6
37.05
36.85
30.15
32.25
32.9
41.65
50.0
34.9
41.4
40.8
40.15
41.95
42.1
41.85
34.15
44.4
32.7
46.0
42.45
41.4
48.85
42.2
38.55
46.8
36.3
39.75
34.25
46.8
44.15
43.15
43.9
45.45
44.05
42.95
39.3
37.4
36.35
40.05
41.2
27.4
40.95
35.8
38.0
36.55
39.35
42.05
38.05
41.1
40.45
40.45
33.2
35.4
38.05
39.6
38.3
41.15
43.5
36.05
40.35
27.5
38.95
39.35
33.45
37.9
42.95
36.3
47.9
47.1
43.2
38.4
47.5
31.45
42.4
39.95
38.15
42.15
34.35
45.05
44.45
35.8
38.75
34.3
37.5
45.8
42.7
35.65
43.0
46.0
43.3
35.0
36.5
46.65
39.35
40.85
38.85
39.75
37.95
40.45
38.7
33.45
35.8
31.85
49.7
38.3
35.35
46.2
37.9
30.6
39.65
38.3
41.6
42.35
36.35
45.7
42.95
38.95
38.75
40.5
39.15
39.55
36.3
41.85
37.45
26.6
35.9
45.15
42.8
43.25
40.25
48.75
38.05
47.2
39.7
46.8
45.4
46.4
40.05
49.4
44.8
40.55
39.8
45.65
42.75
44.8
43.9
36.5
31.3
37.25
40.2
39.1
39.55
40.3
42.45
36.05
37.5
33.4
40.55
39.25
47.8
43.4
40.55
46.65
35.05
42.15
38.9
42.15
50.4
44.45
30.15
40.5
47.95
37.75
49.5
33.7
36.95
38.35
44.5
37.4
40.9
46.5
39.3
46.6
41.85
40.75
46.25
42.4
36.9
34.65
37.3
41.0
42.15
34.8
42.5
37.8
51.65
33.6
41.1
31.85
40.25
38.85
40.8
46.0
34.4
40.5
44.5
40.25
40.35
39.3
45.35
44.85
40.4
47.85
43.45
41.2
33.65
38.4
44.95
37.8
43.95
40.95
32.55
38.3
32.55
36.2
45.2
42.2
41.15
38.3
44.3
39.8
40.6
38.6
37.25
40.0
39.55
36.85
47.5
39.7
29.0
44.7
45.65
41.5
41.8
41.55
41.8
42.95
43.35
38.0
35.15
41.0
42.05
40.3
42.55
41.2
38.7
41.55
39.35
39.5
40.85
41.95
41.5
44.95
35.75
40.9
33.9
43.15
44.2
38.95
36.5
44.55
49.8
39.25
43.2
40.7
45.75
32.25
41.15
39.5
37.85
36.6
41.85
39.2
42.9
43.05
28.5
40.25
35.9
41.5
35.2
37.25
33.3
41.4
41.55
39.1
35.25
39.05
41.35
41.65
35.95
39.4
40.15
43.3
42.65
39.7
45.5
41.15
34.3
35.95
42.75
39.4
40.1
40.85
36.6
37.7
45.45
37.15
37.5
35.7
42.1
35.35
39.75
42.1
40.95
42.8
46.95
32.5
41.15
37.8
45.95
40.95
46.35
42.85
31.0
30.65
41.65
31.8
42.3
38.95
33.8
37.75
42.55
39.6
43.8
35.45
41.15
43.6
42.8
39.3
45.85
36.5
43.6
37.6
40.55
33.2
41.4
38.4
38.05
43.9
40.0
45.7
46.15
32.9
39.7
39.75
41.7
42.0
41.2
39.5
48.75
33.25
37.4
39.25
30.2
42.05
36.5
38.3
41.4
44.9
37.9
42.7
46.45
36.8
45.05
40.05
35.75
39.5
43.75
41.4
43.3
43.8
41.6
42.55
30.8
48.0
40.05
41.2
51.3
35.35
45.75
43.25
30.7
43.0
34.85
51.0
48.25
41.2
52.5
43.5
38.1
43.5
47.95
44.3
44.6
40.75
36.9
31.05
44.75
39.45
46.15
38.85
37.0
44.05
39.65
39.1
45.95
41.9
32.55
33.0
45.4
45.45
38.55
35.0
46.35
36.15
40.8
34.35
34.05
38.05
46.65
36.35
36.55
32.2
49.1
47.45
36.55
34.65
33.0
35.9
36.9
38.85
40.6
37.3
35.5
37.55
48.95
42.1
43.3
41.4
40.9
43.8
42.7
34.9
51.9
33.6
40.15
33.7
37.45
41.95
41.65
42.25
47.55
47.3
48.55
37.4
38.05
38.6
38.9
39.9
37.0
39.55
36.35
38.65
37.75
28.25
39.05
39.45
34.4
40.3
41.5
43.25
43.8
32.65
40.7
48.7
36.15
36.95
43.8
45.3
44.05
39.45
34.7
35.4
44.9
40.45
44.05
38.15
41.75
38.65
36.35
44.35
38.7
42.2
38.1
33.35
36.55
29.85
44.7
39.4
37.25
35.6
41.5
46.4
39.25
41.55
41.95
40.9
45.8
36.95
43.55
39.45
44.6
46.05
39.5
37.35
33.75
45.3
40.85
43.9
32.65
37.4
41.75
45.95
35.65
45.15
44.3
47.0
42.25
39.1
35.4
47.9
42.05
39.4
34.9
44.35
43.25
47.8
35.4
50.35
33.35
37.4
48.45
39.85
36.4
41.9
32.7
38.5
43.7
40.55
36.65
38.9
47.2
50.45
38.5
44.75
40.7
43.65
37.55
38.45
44.5
41.0
42.15
45.2
38.65
39.25
38.9
43.85
47.2
42.75
44.4
34.85
34.1
38.55
39.7
35.95
38.7
49.55
37.85
44.05
45.7
35.35
31.95
43.9
38.7
36.35
36.85
38.05
35.65
36.55
40.85
48.15
42.0
34.7
36.2
33.55
40.55
41.8
32.2
44.75
39.0
37.8
42.45
38.0
28.45
43.95
44.75
46.85
36.65
41.15
39.35
39.25
41.6
42.4
48.7
40.1
42.25
41.8
41.7
43.75
40.3
30.25
39.7
42.15
41.0
39.7
38.4
37.8
37.25
39.8
43.25
48.6
37.7
40.75
47.65
32.85
39.0
37.35
33.05
41.3
42.2
36.6
32.65
40.35
38.45
49.35
35.7
34.7
41.65
46.95
35.2
36.3
43.35
46.85
42.35
40.45
38.05
46.9
35.75
43.15
41.75
43.65
42.75
36.35
35.2
37.0
37.85
32.2
41.1
37.7
37.25
38.75
45.15
41.85
42.4
44.25
44.8
47.0
47.05
37.1
31.55
35.85
46.3
48.25
37.9
41.0
33.4
37.2
44.9
40.7
46.3
38.1
35.65
41.3
40.65
41.3
43.1
34.65
49.5
52.25
43.5
41.0
41.8
39.4
36.9
40.5
39.6
36.15
37.25
45.45
34.8
33.55
45.25
37.95
37.85
41.9
47.95
36.75
42.3
47.0
33.8
42.4
43.45
42.15
37.3
34.45
35.95
32.1
47.35
39.0
55.05
38.25
33.55
46.0
38.55
41.35
37.05
40.45
39.75
37.5
52.25
39.8
36.7
38.35
43.1
36.8
36.45
38.05
39.7
46.0
36.05
48.25
44.55
40.85
41.5
41.15
42.85
33.5
44.6
42.1
43.5
43.7
45.55
46.5
47.65
41.95
44.0
41.35
41.35
46.9
39.1
37.45
47.15
38.95
42.55
42.65
34.4
40.25
33.75
40.0
48.4
42.1
38.5
44.05
38.65
35.4
46.4
36.45
39.0
39.3
42.85
41.65
35.95
42.9
41.05
43.4
27.25
38.45
45.05
47.35
48.05
39.95
37.8
41.95
35.85
39.6
38.85
41.1
42.55
45.3
37.2
41.25
38.35
37.65
43.6
40.8
41.65
41.1
42.85
44.25
48.75
48.05
44.2
38.75
44.2
42.25
43.1
42.95
41.65
32.65
45.1
39.65
42.3
37.7
52.3
37.9
43.2
44.15
42.05
39.7
40.25
44.35
43.75
39.95
43.7
34.75
39.85
38.35
40.0
46.95
43.05
37.45
32.35
50.75
45.45
36.7
36.8
42.8
37.4
44.15
44.55
38.5
37.8
35.95
50.5
47.4
40.2
38.7
43.2
39.8
39.3
38.2
35.45
34.35
44.4
42.4
41.05
39.35
42.55
40.5
39.6
45.6
38.4
45.1
33.15
46.65
44.9
45.3
30.9
34.25
39.4
43.05
50.9
42.85
44.0
39.05
43.45
31.85
42.95
45.0
40.7
41.65
36.95
34.15
31.45
38.5
45.95
37.2
44.15
34.6
37.15
48.85
32.4
42.05
45.35
41.25
35.85
40.5
43.15
36.15
34.05
40.55
41.1
46.4
42.1
35.0
41.7
39.35
39.25
43.5
42.2
48.3
34.35
36.6
43.5
43.6
34.45
39.65
40.65
41.65
35.9
40.55
39.15
36.9
41.85
47.4
29.0
39.85
39.2
47.25
36.8
37.4
42.2
41.85
38.9
44.0
36.2
46.0
27.9
43.4
33.55
45.35
45.75
48.85
38.7
46.9
40.0
41.95
41.4
37.05
39.95
35.75
34.9
42.7
39.2
37.8
37.75
40.5
42.4
42.2
35.25
42.8
50.05
46.1
39.35
48.6
42.85
39.55
46.85
38.0
50.65
41.35
41.5
41.6
40.85
46.9
44.45
28.95
34.85
38.55
39.7
42.05
38.4
43.75
37.85
44.35
44.7
33.55
46.25
40.95
47.65
52.1
39.6
45.7
52.15
43.25
39.15
32.2
37.3
41.7
36.75
38.1
35.1
42.95
44.25
46.25
33.65
39.95
44.45
41.05
34.55
43.55
34.7
37.65
43.25
38.55
43.0
31.55
39.25
37.85
38.2
37.2
39.3
33.65
41.5
33.6
41.5
41.0
42.05
39.65
42.4
38.3
44.95
40.2
36.25
38.2
44.8
29.4
36.7
41.2
43.05
37.35
32.1
39.6
31.05
38.4
37.1
46.35
40.35
45.15
38.3
44.7
42.55
40.35
37.15
45.15
39.2
41.8
41.2
43.75
37.55
39.55
35.7
29.6
46.65
30.05
42.05
45.0
38.35
44.45
42.15
40.9
34.05
32.55
36.1
44.9
33.5
43.25
40.5
43.6
43.95
37.55
47.1
36.55
39.3
42.15
37.5
33.35
39.0
39.0
36.6
32.15
38.05
38.35
46.25
32.3
47.85
35.3
39.6
36.25
35.0
33.95
36.75
44.3
32.8
42.6
37.95
38.85
44.5
41.1
42.2
43.35
43.85
37.75
43.2
45.35
34.95
44.55
44.8
33.65
51.0
42.95
38.25
35.35
46.7
36.95
47.25
42.4
43.1
44.5
29.8
47.2
45.45
38.3
43.1
39.55
38.75
40.85
44.4
41.7
40.2
34.05
40.7
33.65
44.35
43.55
37.25
43.2
38.1
44.35
41.35
47.5
37.2
49.15
40.45
49.35
38.0
35.65
35.85
42.5
34.7
41.8
47.3
42.9
41.75
40.75
43.4
33.8
47.1
43.9
31.4
38.75
37.2
51.45
41.7
47.2
40.15
45.4
36.1
47.25
42.75
31.8
47.1
43.2
39.75
41.9
41.4
38.7
41.7
42.7
47.55
30.1
36.5
40.3
39.35
35.35
38.65
36.55
41.25
41.55
33.85
37.65
39.65
32.55
33.1
40.45
38.8
42.95
37.55
41.0
40.2
44.2
39.05
36.0
33.95
41.5
38.95
45.1
36.75
41.8
45.1
48.45
36.65
45.35
42.25
44.05
39.55
42.55
37.25
43.0
42.9
30.05
40.55
36.25
36.95
37.7
34.15
36.65
47.0
33.25
38.3
35.4
44.3
40.8
47.75
48.2
39.3
45.95
41.0
40.75
41.4
35.05
44.15
39.55
48.4
40.7
33.2
38.65
36.4
35.85
39.85
42.7
40.6
37.4
38.55
37.4
41.35
37.85
43.85
34.6
45.15
41.65
48.2
49.5
38.0
40.8
39.65
42.95
38.25
40.4
28.4
41.45
39.7
51.35
51.0
28.2
39.9
42.3
42.5
46.65
33.85
40.7
43.3
34.15
39.25
44.2
56.45
41.55
36.0
39.7
35.4
36.7
43.35
41.85
39.5
45.7
46.75
39.1
37.55
41.35
40.8
29.7
33.8
40.35
42.75
37.45
45.6
42.1
37.85
45.9
39.9
42.15
42.9
38.4
40.95
46.9
39.5
37.1
38.9
48.8
36.85
39.5
41.85
45.55
45.25
48.0
46.95
40.15
46.7
37.6
46.2
41.55
35.7
39.15
35.55
47.55
39.5
38.9
37.4
46.9
40.1
42.4
41.9
41.9
43.25
48.9
40.4
51.0
48.75
32.1
39.95
36.25
38.4
45.75
38.7
42.25
43.25
40.35
42.25
40.25
30.4
35.45
38.9
42.25
33.55
40.85
41.85
30.55
36.7
44.8
34.4
34.7
42.35
41.85
38.55
34.55
39.95
40.95
37.5
40.35
47.25
42.3
36.7
46.9
34.05
43.5
44.65
45.75
44.1
49.9
38.85
35.9
38.45
44.35
36.45
38.65
38.2
34.75
32.8
31.65
37.55
40.65
36.2
43.45
47.5
32.9
42.1
49.35
44.1
40.3
40.7
43.6
37.45
42.85
41.5
42.4
38.15
47.55
42.65
40.35
39.85
38.5
32.7
35.05
40.2
36.85
36.8
38.75
38.3
41.95
39.6
32.5
44.05
48.3
38.6
32.4
37.95
40.65
42.2
45.9
42.4
30.65
40.0
35.6
40.05
42.1
41.15
46.2
43.0
36.25
40.65
32.8
39.6
36.25
37.6
33.55
44.35
48.65
39.0
35.05
42.35
42.25
41.05
39.3
42.6
42.25
41.15
45.05
43.75
44.0
34.9
40.5
40.6
41.4
50.15
35.05
31.45
39.3
36.8
32.3
42.4
43.0
35.9
36.25
37.9
48.4
38.2
42.1
35.15
43.7
38.3
35.65
46.75
38.75
39.4
37.05
35.35
36.6
38.4
41.6
39.35
37.0
46.4
43.8
40.6
33.6
50.1
36.3
39.3
42.5
36.75
39.7
40.7
34.9
33.8
42.95
36.2
33.5
39.15
43.25
42.6
38.5
40.2
47.2
48.15
39.9
45.1
38.15
41.5
45.35
39.8
41.85
42.65
45.1
32.9
29.65
38.25
40.55
52.3
40.85
34.75
42.3
34.65
32.85
43.3
43.0
31.95
37.5
38.35
38.1
53.05
42.3
43.45
36.85
39.9
40.7
48.0
41.0
44.3
44.6
38.85
49.8
43.85
42.15
32.8
41.45
38.35
39.85
44.2
32.6
36.0
41.45
34.8
34.55
45.25
37.4
43.6
40.35
47.35
44.6
41.6
45.05
51.95
41.7
41.45
33.0
40.85
42.05
35.15
42.7
37.45
42.0
40.0
37.35
40.75
42.65
37.45
44.55
38.0
37.5
36.55
38.75
44.5
32.35
36.05
37.3
41.8
38.65
34.9
34.65
39.45
41.65
37.35
41.9
37.1
46.0
39.05
45.35
43.3
41.35
46.35
39.45
45.65
39.6
39.65
39.4
31.7
33.05
37.85
45.2
34.4
38.3
47.05
44.1
41.0
40.35
37.9
49.6
41.6
35.6
50.6
45.15
42.95
33.6
38.3
33.6
39.8
37.7
43.5
43.15
45.25
36.9
43.2
44.05
45.2
37.25
40.45
42.15
39.35
44.2
45.95
36.3
36.5
43.95
44.65
39.0
38.75
38.65
35.9
37.8
40.65
32.3
45.1
38.9
46.4
45.6
32.65
38.25
33.5
39.85
40.05
39.55
38.3
39.05
35.05
39.3
42.4
37.75
44.8
32.55
41.4
39.65
36.25
35.9
41.65
38.05
48.45
34.65
36.35
32.55
45.05
27.1
46.0
33.4
39.35
30.3
35.55
36.5
35.45
37.3
37.45
41.7
40.45
50.45
38.55
45.25
51.5
41.35
38.4
31.6
48.4
39.5
40.95
34.3
40.85
35.0
34.9
41.25
44.7
48.6
43.9
37.55
43.6
37.9
39.75
36.45
45.15
42.6
42.4
34.25
39.35
38.7
50.65
40.6
37.0
46.1
38.95
46.0
41.45
39.8
35.4
40.55
45.0
36.2
43.55
36.4
47.3
41.35
41.2
45.0
38.85
49.15
40.7
45.2
44.85
37.85
51.2
41.35
35.05
35.2
38.3
35.15
45.7
49.2
41.45
44.15
35.4
36.5
35.25
49.4
50.95
44.15
43.35
37.85
43.9
39.85
32.9
43.0
33.25
44.85
47.35
42.55
44.75
34.55
38.15
41.7
40.65
40.95
34.7
45.25
33.75
39.65
39.0
38.65
35.45
41.3
38.35
46.35
35.55
40.0
35.8
39.3
35.1
41.9
42.5
50.45
51.85
36.05
38.75
43.25
41.3
38.35
39.05
36.7
32.45
43.65
43.9
41.15
34.05
36.55
36.25
50.2
41.5
40.55
41.15
39.6
42.4
36.05
34.85
44.5
41.65
46.7
37.0
39.35
44.8
40.0
41.9
38.95
33.3
43.75
48.35
37.35
46.85
40.1
42.1
42.4
42.3
35.45
40.65
40.85
44.0
38.65
39.7
36.8
41.6
38.25
47.85
42.35
34.95
42.2
40.45
38.9
35.8
35.45
42.3
46.0
39.0
39.5
45.05
30.1
31.7
36.75
40.3
49.55
37.35
39.35
39.9
41.5
40.65
41.5
47.9
39.9
38.35
38.2
32.95
36.95
46.45
46.0
41.3
41.1
40.95
43.0
36.2
41.05
34.3
36.55
43.7
35.45
47.9
40.65
45.1
42.8
39.6
35.8
43.9
47.1
39.8
32.6
44.1
45.9
39.55
37.2
47.0
37.05
40.7
32.45
41.1
46.1
41.1
36.1
40.05
33.65
40.1
41.85
40.1
35.4
39.85
36.65
39.3
39.8
40.1
37.85
38.15
40.1
45.6
52.95
43.0
40.05
41.25
41.75
41.75
42.2
42.45
31.85
36.6
43.9
47.2
35.8
31.85
37.85
45.05
38.5
48.95
42.0
37.15
43.55
38.05
45.05
47.5
36.3
42.9
36.05
45.35
41.1
36.35
30.85
36.15
41.35
42.05
37.1
33.45
44.85
35.8
41.65
39.6
40.55
40.85
49.9
41.65
38.5
46.05
42.85
41.1
38.95
49.6
26.0
37.6
43.8
39.65
39.75
39.85
33.25
41.4
40.55
46.25
35.7
35.6
43.45
51.5
40.55
45.6
37.5
48.2
44.35
40.25
39.0
53.2
43.35
38.45
41.05
39.85
34.3
41.1
41.75
32.0
43.0
45.15
50.95
38.2
37.9
44.25
38.3
43.5
36.65
42.9
44.55
38.05
45.7
38.95
45.6
37.2
41.4
41.4
42.45
43.5
45.6
41.8
40.7
44.5
34.85
36.1
36.05
45.35
42.25
42.2
38.95
48.4
44.7
37.35
37.9
41.35
41.2
34.75
32.2
41.6
39.75
40.2
39.6
35.95
37.1
38.75
39.65
36.65
41.65
47.6
40.6
37.55
35.85
39.65
33.85
41.95
39.4
47.2
36.8
40.95
45.9
36.75
41.05
37.35
42.8
47.2
42.1
40.45
40.1
41.9
31.4
41.0
38.2
28.7
39.1
46.55
44.25
33.25
42.05
39.1
45.1
30.5
43.55
35.7
43.9
43.3
48.5
39.2
29.85
37.35
46.7
42.2
44.45
37.85
34.9
41.25
46.75
49.9
46.95
37.55
41.0
45.35
35.05
48.2
43.2
38.85
40.0
39.45
35.2
39.5
38.5
43.5
44.35
36.55
33.3
38.8
28.85
37.85
35.45
41.1
35.05
38.7
41.25
37.9
38.55
45.4
40.05
41.85
37.0
37.15
39.6
38.7
38.9
37.35
44.5
39.05
33.7
40.8
33.7
44.95
43.35
46.15
40.15
32.2
38.25
46.25
42.55
37.75
42.9
45.1
32.8
34.95
34.35
46.7
50.05
35.15
42.9
46.9
35.85
33.55
35.4
35.3
43.9
43.6
43.1
43.4
40.1
51.6
40.0
42.8
48.3
46.45
44.6
34.0
46.0
41.65
41.45
35.05
35.35
41.35
38.95
38.65
39.6
38.35
39.15
45.5
47.0
39.1
38.0
33.95
38.8
44.1
30.85
35.6
40.8
41.95
41.7
39.25
38.0
40.8
42.35
39.95
39.9
51.75
35.0
37.9
42.85
46.65
35.9
43.75
42.5
36.75
43.15
39.1
34.45
34.9
45.9
39.15
41.45
41.95
43.85
40.95
41.85
42.95
41.55
41.65
38.6
46.8
43.45
41.05
36.1
38.0
30.05
42.25
40.35
46.85
42.85
37.75
43.45
46.15
33.65
38.5
39.85
48.2
27.0
42.2
46.9
41.95
35.95
45.15
45.75
38.4
43.25
32.9
39.95
35.65
33.25
41.1
36.5
36.85
43.25
32.6
27.05
40.75
46.95
44.35
45.15
38.25
41.3
36.35
42.9
44.6
34.25
34.55
39.6
42.25
46.4
43.2
36.15
39.3
37.6
36.4
41.1
49.75
38.4
38.35
40.75
36.9
42.05
40.65
37.85
42.4
39.75
48.25
37.3
42.55
37.85
43.95
49.75
50.0
40.9
42.85
44.25
34.95
45.45
36.8
41.5
37.6
38.65
36.65
35.95
46.2
39.6
34.35
37.75
34.1
42.4
34.2
32.25
43.8
42.65
40.25
43.25
41.4
37.8
35.65
32.55
38.4
40.95
41.4
46.95
38.8
39.55
38.95
46.7
43.55
51.05
35.45
38.55
41.8
42.15
39.35
37.95
42.2
38.6
35.75
41.9
45.15
41.75
34.0
40.4
35.15
41.0
38.25
34.95
36.3
44.2
45.95
39.4
40.55
42.9
44.35
33.45
44.25
42.25
46.2
38.35
43.8
36.85
48.2
44.85
33.6
41.4
43.05
38.9
37.35
38.3
48.0
36.15
31.9
41.05
43.8
46.1
40.35
35.95
31.55
38.95
41.7
34.65
41.8
38.7
42.5
44.65
40.25
46.75
46.6
43.95
41.3
39.45
38.45
45.6
36.65
39.45
35.95
31.3
41.85
47.1
47.05
40.15
43.85
33.75
39.7
39.1
39.6
42.5
41.5
47.1
35.55
33.3
38.2
45.0
49.3
37.2
44.15
43.65
46.1
40.4
37.2
42.45
35.5
40.05
34.8
48.75
38.1
42.9
39.15
47.4
31.9
43.6
45.6
39.5
34.55
45.65
37.25
41.1
37.3
36.85
35.95
33.55
39.75
40.4
35.5
42.0
39.55
48.7
42.1
34.7
43.7
39.8
40.4
39.35
41.9
42.95
35.25
43.9
36.2
38.3
44.95
41.9
36.25
40.4
39.8
33.85
38.1
34.25
41.2
43.0
33.05
34.0
38.7
42.85
37.15
38.3
37.8
40.95
47.7
34.9
32.45
37.7
41.15
46.0
38.4
38.75
41.55
38.8
31.05
40.2
42.05
38.35
47.1
46.05
41.8
41.15
44.65
36.2
49.8
52.05
45.5
38.6
36.55
33.65
39.7
42.8
36.15
47.1
36.15
36.9
43.7
37.7
36.65
40.05
41.25
41.15
41.25
43.25
36.2
44.5
33.6
36.05
39.65
41.55
43.35
34.25
46.8
37.95
39.5
44.1
30.55
39.8
38.45
40.6
35.05
39.45
38.45
36.95
35.8
37.15
37.55
40.4
40.2
40.35
43.15
33.55
46.25
46.6
38.6
36.95
49.4
42.0
30.55
36.25
40.25
42.0
39.6
41.8
44.6
40.6
35.2
34.95
33.25
34.05
48.6
33.95
41.4
50.1
36.25
40.3
39.45
38.6
40.75
37.7
39.85
42.45
41.35
44.0
46.7
41.8
38.0
47.2
41.45
41.8
34.15
39.4
35.95
40.25
44.5
40.85
42.1
37.4
42.4
37.55
41.35
41.05
35.25
40.0
44.6
40.85
40.95
37.45
41.75
40.3
30.7
39.2
40.0
38.4
35.75
44.15
38.9
43.1
36.4
40.05
42.2
35.95
42.85
38.55
37.9
36.6
45.2
39.3
38.15
39.75
44.5
43.3
44.6
34.8
37.75
46.05
35.85
37.1
39.65
42.05
37.95
47.4
37.55
36.95
41.85
38.05
34.8
38.75
47.65
38.6
43.1
38.05
44.6
42.4
38.3
33.4
46.5
37.7
45.8
40.35
44.4
35.95
41.45
44.25
41.4
42.7
39.45
38.1
42.5
37.75
33.25
38.55
39.75
39.65
42.3
45.95
34.3
37.15
45.2
31.6
35.45
36.35
47.3
38.4
42.85
33.6
42.4
46.3
34.1
42.5
45.05
38.25
37.8
40.85
37.3
40.1
39.7
43.9
47.5
43.95
37.35
35.0
39.45
36.8
47.35
31.95
46.3
37.1
40.7
36.55
46.35
47.15
47.25
35.2
38.95
38.8
42.2
48.1
34.45
42.95
44.85
41.75
31.95
45.65
29.75
36.65
33.7
45.2
40.2
38.0
43.35
44.25
42.6
37.35
41.2
44.95
42.65
36.35
44.3
45.35
40.9
29.75
45.9
42.4
44.95
46.9
39.6
38.2
39.8
40.8
30.5
42.85
38.2
37.45
33.5
39.7
36.55
38.4
43.25
39.45
41.1
39.6
41.3
38.7
40.2
44.2
41.8
46.8
45.1
36.4
44.15
39.4
39.75
43.6
40.9
43.25
45.05
42.0
46.75
45.45
41.6
37.15
44.85
35.65
40.85
50.45
34.55
42.05
40.45
36.8
41.05
35.15
39.9
39.0
49.6
35.85
40.5
38.05
34.1
35.5
41.3
40.85
46.9
41.85
41.65
45.75
42.6
40.25
35.0
38.35
36.65
33.95
48.05
37.4
43.55
41.85
40.25
33.7
45.25
43.7
40.7
49.45
34.95
42.0
38.15
45.3
49.0
48.6
43.2
41.2
44.1
41.05
34.2
34.15
46.4
39.85
38.35
35.75
43.3
45.55
43.45
44.3
37.8
40.3
41.65
47.45
40.85
40.15
45.2
37.8
29.45
39.45
47.55
47.95
43.9
40.05
40.2
37.1
40.75
42.8
39.25
39.15
39.75
35.9
48.65
48.1
35.9
40.85
36.6
36.0
41.85
40.1
45.8
31.85
44.5
39.85
33.55
38.45
36.75
37.9
35.9
36.45
38.55
43.1
36.35
44.35
38.45
44.2
32.1
40.35
36.9
44.05
33.55
43.25
42.4
49.25
39.2
46.85
39.4
46.25
42.25
29.05
39.1
46.35
43.0
28.8
43.9
33.1
53.8
44.9
44.4
45.35
37.45
34.7
43.8
41.85
42.35
44.1
42.55
37.0
39.25
38.15
34.35
40.95
35.15
34.4
38.3
40.15
42.0
36.55
39.25
34.55
47.65
41.65
36.85
36.1
41.2
39.0
43.2
36.4
36.15
45.2
36.8
44.0
38.65
37.6
42.75
35.2
38.0
36.6
31.85
37.05
45.15
37.45
47.5
40.95
41.45
44.0
37.1
34.55
37.6
52.45
46.15
48.75
41.75
48.55
45.1
41.0
38.65
44.7
43.0
36.0
36.75
46.45
39.95
39.75
36.95
43.05
42.05
43.2
43.35
41.8
36.15
35.1
39.75
39.7
50.05
41.7
36.4
41.6
41.2
35.2
46.7
36.65
50.3
37.75
36.95
45.65
36.7
39.6
35.8
39.15
40.95
47.55
43.4
43.45
45.85
30.65
43.35
34.0
42.85
44.05
36.65
41.25
47.65
39.65
42.3
37.45
45.35
46.55
46.85
40.95
33.65
47.05
41.15
38.65
40.8
41.15
34.1
39.35
40.2
29.65
43.6
39.85
43.65
32.0
40.9
39.1
41.45
35.4
45.05
38.4
40.3
38.7
40.35
35.7
42.05
36.65
43.1
36.45
39.75
36.05
44.5
43.95
36.95
37.15
30.0
43.25
44.55
35.75
48.1
38.05
38.45
36.45
35.4
40.45
39.35
41.25
37.8
29.25
33.8
35.35
32.2
42.75
39.4
37.65
36.7
39.9
51.3
37.9
42.55
45.1
42.85
36.4
42.05
38.6
42.3
45.3
36.65
39.45
52.75
38.85
38.55
37.6
33.7
41.65
41.6
51.0
47.0
39.45
38.05
47.4
49.05
48.1
36.25
36.3
39.35
39.0
42.45
40.6
35.75
40.25
43.2
45.05
42.1
41.2
50.15
38.4
43.15
35.7
45.95
35.8
42.95
39.2
44.25
38.25
38.15
54.75
46.4
41.8
39.7
38.35
49.7
28.75
36.35
37.85
42.0
37.9
39.5
37.6
40.4
42.9
39.9
39.2
46.05
37.6
39.55
35.35
40.4
37.55
38.6
43.85
47.75
46.55
33.95
47.2
39.8
41.8
38.1
42.0
38.75
35.1
42.55
45.95
38.4
45.55
39.95
47.3
36.2
40.55
35.3
51.0
38.15
41.25
36.05
43.35
40.45
35.45
38.45
41.7
39.1
32.75
38.15
32.8
39.15
34.85
35.8
33.95
39.25
38.8
38.7
40.5
38.15
42.05
42.6
41.0
30.3
33.0
44.6
40.95
44.8
46.1
42.95
39.6
40.8
50.9
41.75
42.85
32.65
40.9
35.4
44.25
39.75
37.3
33.9
43.75
32.7
43.9
40.15
44.65
48.0
40.5
34.9
30.9
34.8
40.35
45.9
39.55
29.15
37.9
44.0
45.15
37.6
39.9
39.05
45.25
39.35
43.5
32.8
43.75
41.5
41.8
39.0
42.6
43.8
39.1
37.3
47.3
37.0
45.95
32.6
42.55
43.6
40.45
41.2
44.5
42.9
36.75
41.85
49.4
44.25
41.2
45.05
50.8
43.5
39.85
40.0
38.05
36.15
43.2
33.55
42.7
42.55
36.5
40.85
41.25
43.7
37.65
45.3
40.85
37.25
38.8
42.2
37.95
46.9
43.5
36.75
41.65
32.9
43.55
47.35
