avg_over_all: 40.45133333333333
avg_std_dev: 23.09371403946577
avg_variance: 538.0042807017549
avg_median: 40.45666666666666
avg_distance: 3.858596491228071
1: 76
2: 78
3: 75
4: 81
5: 67
6: 68
7: 70
8: 76
9: 79
10: 73
11: 81
12: 69
13: 85
14: 68
15: 88
16: 71
17: 77
18: 72
19: 64
20: 79
21: 79
22: 79
23: 75
24: 76
25: 71
26: 72
27: 77
28: 72
29: 91
30: 78
31: 66
32: 61
33: 86
34: 70
35: 63
36: 77
37: 75
38: 82
39: 88
40: 77
41: 64
42: 80
43: 94
44: 82
45: 56
46: 69
47: 71
48: 79
49: 75
50: 80
51: 78
52: 80
53: 80
54: 62
55: 74
56: 72
57: 76
58: 84
59: 71
60: 73
61: 66
62: 82
63: 70
64: 66
65: 77
66: 83
67: 67
68: 73
69: 79
70: 84
71: 75
72: 66
73: 80
74: 68
75: 73
76: 69
77: 77
78: 74
79: 84
80: 75
(2, 2): 78
(2, 3): 18
(2, 4): 21
(2, 6): 14
(2, 9): 19
(2, 10): 29
(2, 12): 19
(2, 19): 14
(2, 21): 14
(2, 36): 19
(2, 38): 21
(2, 40): 18
(2, 44): 19
(2, 46): 23
(2, 49): 19
(2, 59): 20
(2, 63): 16
(2, 66): 29
(2, 79): 17
(2, 80): 26
(3, 2): 18
(3, 3): 75
(3, 4): 21
(3, 6): 19
(3, 9): 19
(3, 10): 20
(3, 12): 21
(3, 19): 10
(3, 21): 23
(3, 36): 24
(3, 38): 22
(3, 40): 22
(3, 44): 18
(3, 46): 20
(3, 49): 19
(3, 59): 13
(3, 63): 14
(3, 66): 19
(3, 79): 20
(3, 80): 20
(4, 2): 21
(4, 3): 21
(4, 4): 81
(4, 6): 23
(4, 9): 23
(4, 10): 17
(4, 12): 13
(4, 19): 21
(4, 21): 22
(4, 36): 22
(4, 38): 20
(4, 40): 19
(4, 44): 20
(4, 46): 17
(4, 49): 22
(4, 59): 15
(4, 63): 22
(4, 66): 22
(4, 79): 30
(4, 80): 23
(6, 2): 14
(6, 3): 19
(6, 4): 23
(6, 6): 68
(6, 9): 14
(6, 10): 18
(6, 12): 18
(6, 19): 8
(6, 21): 17
(6, 36): 18
(6, 38): 23
(6, 40): 19
(6, 44): 19
(6, 46): 8
(6, 49): 17
(6, 59): 15
(6, 63): 16
(6, 66): 13
(6, 79): 24
(6, 80): 14
(9, 2): 19
(9, 3): 19
(9, 4): 23
(9, 6): 14
(9, 9): 79
(9, 10): 26
(9, 12): 17
(9, 19): 18
(9, 21): 19
(9, 36): 18
(9, 38): 24
(9, 40): 18
(9, 44): 22
(9, 46): 21
(9, 49): 25
(9, 59): 14
(9, 63): 11
(9, 66): 24
(9, 79): 26
(9, 80): 22
(10, 2): 29
(10, 3): 20
(10, 4): 17
(10, 6): 18
(10, 9): 26
(10, 10): 73
(10, 12): 19
(10, 19): 15
(10, 21): 21
(10, 36): 17
(10, 38): 24
(10, 40): 13
(10, 44): 18
(10, 46): 19
(10, 49): 18
(10, 59): 23
(10, 63): 24
(10, 66): 26
(10, 79): 22
(10, 80): 20
(12, 2): 19
(12, 3): 21
(12, 4): 13
(12, 6): 18
(12, 9): 17
(12, 10): 19
(12, 12): 69
(12, 19): 16
(12, 21): 17
(12, 36): 15
(12, 38): 23
(12, 40): 15
(12, 44): 18
(12, 46): 18
(12, 49): 21
(12, 59): 21
(12, 63): 16
(12, 66): 17
(12, 79): 15
(12, 80): 14
(19, 2): 14
(19, 3): 10
(19, 4): 21
(19, 6): 8
(19, 9): 18
(19, 10): 15
(19, 12): 16
(19, 19): 64
(19, 21): 18
(19, 36): 20
(19, 38): 16
(19, 40): 17
(19, 44): 21
(19, 46): 11
(19, 49): 20
(19, 59): 16
(19, 63): 12
(19, 66): 18
(19, 79): 16
(19, 80): 16
(21, 2): 14
(21, 3): 23
(21, 4): 22
(21, 6): 17
(21, 9): 19
(21, 10): 21
(21, 12): 17
(21, 19): 18
(21, 21): 79
(21, 36): 16
(21, 38): 20
(21, 40): 27
(21, 44): 19
(21, 46): 21
(21, 49): 20
(21, 59): 21
(21, 63): 21
(21, 66): 21
(21, 79): 19
(21, 80): 22
(36, 2): 19
(36, 3): 24
(36, 4): 22
(36, 6): 18
(36, 9): 18
(36, 10): 17
(36, 12): 15
(36, 19): 20
(36, 21): 16
(36, 36): 77
(36, 38): 18
(36, 40): 18
(36, 44): 25
(36, 46): 24
(36, 49): 19
(36, 59): 15
(36, 63): 21
(36, 66): 19
(36, 79): 25
(36, 80): 15
(38, 2): 21
(38, 3): 22
(38, 4): 20
(38, 6): 23
(38, 9): 24
(38, 10): 24
(38, 12): 23
(38, 19): 16
(38, 21): 20
(38, 36): 18
(38, 38): 82
(38, 40): 11
(38, 44): 21
(38, 46): 15
(38, 49): 20
(38, 59): 20
(38, 63): 23
(38, 66): 23
(38, 79): 25
(38, 80): 19
(40, 2): 18
(40, 3): 22
(40, 4): 19
(40, 6): 19
(40, 9): 18
(40, 10): 13
(40, 12): 15
(40, 19): 17
(40, 21): 27
(40, 36): 18
(40, 38): 11
(40, 40): 77
(40, 44): 23
(40, 46): 17
(40, 49): 18
(40, 59): 17
(40, 63): 18
(40, 66): 15
(40, 79): 22
(40, 80): 18
(44, 2): 19
(44, 3): 18
(44, 4): 20
(44, 6): 19
(44, 9): 22
(44, 10): 18
(44, 12): 18
(44, 19): 21
(44, 21): 19
(44, 36): 25
(44, 38): 21
(44, 40): 23
(44, 44): 82
(44, 46): 22
(44, 49): 23
(44, 59): 21
(44, 63): 15
(44, 66): 16
(44, 79): 23
(44, 80): 20
(46, 2): 23
(46, 3): 20
(46, 4): 17
(46, 6): 8
(46, 9): 21
(46, 10): 19
(46, 12): 18
(46, 19): 11
(46, 21): 21
(46, 36): 24
(46, 38): 15
(46, 40): 17
(46, 44): 22
(46, 46): 69
(46, 49): 17
(46, 59): 16
(46, 63): 13
(46, 66): 19
(46, 79): 19
(46, 80): 19
(49, 2): 19
(49, 3): 19
(49, 4): 22
(49, 6): 17
(49, 9): 25
(49, 10): 18
(49, 12): 21
(49, 19): 20
(49, 21): 20
(49, 36): 19
(49, 38): 20
(49, 40): 18
(49, 44): 23
(49, 46): 17
(49, 49): 75
(49, 59): 20
(49, 63): 18
(49, 66): 19
(49, 79): 13
(49, 80): 21
(59, 2): 20
(59, 3): 13
(59, 4): 15
(59, 6): 15
(59, 9): 14
(59, 10): 23
(59, 12): 21
(59, 19): 16
(59, 21): 21
(59, 36): 15
(59, 38): 20
(59, 40): 17
(59, 44): 21
(59, 46): 16
(59, 49): 20
(59, 59): 71
(59, 63): 20
(59, 66): 21
(59, 79): 19
(59, 80): 17
(63, 2): 16
(63, 3): 14
(63, 4): 22
(63, 6): 16
(63, 9): 11
(63, 10): 24
(63, 12): 16
(63, 19): 12
(63, 21): 21
(63, 36): 21
(63, 38): 23
(63, 40): 18
(63, 44): 15
(63, 46): 13
(63, 49): 18
(63, 59): 20
(63, 63): 70
(63, 66): 23
(63, 79): 22
(63, 80): 18
(66, 2): 29
(66, 3): 19
(66, 4): 22
(66, 6): 13
(66, 9): 24
(66, 10): 26
(66, 12): 17
(66, 19): 18
(66, 21): 21
(66, 36): 19
(66, 38): 23
(66, 40): 15
(66, 44): 16
(66, 46): 19
(66, 49): 19
(66, 59): 21
(66, 63): 23
(66, 66): 83
(66, 79): 19
(66, 80): 19
(79, 2): 17
(79, 3): 20
(79, 4): 30
(79, 6): 24
(79, 9): 26
(79, 10): 22
(79, 12): 15
(79, 19): 16
(79, 21): 19
(79, 36): 25
(79, 38): 25
(79, 40): 22
(79, 44): 23
(79, 46): 19
(79, 49): 13
(79, 59): 19
(79, 63): 22
(79, 66): 19
(79, 79): 84
(79, 80): 20
(80, 2): 26
(80, 3): 20
(80, 4): 23
(80, 6): 14
(80, 9): 22
(80, 10): 20
(80, 12): 14
(80, 19): 16
(80, 21): 22
(80, 36): 15
(80, 38): 19
(80, 40): 18
(80, 44): 20
(80, 46): 19
(80, 49): 21
(80, 59): 17
(80, 63): 18
(80, 66): 19
(80, 79): 20
(80, 80): 75
(3, 11): 22
(3, 17): 21
(3, 29): 23
(3, 30): 19
(3, 32): 18
(3, 39): 20
(3, 45): 11
(3, 48): 16
(3, 50): 18
(3, 62): 23
(3, 70): 23
(3, 72): 12
(3, 78): 16
(4, 11): 20
(4, 17): 21
(4, 29): 21
(4, 30): 18
(4, 32): 15
(4, 39): 26
(4, 45): 15
(4, 48): 18
(4, 50): 17
(4, 62): 19
(4, 70): 23
(4, 72): 21
(4, 78): 23
(6, 11): 25
(6, 17): 21
(6, 29): 23
(6, 30): 18
(6, 32): 12
(6, 39): 23
(6, 45): 6
(6, 48): 19
(6, 50): 19
(6, 62): 17
(6, 70): 19
(6, 72): 17
(6, 78): 19
(9, 11): 23
(9, 17): 24
(9, 29): 23
(9, 30): 12
(9, 32): 15
(9, 39): 20
(9, 45): 19
(9, 48): 23
(9, 50): 24
(9, 62): 19
(9, 70): 20
(9, 72): 17
(9, 78): 20
(11, 3): 22
(11, 4): 20
(11, 6): 25
(11, 9): 23
(11, 11): 81
(11, 17): 19
(11, 29): 22
(11, 30): 19
(11, 32): 16
(11, 36): 22
(11, 38): 23
(11, 39): 28
(11, 45): 16
(11, 48): 20
(11, 50): 29
(11, 62): 18
(11, 66): 13
(11, 70): 24
(11, 72): 18
(11, 78): 18
(17, 3): 21
(17, 4): 21
(17, 6): 21
(17, 9): 24
(17, 11): 19
(17, 17): 77
(17, 29): 24
(17, 30): 23
(17, 32): 18
(17, 36): 21
(17, 38): 18
(17, 39): 18
(17, 45): 15
(17, 48): 26
(17, 50): 18
(17, 62): 17
(17, 66): 22
(17, 70): 24
(17, 72): 19
(17, 78): 21
(29, 3): 23
(29, 4): 21
(29, 6): 23
(29, 9): 23
(29, 11): 22
(29, 17): 24
(29, 29): 91
(29, 30): 27
(29, 32): 14
(29, 36): 24
(29, 38): 23
(29, 39): 24
(29, 45): 17
(29, 48): 27
(29, 50): 20
(29, 62): 30
(29, 66): 25
(29, 70): 18
(29, 72): 25
(29, 78): 23
(30, 3): 19
(30, 4): 18
(30, 6): 18
(30, 9): 12
(30, 11): 19
(30, 17): 23
(30, 29): 27
(30, 30): 78
(30, 32): 14
(30, 36): 16
(30, 38): 19
(30, 39): 24
(30, 45): 13
(30, 48): 16
(30, 50): 26
(30, 62): 21
(30, 66): 23
(30, 70): 22
(30, 72): 14
(30, 78): 22
(32, 3): 18
(32, 4): 15
(32, 6): 12
(32, 9): 15
(32, 11): 16
(32, 17): 18
(32, 29): 14
(32, 30): 14
(32, 32): 61
(32, 36): 16
(32, 38): 19
(32, 39): 18
(32, 45): 11
(32, 48): 15
(32, 50): 17
(32, 62): 17
(32, 66): 20
(32, 70): 23
(32, 72): 11
(32, 78): 14
(36, 11): 22
(36, 17): 21
(36, 29): 24
(36, 30): 16
(36, 32): 16
(36, 39): 26
(36, 45): 18
(36, 48): 20
(36, 50): 21
(36, 62): 18
(36, 70): 19
(36, 72): 12
(36, 78): 13
(38, 11): 23
(38, 17): 18
(38, 29): 23
(38, 30): 19
(38, 32): 19
(38, 39): 25
(38, 45): 13
(38, 48): 13
(38, 50): 23
(38, 62): 25
(38, 70): 23
(38, 72): 15
(38, 78): 24
(39, 3): 20
(39, 4): 26
(39, 6): 23
(39, 9): 20
(39, 11): 28
(39, 17): 18
(39, 29): 24
(39, 30): 24
(39, 32): 18
(39, 36): 26
(39, 38): 25
(39, 39): 88
(39, 45): 19
(39, 48): 24
(39, 50): 23
(39, 62): 21
(39, 66): 27
(39, 70): 24
(39, 72): 28
(39, 78): 21
(45, 3): 11
(45, 4): 15
(45, 6): 6
(45, 9): 19
(45, 11): 16
(45, 17): 15
(45, 29): 17
(45, 30): 13
(45, 32): 11
(45, 36): 18
(45, 38): 13
(45, 39): 19
(45, 45): 56
(45, 48): 11
(45, 50): 12
(45, 62): 20
(45, 66): 18
(45, 70): 17
(45, 72): 14
(45, 78): 17
(48, 3): 16
(48, 4): 18
(48, 6): 19
(48, 9): 23
(48, 11): 20
(48, 17): 26
(48, 29): 27
(48, 30): 16
(48, 32): 15
(48, 36): 20
(48, 38): 13
(48, 39): 24
(48, 45): 11
(48, 48): 79
(48, 50): 17
(48, 62): 22
(48, 66): 20
(48, 70): 20
(48, 72): 21
(48, 78): 21
(50, 3): 18
(50, 4): 17
(50, 6): 19
(50, 9): 24
(50, 11): 29
(50, 17): 18
(50, 29): 20
(50, 30): 26
(50, 32): 17
(50, 36): 21
(50, 38): 23
(50, 39): 23
(50, 45): 12
(50, 48): 17
(50, 50): 80
(50, 62): 25
(50, 66): 16
(50, 70): 25
(50, 72): 18
(50, 78): 21
(62, 3): 23
(62, 4): 19
(62, 6): 17
(62, 9): 19
(62, 11): 18
(62, 17): 17
(62, 29): 30
(62, 30): 21
(62, 32): 17
(62, 36): 18
(62, 38): 25
(62, 39): 21
(62, 45): 20
(62, 48): 22
(62, 50): 25
(62, 62): 82
(62, 66): 25
(62, 70): 18
(62, 72): 22
(62, 78): 25
(66, 11): 13
(66, 17): 22
(66, 29): 25
(66, 30): 23
(66, 32): 20
(66, 39): 27
(66, 45): 18
(66, 48): 20
(66, 50): 16
(66, 62): 25
(66, 70): 20
(66, 72): 17
(66, 78): 18
(70, 3): 23
(70, 4): 23
(70, 6): 19
(70, 9): 20
(70, 11): 24
(70, 17): 24
(70, 29): 18
(70, 30): 22
(70, 32): 23
(70, 36): 19
(70, 38): 23
(70, 39): 24
(70, 45): 17
(70, 48): 20
(70, 50): 25
(70, 62): 18
(70, 66): 20
(70, 70): 84
(70, 72): 17
(70, 78): 23
(72, 3): 12
(72, 4): 21
(72, 6): 17
(72, 9): 17
(72, 11): 18
(72, 17): 19
(72, 29): 25
(72, 30): 14
(72, 32): 11
(72, 36): 12
(72, 38): 15
(72, 39): 28
(72, 45): 14
(72, 48): 21
(72, 50): 18
(72, 62): 22
(72, 66): 17
(72, 70): 17
(72, 72): 66
(72, 78): 17
(78, 3): 16
(78, 4): 23
(78, 6): 19
(78, 9): 20
(78, 11): 18
(78, 17): 21
(78, 29): 23
(78, 30): 22
(78, 32): 14
(78, 36): 13
(78, 38): 24
(78, 39): 21
(78, 45): 17
(78, 48): 21
(78, 50): 21
(78, 62): 25
(78, 66): 18
(78, 70): 23
(78, 72): 17
(78, 78): 74
(6, 14): 16
(6, 43): 12
(6, 53): 18
(6, 54): 13
(6, 57): 11
(6, 73): 16
(6, 76): 22
(9, 14): 20
(9, 43): 20
(9, 53): 21
(9, 54): 17
(9, 57): 20
(9, 73): 19
(9, 76): 16
(14, 6): 16
(14, 9): 20
(14, 14): 68
(14, 17): 20
(14, 30): 17
(14, 39): 23
(14, 43): 19
(14, 45): 10
(14, 48): 14
(14, 49): 15
(14, 53): 20
(14, 54): 10
(14, 57): 18
(14, 59): 19
(14, 66): 18
(14, 70): 19
(14, 72): 16
(14, 73): 15
(14, 76): 17
(14, 78): 17
(17, 14): 20
(17, 43): 22
(17, 49): 21
(17, 53): 27
(17, 54): 14
(17, 57): 21
(17, 59): 17
(17, 73): 19
(17, 76): 22
(30, 14): 17
(30, 43): 27
(30, 49): 22
(30, 53): 24
(30, 54): 12
(30, 57): 22
(30, 59): 19
(30, 73): 18
(30, 76): 22
(39, 14): 23
(39, 43): 28
(39, 49): 15
(39, 53): 22
(39, 54): 20
(39, 57): 14
(39, 59): 23
(39, 73): 21
(39, 76): 18
(43, 6): 12
(43, 9): 20
(43, 14): 19
(43, 17): 22
(43, 30): 27
(43, 39): 28
(43, 43): 94
(43, 45): 20
(43, 48): 17
(43, 49): 17
(43, 53): 23
(43, 54): 24
(43, 57): 20
(43, 59): 27
(43, 66): 29
(43, 70): 25
(43, 72): 24
(43, 73): 23
(43, 76): 18
(43, 78): 21
(45, 14): 10
(45, 43): 20
(45, 49): 19
(45, 53): 13
(45, 54): 15
(45, 57): 17
(45, 59): 11
(45, 73): 11
(45, 76): 12
(48, 14): 14
(48, 43): 17
(48, 49): 17
(48, 53): 22
(48, 54): 19
(48, 57): 18
(48, 59): 18
(48, 73): 20
(48, 76): 19
(49, 14): 15
(49, 17): 21
(49, 30): 22
(49, 39): 15
(49, 43): 17
(49, 45): 19
(49, 48): 17
(49, 53): 23
(49, 54): 11
(49, 57): 25
(49, 70): 23
(49, 72): 20
(49, 73): 13
(49, 76): 16
(49, 78): 22
(53, 6): 18
(53, 9): 21
(53, 14): 20
(53, 17): 27
(53, 30): 24
(53, 39): 22
(53, 43): 23
(53, 45): 13
(53, 48): 22
(53, 49): 23
(53, 53): 80
(53, 54): 21
(53, 57): 17
(53, 59): 23
(53, 66): 27
(53, 70): 28
(53, 72): 14
(53, 73): 17
(53, 76): 17
(53, 78): 14
(54, 6): 13
(54, 9): 17
(54, 14): 10
(54, 17): 14
(54, 30): 12
(54, 39): 20
(54, 43): 24
(54, 45): 15
(54, 48): 19
(54, 49): 11
(54, 53): 21
(54, 54): 62
(54, 57): 14
(54, 59): 11
(54, 66): 17
(54, 70): 18
(54, 72): 10
(54, 73): 13
(54, 76): 16
(54, 78): 15
(57, 6): 11
(57, 9): 20
(57, 14): 18
(57, 17): 21
(57, 30): 22
(57, 39): 14
(57, 43): 20
(57, 45): 17
(57, 48): 18
(57, 49): 25
(57, 53): 17
(57, 54): 14
(57, 57): 76
(57, 59): 17
(57, 66): 23
(57, 70): 20
(57, 72): 19
(57, 73): 18
(57, 76): 23
(57, 78): 17
(59, 14): 19
(59, 17): 17
(59, 30): 19
(59, 39): 23
(59, 43): 27
(59, 45): 11
(59, 48): 18
(59, 53): 23
(59, 54): 11
(59, 57): 17
(59, 70): 21
(59, 72): 18
(59, 73): 22
(59, 76): 12
(59, 78): 17
(66, 14): 18
(66, 43): 29
(66, 53): 27
(66, 54): 17
(66, 57): 23
(66, 73): 21
(66, 76): 14
(70, 14): 19
(70, 43): 25
(70, 49): 23
(70, 53): 28
(70, 54): 18
(70, 57): 20
(70, 59): 21
(70, 73): 20
(70, 76): 18
(72, 14): 16
(72, 43): 24
(72, 49): 20
(72, 53): 14
(72, 54): 10
(72, 57): 19
(72, 59): 18
(72, 73): 13
(72, 76): 15
(73, 6): 16
(73, 9): 19
(73, 14): 15
(73, 17): 19
(73, 30): 18
(73, 39): 21
(73, 43): 23
(73, 45): 11
(73, 48): 20
(73, 49): 13
(73, 53): 17
(73, 54): 13
(73, 57): 18
(73, 59): 22
(73, 66): 21
(73, 70): 20
(73, 72): 13
(73, 73): 80
(73, 76): 14
(73, 78): 27
(76, 6): 22
(76, 9): 16
(76, 14): 17
(76, 17): 22
(76, 30): 22
(76, 39): 18
(76, 43): 18
(76, 45): 12
(76, 48): 19
(76, 49): 16
(76, 53): 17
(76, 54): 16
(76, 57): 23
(76, 59): 12
(76, 66): 14
(76, 70): 18
(76, 72): 15
(76, 73): 14
(76, 76): 69
(76, 78): 16
(78, 14): 17
(78, 43): 21
(78, 49): 22
(78, 53): 14
(78, 54): 15
(78, 57): 17
(78, 59): 17
(78, 73): 27
(78, 76): 16
(1, 1): 76
(1, 13): 25
(1, 14): 19
(1, 22): 18
(1, 23): 15
(1, 31): 15
(1, 33): 26
(1, 44): 23
(1, 47): 20
(1, 49): 20
(1, 52): 18
(1, 53): 22
(1, 57): 22
(1, 59): 19
(1, 62): 17
(1, 66): 22
(1, 67): 11
(1, 72): 14
(1, 75): 14
(1, 78): 15
(13, 1): 25
(13, 13): 85
(13, 14): 15
(13, 22): 24
(13, 23): 25
(13, 31): 16
(13, 33): 23
(13, 44): 26
(13, 47): 19
(13, 49): 22
(13, 52): 24
(13, 53): 19
(13, 57): 24
(13, 59): 15
(13, 62): 20
(13, 66): 23
(13, 67): 18
(13, 72): 19
(13, 75): 19
(13, 78): 18
(14, 1): 19
(14, 13): 15
(14, 22): 17
(14, 23): 11
(14, 31): 17
(14, 33): 17
(14, 44): 18
(14, 47): 15
(14, 52): 19
(14, 62): 16
(14, 67): 15
(14, 75): 18
(22, 1): 18
(22, 13): 24
(22, 14): 17
(22, 22): 79
(22, 23): 16
(22, 31): 17
(22, 33): 23
(22, 44): 22
(22, 47): 25
(22, 49): 14
(22, 52): 15
(22, 53): 18
(22, 57): 16
(22, 59): 15
(22, 62): 23
(22, 66): 24
(22, 67): 20
(22, 72): 22
(22, 75): 21
(22, 78): 19
(23, 1): 15
(23, 13): 25
(23, 14): 11
(23, 22): 16
(23, 23): 75
(23, 31): 11
(23, 33): 15
(23, 44): 26
(23, 47): 17
(23, 49): 17
(23, 52): 24
(23, 53): 15
(23, 57): 18
(23, 59): 21
(23, 62): 23
(23, 66): 21
(23, 67): 17
(23, 72): 17
(23, 75): 11
(23, 78): 18
(31, 1): 15
(31, 13): 16
(31, 14): 17
(31, 22): 17
(31, 23): 11
(31, 31): 66
(31, 33): 18
(31, 44): 18
(31, 47): 15
(31, 49): 14
(31, 52): 16
(31, 53): 17
(31, 57): 17
(31, 59): 14
(31, 62): 20
(31, 66): 23
(31, 67): 21
(31, 72): 11
(31, 75): 17
(31, 78): 14
(33, 1): 26
(33, 13): 23
(33, 14): 17
(33, 22): 23
(33, 23): 15
(33, 31): 18
(33, 33): 86
(33, 44): 16
(33, 47): 22
(33, 49): 20
(33, 52): 22
(33, 53): 26
(33, 57): 18
(33, 59): 21
(33, 62): 24
(33, 66): 21
(33, 67): 18
(33, 72): 17
(33, 75): 16
(33, 78): 16
(44, 1): 23
(44, 13): 26
(44, 14): 18
(44, 22): 22
(44, 23): 26
(44, 31): 18
(44, 33): 16
(44, 47): 16
(44, 52): 22
(44, 53): 19
(44, 57): 24
(44, 62): 25
(44, 67): 12
(44, 72): 17
(44, 75): 14
(44, 78): 16
(47, 1): 20
(47, 13): 19
(47, 14): 15
(47, 22): 25
(47, 23): 17
(47, 31): 15
(47, 33): 22
(47, 44): 16
(47, 47): 71
(47, 49): 16
(47, 52): 18
(47, 53): 20
(47, 57): 18
(47, 59): 14
(47, 62): 15
(47, 66): 24
(47, 67): 19
(47, 72): 13
(47, 75): 16
(47, 78): 14
(49, 1): 20
(49, 13): 22
(49, 22): 14
(49, 23): 17
(49, 31): 14
(49, 33): 20
(49, 47): 16
(49, 52): 27
(49, 62): 20
(49, 67): 15
(49, 75): 17
(52, 1): 18
(52, 13): 24
(52, 14): 19
(52, 22): 15
(52, 23): 24
(52, 31): 16
(52, 33): 22
(52, 44): 22
(52, 47): 18
(52, 49): 27
(52, 52): 80
(52, 53): 19
(52, 57): 20
(52, 59): 17
(52, 62): 18
(52, 66): 22
(52, 67): 20
(52, 72): 16
(52, 75): 19
(52, 78): 23
(53, 1): 22
(53, 13): 19
(53, 22): 18
(53, 23): 15
(53, 31): 17
(53, 33): 26
(53, 44): 19
(53, 47): 20
(53, 52): 19
(53, 62): 19
(53, 67): 17
(53, 75): 24
(57, 1): 22
(57, 13): 24
(57, 22): 16
(57, 23): 18
(57, 31): 17
(57, 33): 18
(57, 44): 24
(57, 47): 18
(57, 52): 20
(57, 62): 25
(57, 67): 18
(57, 75): 16
(59, 1): 19
(59, 13): 15
(59, 22): 15
(59, 23): 21
(59, 31): 14
(59, 33): 21
(59, 47): 14
(59, 52): 17
(59, 62): 19
(59, 67): 18
(59, 75): 16
(62, 1): 17
(62, 13): 20
(62, 14): 16
(62, 22): 23
(62, 23): 23
(62, 31): 20
(62, 33): 24
(62, 44): 25
(62, 47): 15
(62, 49): 20
(62, 52): 18
(62, 53): 19
(62, 57): 25
(62, 59): 19
(62, 67): 18
(62, 75): 17
(66, 1): 22
(66, 13): 23
(66, 22): 24
(66, 23): 21
(66, 31): 23
(66, 33): 21
(66, 47): 24
(66, 52): 22
(66, 67): 18
(66, 75): 17
(67, 1): 11
(67, 13): 18
(67, 14): 15
(67, 22): 20
(67, 23): 17
(67, 31): 21
(67, 33): 18
(67, 44): 12
(67, 47): 19
(67, 49): 15
(67, 52): 20
(67, 53): 17
(67, 57): 18
(67, 59): 18
(67, 62): 18
(67, 66): 18
(67, 67): 67
(67, 72): 14
(67, 75): 14
(67, 78): 16
(72, 1): 14
(72, 13): 19
(72, 22): 22
(72, 23): 17
(72, 31): 11
(72, 33): 17
(72, 44): 17
(72, 47): 13
(72, 52): 16
(72, 67): 14
(72, 75): 18
(75, 1): 14
(75, 13): 19
(75, 14): 18
(75, 22): 21
(75, 23): 11
(75, 31): 17
(75, 33): 16
(75, 44): 14
(75, 47): 16
(75, 49): 17
(75, 52): 19
(75, 53): 24
(75, 57): 16
(75, 59): 16
(75, 62): 17
(75, 66): 17
(75, 67): 14
(75, 72): 18
(75, 75): 73
(75, 78): 23
(78, 1): 15
(78, 13): 18
(78, 22): 19
(78, 23): 18
(78, 31): 14
(78, 33): 16
(78, 44): 16
(78, 47): 14
(78, 52): 23
(78, 67): 16
(78, 75): 23
(12, 20): 17
(12, 22): 15
(12, 23): 23
(12, 25): 16
(12, 27): 23
(12, 42): 21
(12, 50): 16
(12, 52): 19
(12, 64): 13
(12, 67): 17
(12, 70): 20
(12, 72): 8
(12, 75): 14
(19, 20): 17
(19, 22): 18
(19, 23): 15
(19, 25): 13
(19, 27): 14
(19, 42): 18
(19, 50): 18
(19, 52): 24
(19, 64): 17
(19, 67): 12
(19, 70): 21
(19, 72): 15
(19, 75): 17
(20, 12): 17
(20, 19): 17
(20, 20): 79
(20, 22): 23
(20, 23): 12
(20, 25): 16
(20, 27): 18
(20, 38): 22
(20, 42): 16
(20, 44): 21
(20, 50): 18
(20, 52): 21
(20, 59): 18
(20, 63): 21
(20, 64): 18
(20, 66): 24
(20, 67): 16
(20, 70): 21
(20, 72): 17
(20, 75): 25
(22, 12): 15
(22, 19): 18
(22, 20): 23
(22, 25): 20
(22, 27): 17
(22, 38): 23
(22, 42): 22
(22, 50): 19
(22, 63): 20
(22, 64): 19
(22, 70): 18
(23, 12): 23
(23, 19): 15
(23, 20): 12
(23, 25): 19
(23, 27): 24
(23, 38): 26
(23, 42): 23
(23, 50): 25
(23, 63): 20
(23, 64): 21
(23, 70): 18
(25, 12): 16
(25, 19): 13
(25, 20): 16
(25, 22): 20
(25, 23): 19
(25, 25): 71
(25, 27): 16
(25, 38): 11
(25, 42): 24
(25, 44): 18
(25, 50): 17
(25, 52): 21
(25, 59): 22
(25, 63): 16
(25, 64): 13
(25, 66): 23
(25, 67): 21
(25, 70): 19
(25, 72): 17
(25, 75): 15
(27, 12): 23
(27, 19): 14
(27, 20): 18
(27, 22): 17
(27, 23): 24
(27, 25): 16
(27, 27): 77
(27, 38): 25
(27, 42): 23
(27, 44): 24
(27, 50): 19
(27, 52): 22
(27, 59): 16
(27, 63): 19
(27, 64): 12
(27, 66): 22
(27, 67): 17
(27, 70): 18
(27, 72): 14
(27, 75): 16
(38, 20): 22
(38, 22): 23
(38, 23): 26
(38, 25): 11
(38, 27): 25
(38, 42): 25
(38, 52): 17
(38, 64): 21
(38, 67): 14
(38, 75): 13
(42, 12): 21
(42, 19): 18
(42, 20): 16
(42, 22): 22
(42, 23): 23
(42, 25): 24
(42, 27): 23
(42, 38): 25
(42, 42): 80
(42, 44): 26
(42, 50): 25
(42, 52): 24
(42, 59): 22
(42, 63): 19
(42, 64): 16
(42, 66): 19
(42, 67): 16
(42, 70): 23
(42, 72): 23
(42, 75): 18
(44, 20): 21
(44, 25): 18
(44, 27): 24
(44, 42): 26
(44, 50): 23
(44, 64): 20
(44, 70): 20
(50, 12): 16
(50, 19): 18
(50, 20): 18
(50, 22): 19
(50, 23): 25
(50, 25): 17
(50, 27): 19
(50, 42): 25
(50, 44): 23
(50, 52): 21
(50, 59): 18
(50, 63): 16
(50, 64): 18
(50, 67): 17
(50, 75): 21
(52, 12): 19
(52, 19): 24
(52, 20): 21
(52, 25): 21
(52, 27): 22
(52, 38): 17
(52, 42): 24
(52, 50): 21
(52, 63): 14
(52, 64): 18
(52, 70): 21
(59, 20): 18
(59, 25): 22
(59, 27): 16
(59, 42): 22
(59, 50): 18
(59, 64): 18
(63, 20): 21
(63, 22): 20
(63, 23): 20
(63, 25): 16
(63, 27): 19
(63, 42): 19
(63, 50): 16
(63, 52): 14
(63, 64): 12
(63, 67): 12
(63, 70): 16
(63, 72): 17
(63, 75): 12
(64, 12): 13
(64, 19): 17
(64, 20): 18
(64, 22): 19
(64, 23): 21
(64, 25): 13
(64, 27): 12
(64, 38): 21
(64, 42): 16
(64, 44): 20
(64, 50): 18
(64, 52): 18
(64, 59): 18
(64, 63): 12
(64, 64): 66
(64, 66): 14
(64, 67): 12
(64, 70): 20
(64, 72): 15
(64, 75): 16
(66, 20): 24
(66, 25): 23
(66, 27): 22
(66, 42): 19
(66, 64): 14
(67, 12): 17
(67, 19): 12
(67, 20): 16
(67, 25): 21
(67, 27): 17
(67, 38): 14
(67, 42): 16
(67, 50): 17
(67, 63): 12
(67, 64): 12
(67, 70): 17
(70, 12): 20
(70, 19): 21
(70, 20): 21
(70, 22): 18
(70, 23): 18
(70, 25): 19
(70, 27): 18
(70, 42): 23
(70, 44): 20
(70, 52): 21
(70, 63): 16
(70, 64): 20
(70, 67): 17
(70, 75): 23
(72, 12): 8
(72, 19): 15
(72, 20): 17
(72, 25): 17
(72, 27): 14
(72, 42): 23
(72, 63): 17
(72, 64): 15
(75, 12): 14
(75, 19): 17
(75, 20): 25
(75, 25): 15
(75, 27): 16
(75, 38): 13
(75, 42): 18
(75, 50): 21
(75, 63): 12
(75, 64): 16
(75, 70): 23
(9, 13): 20
(9, 15): 19
(9, 23): 17
(9, 28): 21
(9, 34): 16
(9, 37): 20
(9, 47): 17
(9, 51): 16
(9, 60): 24
(9, 77): 15
(10, 13): 22
(10, 15): 21
(10, 23): 18
(10, 28): 19
(10, 30): 15
(10, 32): 19
(10, 34): 10
(10, 37): 18
(10, 47): 16
(10, 51): 18
(10, 60): 15
(10, 73): 16
(10, 77): 24
(13, 9): 20
(13, 10): 22
(13, 15): 20
(13, 28): 21
(13, 30): 18
(13, 32): 15
(13, 34): 21
(13, 37): 23
(13, 38): 27
(13, 46): 19
(13, 51): 26
(13, 60): 19
(13, 63): 18
(13, 73): 21
(13, 77): 18
(13, 79): 18
(13, 80): 13
(15, 9): 19
(15, 10): 21
(15, 13): 20
(15, 15): 88
(15, 23): 19
(15, 28): 18
(15, 30): 22
(15, 32): 20
(15, 34): 21
(15, 37): 18
(15, 38): 23
(15, 46): 18
(15, 47): 21
(15, 51): 25
(15, 60): 19
(15, 63): 23
(15, 73): 29
(15, 77): 30
(15, 79): 26
(15, 80): 25
(23, 9): 17
(23, 10): 18
(23, 15): 19
(23, 28): 14
(23, 30): 21
(23, 32): 18
(23, 34): 15
(23, 37): 19
(23, 46): 20
(23, 51): 18
(23, 60): 15
(23, 73): 18
(23, 77): 15
(23, 79): 17
(23, 80): 22
(28, 9): 21
(28, 10): 19
(28, 13): 21
(28, 15): 18
(28, 23): 14
(28, 28): 72
(28, 30): 17
(28, 32): 14
(28, 34): 19
(28, 37): 23
(28, 38): 18
(28, 46): 13
(28, 47): 19
(28, 51): 15
(28, 60): 15
(28, 63): 12
(28, 73): 23
(28, 77): 18
(28, 79): 23
(28, 80): 13
(30, 10): 15
(30, 13): 18
(30, 15): 22
(30, 23): 21
(30, 28): 17
(30, 34): 20
(30, 37): 21
(30, 46): 17
(30, 47): 14
(30, 51): 26
(30, 60): 18
(30, 63): 21
(30, 77): 22
(30, 79): 15
(30, 80): 22
(32, 10): 19
(32, 13): 15
(32, 15): 20
(32, 23): 18
(32, 28): 14
(32, 34): 15
(32, 37): 15
(32, 46): 15
(32, 47): 12
(32, 51): 18
(32, 60): 15
(32, 63): 13
(32, 73): 13
(32, 77): 17
(32, 79): 16
(32, 80): 14
(34, 9): 16
(34, 10): 10
(34, 13): 21
(34, 15): 21
(34, 23): 15
(34, 28): 19
(34, 30): 20
(34, 32): 15
(34, 34): 70
(34, 37): 18
(34, 38): 22
(34, 46): 14
(34, 47): 20
(34, 51): 17
(34, 60): 18
(34, 63): 13
(34, 73): 19
(34, 77): 16
(34, 79): 27
(34, 80): 16
(37, 9): 20
(37, 10): 18
(37, 13): 23
(37, 15): 18
(37, 23): 19
(37, 28): 23
(37, 30): 21
(37, 32): 15
(37, 34): 18
(37, 37): 75
(37, 38): 24
(37, 46): 17
(37, 47): 19
(37, 51): 18
(37, 60): 15
(37, 63): 17
(37, 73): 27
(37, 77): 23
(37, 79): 16
(37, 80): 15
(38, 13): 27
(38, 15): 23
(38, 28): 18
(38, 34): 22
(38, 37): 24
(38, 47): 22
(38, 51): 19
(38, 60): 23
(38, 73): 23
(38, 77): 17
(46, 13): 19
(46, 15): 18
(46, 23): 20
(46, 28): 13
(46, 30): 17
(46, 32): 15
(46, 34): 14
(46, 37): 17
(46, 47): 16
(46, 51): 18
(46, 60): 21
(46, 73): 17
(46, 77): 12
(47, 9): 17
(47, 10): 16
(47, 15): 21
(47, 28): 19
(47, 30): 14
(47, 32): 12
(47, 34): 20
(47, 37): 19
(47, 38): 22
(47, 46): 16
(47, 51): 21
(47, 60): 14
(47, 63): 13
(47, 73): 24
(47, 77): 22
(47, 79): 24
(47, 80): 15
(51, 9): 16
(51, 10): 18
(51, 13): 26
(51, 15): 25
(51, 23): 18
(51, 28): 15
(51, 30): 26
(51, 32): 18
(51, 34): 17
(51, 37): 18
(51, 38): 19
(51, 46): 18
(51, 47): 21
(51, 51): 78
(51, 60): 21
(51, 63): 16
(51, 73): 18
(51, 77): 21
(51, 79): 22
(51, 80): 21
(60, 9): 24
(60, 10): 15
(60, 13): 19
(60, 15): 19
(60, 23): 15
(60, 28): 15
(60, 30): 18
(60, 32): 15
(60, 34): 18
(60, 37): 15
(60, 38): 23
(60, 46): 21
(60, 47): 14
(60, 51): 21
(60, 60): 73
(60, 63): 14
(60, 73): 22
(60, 77): 19
(60, 79): 20
(60, 80): 17
(63, 13): 18
(63, 15): 23
(63, 28): 12
(63, 30): 21
(63, 32): 13
(63, 34): 13
(63, 37): 17
(63, 47): 13
(63, 51): 16
(63, 60): 14
(63, 73): 22
(63, 77): 21
(73, 10): 16
(73, 13): 21
(73, 15): 29
(73, 23): 18
(73, 28): 23
(73, 32): 13
(73, 34): 19
(73, 37): 27
(73, 38): 23
(73, 46): 17
(73, 47): 24
(73, 51): 18
(73, 60): 22
(73, 63): 22
(73, 77): 18
(73, 79): 24
(73, 80): 19
(77, 9): 15
(77, 10): 24
(77, 13): 18
(77, 15): 30
(77, 23): 15
(77, 28): 18
(77, 30): 22
(77, 32): 17
(77, 34): 16
(77, 37): 23
(77, 38): 17
(77, 46): 12
(77, 47): 22
(77, 51): 21
(77, 60): 19
(77, 63): 21
(77, 73): 18
(77, 77): 77
(77, 79): 23
(77, 80): 13
(79, 13): 18
(79, 15): 26
(79, 23): 17
(79, 28): 23
(79, 30): 15
(79, 32): 16
(79, 34): 27
(79, 37): 16
(79, 47): 24
(79, 51): 22
(79, 60): 20
(79, 73): 24
(79, 77): 23
(80, 13): 13
(80, 15): 25
(80, 23): 22
(80, 28): 13
(80, 30): 22
(80, 32): 14
(80, 34): 16
(80, 37): 15
(80, 47): 15
(80, 51): 21
(80, 60): 17
(80, 73): 19
(80, 77): 13
(1, 12): 22
(1, 21): 13
(1, 25): 21
(1, 27): 21
(1, 29): 20
(1, 30): 21
(1, 40): 18
(1, 41): 16
(1, 42): 19
(1, 48): 20
(1, 55): 21
(1, 63): 17
(1, 74): 14
(1, 76): 25
(1, 79): 18
(12, 1): 22
(12, 13): 18
(12, 29): 17
(12, 30): 18
(12, 41): 14
(12, 48): 18
(12, 55): 13
(12, 57): 21
(12, 74): 16
(12, 76): 17
(13, 12): 18
(13, 21): 27
(13, 25): 21
(13, 27): 26
(13, 29): 23
(13, 40): 27
(13, 41): 14
(13, 42): 27
(13, 48): 17
(13, 55): 21
(13, 74): 16
(13, 76): 19
(21, 1): 13
(21, 13): 27
(21, 23): 18
(21, 25): 20
(21, 27): 22
(21, 29): 23
(21, 30): 14
(21, 41): 19
(21, 42): 19
(21, 48): 16
(21, 55): 14
(21, 57): 23
(21, 74): 16
(21, 76): 14
(23, 21): 18
(23, 29): 14
(23, 40): 22
(23, 41): 15
(23, 48): 19
(23, 55): 18
(23, 74): 21
(23, 76): 20
(25, 1): 21
(25, 13): 21
(25, 21): 20
(25, 29): 18
(25, 30): 23
(25, 40): 16
(25, 41): 9
(25, 48): 15
(25, 55): 19
(25, 57): 15
(25, 74): 9
(25, 76): 15
(25, 79): 15
(27, 1): 21
(27, 13): 26
(27, 21): 22
(27, 29): 19
(27, 30): 12
(27, 40): 19
(27, 41): 20
(27, 48): 17
(27, 55): 18
(27, 57): 22
(27, 74): 20
(27, 76): 19
(27, 79): 23
(29, 1): 20
(29, 12): 17
(29, 13): 23
(29, 21): 23
(29, 23): 14
(29, 25): 18
(29, 27): 19
(29, 40): 22
(29, 41): 21
(29, 42): 22
(29, 55): 18
(29, 57): 26
(29, 63): 23
(29, 74): 22
(29, 76): 19
(29, 79): 27
(30, 1): 21
(30, 12): 18
(30, 21): 14
(30, 25): 23
(30, 27): 12
(30, 40): 22
(30, 41): 16
(30, 42): 21
(30, 55): 16
(30, 74): 22
(40, 1): 18
(40, 13): 27
(40, 23): 22
(40, 25): 16
(40, 27): 19
(40, 29): 22
(40, 30): 22
(40, 41): 16
(40, 42): 15
(40, 48): 15
(40, 55): 12
(40, 57): 18
(40, 74): 17
(40, 76): 19
(41, 1): 16
(41, 12): 14
(41, 13): 14
(41, 21): 19
(41, 23): 15
(41, 25): 9
(41, 27): 20
(41, 29): 21
(41, 30): 16
(41, 40): 16
(41, 41): 64
(41, 42): 18
(41, 48): 15
(41, 55): 17
(41, 57): 21
(41, 63): 23
(41, 66): 12
(41, 74): 20
(41, 76): 15
(41, 79): 24
(42, 1): 19
(42, 13): 27
(42, 21): 19
(42, 29): 22
(42, 30): 21
(42, 40): 15
(42, 41): 18
(42, 48): 25
(42, 55): 27
(42, 57): 21
(42, 74): 19
(42, 76): 22
(42, 79): 22
(48, 1): 20
(48, 12): 18
(48, 13): 17
(48, 21): 16
(48, 23): 19
(48, 25): 15
(48, 27): 17
(48, 40): 15
(48, 41): 15
(48, 42): 25
(48, 55): 20
(48, 63): 17
(48, 74): 23
(48, 79): 24
(55, 1): 21
(55, 12): 13
(55, 13): 21
(55, 21): 14
(55, 23): 18
(55, 25): 19
(55, 27): 18
(55, 29): 18
(55, 30): 16
(55, 40): 12
(55, 41): 17
(55, 42): 27
(55, 48): 20
(55, 55): 74
(55, 57): 9
(55, 63): 9
(55, 66): 23
(55, 74): 20
(55, 76): 18
(55, 79): 22
(57, 12): 21
(57, 21): 23
(57, 25): 15
(57, 27): 22
(57, 29): 26
(57, 40): 18
(57, 41): 21
(57, 42): 21
(57, 55): 9
(57, 63): 21
(57, 74): 14
(57, 79): 20
(63, 1): 17
(63, 29): 23
(63, 41): 23
(63, 48): 17
(63, 55): 9
(63, 57): 21
(63, 74): 13
(63, 76): 19
(66, 41): 12
(66, 55): 23
(66, 74): 17
(74, 1): 14
(74, 12): 16
(74, 13): 16
(74, 21): 16
(74, 23): 21
(74, 25): 9
(74, 27): 20
(74, 29): 22
(74, 30): 22
(74, 40): 17
(74, 41): 20
(74, 42): 19
(74, 48): 23
(74, 55): 20
(74, 57): 14
(74, 63): 13
(74, 66): 17
(74, 74): 68
(74, 76): 18
(74, 79): 21
(76, 1): 25
(76, 12): 17
(76, 13): 19
(76, 21): 14
(76, 23): 20
(76, 25): 15
(76, 27): 19
(76, 29): 19
(76, 40): 19
(76, 41): 15
(76, 42): 22
(76, 55): 18
(76, 63): 19
(76, 74): 18
(76, 79): 18
(79, 1): 18
(79, 25): 15
(79, 27): 23
(79, 29): 27
(79, 41): 24
(79, 42): 22
(79, 48): 24
(79, 55): 22
(79, 57): 20
(79, 74): 21
(79, 76): 18
(9, 52): 22
(9, 56): 23
(9, 67): 15
(9, 68): 14
(9, 69): 23
(10, 29): 19
(10, 43): 17
(10, 45): 13
(10, 52): 20
(10, 56): 19
(10, 67): 20
(10, 68): 14
(10, 69): 20
(10, 72): 6
(10, 78): 19
(15, 21): 21
(15, 29): 29
(15, 43): 33
(15, 45): 14
(15, 49): 20
(15, 52): 24
(15, 56): 23
(15, 66): 22
(15, 67): 16
(15, 68): 26
(15, 69): 21
(15, 72): 17
(15, 78): 22
(21, 15): 21
(21, 32): 14
(21, 43): 26
(21, 45): 15
(21, 47): 19
(21, 52): 19
(21, 56): 21
(21, 67): 22
(21, 68): 18
(21, 69): 26
(21, 72): 10
(21, 78): 14
(29, 10): 19
(29, 15): 29
(29, 43): 28
(29, 47): 21
(29, 49): 18
(29, 52): 20
(29, 56): 15
(29, 67): 25
(29, 68): 22
(29, 69): 30
(29, 80): 23
(32, 21): 14
(32, 43): 19
(32, 49): 14
(32, 52): 20
(32, 56): 9
(32, 67): 13
(32, 68): 18
(32, 69): 17
(43, 10): 17
(43, 15): 33
(43, 21): 26
(43, 29): 28
(43, 32): 19
(43, 47): 23
(43, 52): 25
(43, 56): 23
(43, 63): 20
(43, 67): 24
(43, 68): 25
(43, 69): 20
(43, 80): 27
(45, 10): 13
(45, 15): 14
(45, 21): 15
(45, 47): 7
(45, 52): 18
(45, 56): 16
(45, 63): 16
(45, 67): 9
(45, 68): 11
(45, 69): 18
(45, 80): 13
(47, 21): 19
(47, 29): 21
(47, 43): 23
(47, 45): 7
(47, 56): 14
(47, 68): 18
(47, 69): 18
(49, 15): 20
(49, 29): 18
(49, 32): 14
(49, 56): 20
(49, 68): 14
(49, 69): 23
(52, 9): 22
(52, 10): 20
(52, 15): 24
(52, 21): 19
(52, 29): 20
(52, 32): 20
(52, 43): 25
(52, 45): 18
(52, 56): 20
(52, 68): 22
(52, 69): 14
(52, 80): 21
(56, 9): 23
(56, 10): 19
(56, 15): 23
(56, 21): 21
(56, 29): 15
(56, 32): 9
(56, 43): 23
(56, 45): 16
(56, 47): 14
(56, 49): 20
(56, 52): 20
(56, 56): 72
(56, 63): 23
(56, 66): 15
(56, 67): 11
(56, 68): 19
(56, 69): 22
(56, 72): 13
(56, 78): 20
(56, 80): 14
(63, 43): 20
(63, 45): 16
(63, 56): 23
(63, 68): 18
(63, 69): 20
(63, 78): 13
(66, 15): 22
(66, 56): 15
(66, 68): 23
(66, 69): 22
(67, 9): 15
(67, 10): 20
(67, 15): 16
(67, 21): 22
(67, 29): 25
(67, 32): 13
(67, 43): 24
(67, 45): 9
(67, 56): 11
(67, 68): 16
(67, 69): 19
(67, 80): 22
(68, 9): 14
(68, 10): 14
(68, 15): 26
(68, 21): 18
(68, 29): 22
(68, 32): 18
(68, 43): 25
(68, 45): 11
(68, 47): 18
(68, 49): 14
(68, 52): 22
(68, 56): 19
(68, 63): 18
(68, 66): 23
(68, 67): 16
(68, 68): 73
(68, 69): 13
(68, 72): 19
(68, 78): 18
(68, 80): 19
(69, 9): 23
(69, 10): 20
(69, 15): 21
(69, 21): 26
(69, 29): 30
(69, 32): 17
(69, 43): 20
(69, 45): 18
(69, 47): 18
(69, 49): 23
(69, 52): 14
(69, 56): 22
(69, 63): 20
(69, 66): 22
(69, 67): 19
(69, 68): 13
(69, 69): 79
(69, 72): 15
(69, 78): 20
(69, 80): 15
(72, 10): 6
(72, 15): 17
(72, 21): 10
(72, 56): 13
(72, 68): 19
(72, 69): 15
(72, 80): 20
(78, 10): 19
(78, 15): 22
(78, 21): 14
(78, 56): 20
(78, 63): 13
(78, 68): 18
(78, 69): 20
(78, 80): 19
(80, 29): 23
(80, 43): 27
(80, 45): 13
(80, 52): 21
(80, 56): 14
(80, 67): 22
(80, 68): 19
(80, 69): 15
(80, 72): 20
(80, 78): 19
(3, 16): 22
(3, 20): 18
(3, 33): 18
(3, 37): 14
(3, 42): 16
(3, 47): 21
(3, 51): 19
(3, 76): 14
(6, 16): 13
(6, 20): 16
(6, 33): 20
(6, 37): 18
(6, 42): 16
(6, 47): 15
(6, 51): 16
(10, 16): 16
(10, 17): 13
(10, 20): 23
(10, 33): 16
(10, 42): 22
(10, 62): 23
(10, 70): 20
(10, 76): 16
(12, 16): 19
(12, 17): 14
(12, 33): 21
(12, 37): 23
(12, 47): 17
(12, 51): 15
(12, 62): 16
(12, 78): 19
(16, 3): 22
(16, 6): 13
(16, 10): 16
(16, 12): 19
(16, 16): 71
(16, 17): 14
(16, 20): 13
(16, 30): 23
(16, 33): 18
(16, 37): 21
(16, 38): 14
(16, 42): 21
(16, 47): 18
(16, 49): 20
(16, 51): 17
(16, 62): 15
(16, 63): 11
(16, 70): 21
(16, 76): 16
(16, 78): 13
(17, 10): 13
(17, 12): 14
(17, 16): 14
(17, 20): 21
(17, 33): 24
(17, 37): 14
(17, 42): 18
(17, 47): 19
(17, 51): 19
(17, 63): 17
(20, 3): 18
(20, 6): 16
(20, 10): 23
(20, 16): 13
(20, 17): 21
(20, 30): 18
(20, 33): 16
(20, 37): 20
(20, 47): 14
(20, 49): 18
(20, 51): 24
(20, 62): 17
(20, 76): 16
(20, 78): 27
(30, 16): 23
(30, 20): 18
(30, 33): 15
(33, 3): 18
(33, 6): 20
(33, 10): 16
(33, 12): 21
(33, 16): 18
(33, 17): 24
(33, 20): 16
(33, 30): 15
(33, 37): 26
(33, 38): 24
(33, 42): 24
(33, 51): 26
(33, 63): 23
(33, 70): 23
(33, 76): 23
(37, 3): 14
(37, 6): 18
(37, 12): 23
(37, 16): 21
(37, 17): 14
(37, 20): 20
(37, 33): 26
(37, 42): 11
(37, 49): 14
(37, 62): 21
(37, 70): 27
(37, 76): 15
(37, 78): 20
(38, 16): 14
(38, 33): 24
(38, 76): 21
(42, 3): 16
(42, 6): 16
(42, 10): 22
(42, 16): 21
(42, 17): 18
(42, 33): 24
(42, 37): 11
(42, 47): 15
(42, 49): 18
(42, 51): 18
(42, 62): 23
(42, 78): 19
(47, 3): 21
(47, 6): 15
(47, 12): 17
(47, 16): 18
(47, 17): 19
(47, 20): 14
(47, 42): 15
(47, 70): 18
(47, 76): 10
(49, 16): 20
(49, 20): 18
(49, 37): 14
(49, 42): 18
(49, 51): 11
(51, 3): 19
(51, 6): 16
(51, 12): 15
(51, 16): 17
(51, 17): 19
(51, 20): 24
(51, 33): 26
(51, 42): 18
(51, 49): 11
(51, 62): 21
(51, 70): 20
(51, 76): 15
(51, 78): 16
(62, 10): 23
(62, 12): 16
(62, 16): 15
(62, 20): 17
(62, 37): 21
(62, 42): 23
(62, 51): 21
(62, 63): 26
(62, 76): 21
(63, 16): 11
(63, 17): 17
(63, 33): 23
(63, 62): 26
(70, 10): 20
(70, 16): 21
(70, 33): 23
(70, 37): 27
(70, 47): 18
(70, 51): 20
(76, 3): 14
(76, 10): 16
(76, 16): 16
(76, 20): 16
(76, 33): 23
(76, 37): 15
(76, 38): 21
(76, 47): 10
(76, 51): 15
(76, 62): 21
(78, 12): 19
(78, 16): 13
(78, 20): 27
(78, 37): 20
(78, 42): 19
(78, 51): 16
(3, 26): 18
(3, 41): 15
(3, 43): 23
(3, 52): 19
(3, 53): 18
(3, 58): 22
(3, 64): 16
(3, 67): 15
(3, 68): 24
(3, 74): 17
(3, 77): 15
(4, 26): 16
(4, 41): 15
(4, 43): 23
(4, 47): 23
(4, 52): 24
(4, 53): 20
(4, 58): 28
(4, 64): 12
(4, 67): 16
(4, 68): 19
(4, 74): 21
(4, 77): 15
(10, 26): 13
(10, 39): 17
(10, 41): 12
(10, 53): 16
(10, 58): 14
(10, 64): 14
(10, 74): 11
(19, 26): 18
(19, 32): 12
(19, 39): 22
(19, 41): 14
(19, 43): 13
(19, 47): 16
(19, 53): 14
(19, 58): 17
(19, 68): 12
(19, 74): 8
(19, 77): 14
(26, 3): 18
(26, 4): 16
(26, 10): 13
(26, 19): 18
(26, 26): 72
(26, 32): 17
(26, 39): 22
(26, 41): 15
(26, 43): 20
(26, 44): 20
(26, 47): 19
(26, 52): 16
(26, 53): 20
(26, 58): 27
(26, 64): 17
(26, 67): 21
(26, 68): 19
(26, 70): 19
(26, 74): 15
(26, 77): 22
(32, 19): 12
(32, 26): 17
(32, 41): 12
(32, 44): 18
(32, 53): 19
(32, 58): 17
(32, 64): 12
(32, 74): 14
(39, 10): 17
(39, 19): 22
(39, 26): 22
(39, 41): 14
(39, 44): 24
(39, 47): 20
(39, 52): 20
(39, 58): 26
(39, 64): 23
(39, 67): 22
(39, 68): 21
(39, 74): 20
(39, 77): 24
(41, 3): 15
(41, 4): 15
(41, 10): 12
(41, 19): 14
(41, 26): 15
(41, 32): 12
(41, 39): 14
(41, 43): 16
(41, 44): 18
(41, 47): 14
(41, 52): 9
(41, 53): 22
(41, 58): 17
(41, 64): 16
(41, 67): 8
(41, 68): 15
(41, 70): 20
(41, 77): 15
(43, 3): 23
(43, 4): 23
(43, 19): 13
(43, 26): 20
(43, 41): 16
(43, 44): 22
(43, 58): 37
(43, 64): 19
(43, 74): 20
(43, 77): 28
(44, 26): 20
(44, 32): 18
(44, 39): 24
(44, 41): 18
(44, 43): 22
(44, 58): 23
(44, 68): 20
(44, 74): 22
(44, 77): 16
(47, 4): 23
(47, 19): 16
(47, 26): 19
(47, 39): 20
(47, 41): 14
(47, 58): 22
(47, 64): 15
(47, 74): 16
(52, 3): 19
(52, 4): 24
(52, 26): 16
(52, 39): 20
(52, 41): 9
(52, 58): 20
(52, 74): 22
(52, 77): 18
(53, 3): 18
(53, 4): 20
(53, 10): 16
(53, 19): 14
(53, 26): 20
(53, 32): 19
(53, 41): 22
(53, 58): 24
(53, 64): 15
(53, 68): 16
(53, 74): 20
(53, 77): 21
(58, 3): 22
(58, 4): 28
(58, 10): 14
(58, 19): 17
(58, 26): 27
(58, 32): 17
(58, 39): 26
(58, 41): 17
(58, 43): 37
(58, 44): 23
(58, 47): 22
(58, 52): 20
(58, 53): 24
(58, 58): 84
(58, 64): 13
(58, 67): 14
(58, 68): 19
(58, 70): 28
(58, 74): 19
(58, 77): 12
(64, 3): 16
(64, 4): 12
(64, 10): 14
(64, 26): 17
(64, 32): 12
(64, 39): 23
(64, 41): 16
(64, 43): 19
(64, 47): 15
(64, 53): 15
(64, 58): 13
(64, 68): 15
(64, 74): 19
(64, 77): 18
(67, 3): 15
(67, 4): 16
(67, 26): 21
(67, 39): 22
(67, 41): 8
(67, 58): 14
(67, 74): 15
(67, 77): 21
(68, 3): 24
(68, 4): 19
(68, 19): 12
(68, 26): 19
(68, 39): 21
(68, 41): 15
(68, 44): 20
(68, 53): 16
(68, 58): 19
(68, 64): 15
(68, 70): 18
(68, 74): 21
(68, 77): 27
(70, 26): 19
(70, 41): 20
(70, 58): 28
(70, 68): 18
(70, 74): 14
(70, 77): 20
(74, 3): 17
(74, 4): 21
(74, 10): 11
(74, 19): 8
(74, 26): 15
(74, 32): 14
(74, 39): 20
(74, 43): 20
(74, 44): 22
(74, 47): 16
(74, 52): 22
(74, 53): 20
(74, 58): 19
(74, 64): 19
(74, 67): 15
(74, 68): 21
(74, 70): 14
(74, 77): 18
(77, 3): 15
(77, 4): 15
(77, 19): 14
(77, 26): 22
(77, 39): 24
(77, 41): 15
(77, 43): 28
(77, 44): 16
(77, 52): 18
(77, 53): 21
(77, 58): 12
(77, 64): 18
(77, 67): 21
(77, 68): 27
(77, 70): 20
(77, 74): 18
(4, 22): 19
(4, 24): 22
(4, 57): 23
(4, 60): 16
(4, 69): 22
(4, 71): 18
(4, 76): 17
(6, 22): 16
(6, 24): 16
(6, 60): 14
(6, 67): 10
(6, 69): 14
(6, 71): 20
(11, 22): 18
(11, 24): 22
(11, 57): 19
(11, 60): 22
(11, 63): 16
(11, 67): 18
(11, 69): 17
(11, 71): 25
(11, 76): 18
(11, 80): 22
(22, 4): 19
(22, 6): 16
(22, 11): 18
(22, 24): 20
(22, 29): 24
(22, 30): 18
(22, 39): 30
(22, 45): 15
(22, 60): 18
(22, 69): 22
(22, 71): 24
(22, 76): 16
(22, 80): 21
(24, 4): 22
(24, 6): 16
(24, 11): 22
(24, 22): 20
(24, 24): 76
(24, 29): 26
(24, 30): 19
(24, 39): 22
(24, 45): 15
(24, 57): 14
(24, 60): 18
(24, 63): 15
(24, 67): 17
(24, 69): 21
(24, 70): 23
(24, 71): 17
(24, 72): 13
(24, 76): 14
(24, 78): 22
(24, 80): 19
(29, 22): 24
(29, 24): 26
(29, 60): 20
(29, 71): 20
(30, 22): 18
(30, 24): 19
(30, 67): 23
(30, 69): 24
(30, 71): 19
(39, 22): 30
(39, 24): 22
(39, 60): 21
(39, 63): 18
(39, 69): 16
(39, 71): 25
(39, 80): 24
(45, 22): 15
(45, 24): 15
(45, 60): 13
(45, 71): 11
(57, 4): 23
(57, 11): 19
(57, 24): 14
(57, 60): 23
(57, 69): 22
(57, 71): 18
(57, 80): 21
(60, 4): 16
(60, 6): 14
(60, 11): 22
(60, 22): 18
(60, 24): 18
(60, 29): 20
(60, 39): 21
(60, 45): 13
(60, 57): 23
(60, 67): 12
(60, 69): 22
(60, 70): 22
(60, 71): 20
(60, 72): 19
(60, 76): 12
(60, 78): 12
(63, 11): 16
(63, 24): 15
(63, 39): 18
(63, 71): 16
(67, 6): 10
(67, 11): 18
(67, 24): 17
(67, 30): 23
(67, 60): 12
(67, 71): 18
(67, 76): 10
(69, 4): 22
(69, 6): 14
(69, 11): 17
(69, 22): 22
(69, 24): 21
(69, 30): 24
(69, 39): 16
(69, 57): 22
(69, 60): 22
(69, 70): 22
(69, 71): 17
(69, 76): 17
(70, 24): 23
(70, 60): 22
(70, 69): 22
(70, 71): 17
(70, 80): 19
(71, 4): 18
(71, 6): 20
(71, 11): 25
(71, 22): 24
(71, 24): 17
(71, 29): 20
(71, 30): 19
(71, 39): 25
(71, 45): 11
(71, 57): 18
(71, 60): 20
(71, 63): 16
(71, 67): 18
(71, 69): 17
(71, 70): 17
(71, 71): 75
(71, 72): 17
(71, 76): 20
(71, 78): 16
(71, 80): 16
(72, 24): 13
(72, 60): 19
(72, 71): 17
(76, 4): 17
(76, 11): 18
(76, 22): 16
(76, 24): 14
(76, 60): 12
(76, 67): 10
(76, 69): 17
(76, 71): 20
(76, 80): 17
(78, 24): 22
(78, 60): 12
(78, 71): 16
(80, 11): 22
(80, 22): 21
(80, 24): 19
(80, 39): 24
(80, 57): 21
(80, 70): 19
(80, 71): 16
(80, 76): 17
(7, 7): 70
(7, 8): 23
(7, 12): 13
(7, 14): 17
(7, 18): 19
(7, 20): 21
(7, 21): 16
(7, 27): 12
(7, 33): 22
(7, 35): 10
(7, 38): 18
(7, 39): 24
(7, 41): 15
(7, 51): 18
(7, 55): 13
(7, 64): 19
(7, 71): 23
(7, 74): 18
(7, 76): 18
(7, 77): 16
(8, 7): 23
(8, 8): 76
(8, 12): 16
(8, 14): 21
(8, 18): 21
(8, 20): 19
(8, 21): 16
(8, 27): 14
(8, 33): 22
(8, 35): 17
(8, 38): 15
(8, 39): 20
(8, 41): 17
(8, 51): 18
(8, 55): 25
(8, 64): 12
(8, 71): 21
(8, 74): 13
(8, 76): 17
(8, 77): 20
(12, 7): 13
(12, 8): 16
(12, 14): 12
(12, 18): 15
(12, 35): 13
(12, 39): 17
(12, 71): 10
(12, 77): 19
(14, 7): 17
(14, 8): 21
(14, 12): 12
(14, 18): 13
(14, 20): 20
(14, 21): 16
(14, 27): 12
(14, 35): 12
(14, 38): 23
(14, 41): 10
(14, 51): 19
(14, 55): 17
(14, 64): 10
(14, 71): 19
(14, 74): 13
(14, 77): 13
(18, 7): 19
(18, 8): 21
(18, 12): 15
(18, 14): 13
(18, 18): 72
(18, 20): 23
(18, 21): 10
(18, 27): 19
(18, 33): 23
(18, 35): 18
(18, 38): 26
(18, 39): 19
(18, 41): 18
(18, 51): 23
(18, 55): 22
(18, 64): 13
(18, 71): 18
(18, 74): 15
(18, 76): 15
(18, 77): 18
(20, 7): 21
(20, 8): 19
(20, 14): 20
(20, 18): 23
(20, 21): 19
(20, 35): 17
(20, 39): 25
(20, 41): 12
(20, 55): 23
(20, 71): 26
(20, 74): 16
(20, 77): 19
(21, 7): 16
(21, 8): 16
(21, 14): 16
(21, 18): 10
(21, 20): 19
(21, 33): 20
(21, 35): 21
(21, 39): 19
(21, 51): 19
(21, 64): 21
(21, 71): 16
(21, 77): 22
(27, 7): 12
(27, 8): 14
(27, 14): 12
(27, 18): 19
(27, 33): 27
(27, 35): 17
(27, 39): 18
(27, 51): 20
(27, 71): 24
(27, 77): 23
(33, 7): 22
(33, 8): 22
(33, 18): 23
(33, 21): 20
(33, 27): 27
(33, 35): 14
(33, 39): 25
(33, 41): 18
(33, 55): 21
(33, 64): 15
(33, 71): 23
(33, 74): 15
(33, 77): 24
(35, 7): 10
(35, 8): 17
(35, 12): 13
(35, 14): 12
(35, 18): 18
(35, 20): 17
(35, 21): 21
(35, 27): 17
(35, 33): 14
(35, 35): 63
(35, 38): 14
(35, 39): 14
(35, 41): 13
(35, 51): 17
(35, 55): 17
(35, 64): 19
(35, 71): 12
(35, 74): 15
(35, 76): 11
(35, 77): 18
(38, 7): 18
(38, 8): 15
(38, 14): 23
(38, 18): 26
(38, 35): 14
(38, 41): 16
(38, 55): 21
(38, 71): 24
(38, 74): 16
(39, 7): 24
(39, 8): 20
(39, 12): 17
(39, 18): 19
(39, 20): 25
(39, 21): 19
(39, 27): 18
(39, 33): 25
(39, 35): 14
(39, 51): 23
(39, 55): 22
(41, 7): 15
(41, 8): 17
(41, 14): 10
(41, 18): 18
(41, 20): 12
(41, 33): 18
(41, 35): 13
(41, 38): 16
(41, 51): 15
(41, 71): 12
(51, 7): 18
(51, 8): 18
(51, 14): 19
(51, 18): 23
(51, 21): 19
(51, 27): 20
(51, 35): 17
(51, 39): 23
(51, 41): 15
(51, 55): 20
(51, 64): 20
(51, 71): 23
(51, 74): 23
(55, 7): 13
(55, 8): 25
(55, 14): 17
(55, 18): 22
(55, 20): 23
(55, 33): 21
(55, 35): 17
(55, 38): 21
(55, 39): 22
(55, 51): 20
(55, 64): 16
(55, 71): 17
(55, 77): 20
(64, 7): 19
(64, 8): 12
(64, 14): 10
(64, 18): 13
(64, 21): 21
(64, 33): 15
(64, 35): 19
(64, 51): 20
(64, 55): 16
(64, 71): 17
(64, 76): 15
(71, 7): 23
(71, 8): 21
(71, 12): 10
(71, 14): 19
(71, 18): 18
(71, 20): 26
(71, 21): 16
(71, 27): 24
(71, 33): 23
(71, 35): 12
(71, 38): 24
(71, 41): 12
(71, 51): 23
(71, 55): 17
(71, 64): 17
(71, 74): 19
(71, 77): 25
(74, 7): 18
(74, 8): 13
(74, 14): 13
(74, 18): 15
(74, 20): 16
(74, 33): 15
(74, 35): 15
(74, 38): 16
(74, 51): 23
(74, 71): 19
(76, 7): 18
(76, 8): 17
(76, 18): 15
(76, 35): 11
(76, 64): 15
(76, 77): 14
(77, 7): 16
(77, 8): 20
(77, 12): 19
(77, 14): 13
(77, 18): 18
(77, 20): 19
(77, 21): 22
(77, 27): 23
(77, 33): 24
(77, 35): 18
(77, 55): 20
(77, 71): 25
(77, 76): 14
(5, 5): 67
(5, 7): 16
(5, 8): 18
(5, 13): 17
(5, 19): 13
(5, 20): 19
(5, 26): 15
(5, 34): 16
(5, 39): 18
(5, 40): 23
(5, 50): 17
(5, 51): 17
(5, 52): 19
(5, 54): 19
(5, 55): 12
(5, 56): 20
(5, 60): 18
(5, 61): 13
(5, 71): 14
(5, 75): 22
(7, 5): 16
(7, 13): 20
(7, 19): 18
(7, 26): 17
(7, 34): 13
(7, 40): 27
(7, 50): 21
(7, 52): 13
(7, 54): 16
(7, 56): 16
(7, 60): 19
(7, 61): 20
(7, 75): 16
(8, 5): 18
(8, 13): 19
(8, 19): 14
(8, 26): 16
(8, 34): 17
(8, 40): 18
(8, 50): 22
(8, 52): 22
(8, 54): 22
(8, 56): 15
(8, 60): 29
(8, 61): 16
(8, 75): 19
(13, 5): 17
(13, 7): 20
(13, 8): 19
(13, 19): 18
(13, 20): 23
(13, 26): 20
(13, 39): 20
(13, 50): 24
(13, 54): 18
(13, 56): 24
(13, 61): 20
(13, 71): 24
(19, 5): 13
(19, 7): 18
(19, 8): 14
(19, 13): 18
(19, 34): 9
(19, 51): 13
(19, 54): 10
(19, 55): 13
(19, 56): 14
(19, 60): 16
(19, 61): 9
(19, 71): 14
(20, 5): 19
(20, 13): 23
(20, 26): 13
(20, 34): 13
(20, 40): 21
(20, 54): 18
(20, 56): 20
(20, 60): 14
(20, 61): 18
(26, 5): 15
(26, 7): 17
(26, 8): 16
(26, 13): 20
(26, 20): 13
(26, 34): 11
(26, 40): 24
(26, 50): 18
(26, 51): 17
(26, 54): 12
(26, 55): 17
(26, 56): 18
(26, 60): 14
(26, 61): 20
(26, 71): 18
(26, 75): 14
(34, 5): 16
(34, 7): 13
(34, 8): 17
(34, 19): 9
(34, 20): 13
(34, 26): 11
(34, 39): 18
(34, 40): 18
(34, 50): 19
(34, 52): 15
(34, 54): 12
(34, 55): 18
(34, 56): 10
(34, 61): 17
(34, 71): 21
(34, 75): 24
(39, 5): 18
(39, 13): 20
(39, 34): 18
(39, 40): 15
(39, 56): 17
(39, 61): 13
(39, 75): 20
(40, 5): 23
(40, 7): 27
(40, 8): 18
(40, 20): 21
(40, 26): 24
(40, 34): 18
(40, 39): 15
(40, 50): 23
(40, 51): 23
(40, 52): 19
(40, 54): 13
(40, 56): 18
(40, 60): 13
(40, 61): 24
(40, 71): 18
(40, 75): 21
(50, 5): 17
(50, 7): 21
(50, 8): 22
(50, 13): 24
(50, 26): 18
(50, 34): 19
(50, 40): 23
(50, 51): 21
(50, 54): 14
(50, 55): 21
(50, 56): 21
(50, 60): 12
(50, 61): 20
(50, 71): 13
(51, 5): 17
(51, 19): 13
(51, 26): 17
(51, 40): 23
(51, 50): 21
(51, 52): 25
(51, 54): 17
(51, 56): 21
(51, 61): 15
(51, 75): 20
(52, 5): 19
(52, 7): 13
(52, 8): 22
(52, 34): 15
(52, 40): 19
(52, 51): 25
(52, 54): 16
(52, 55): 19
(52, 60): 15
(52, 61): 16
(52, 71): 19
(54, 5): 19
(54, 7): 16
(54, 8): 22
(54, 13): 18
(54, 19): 10
(54, 20): 18
(54, 26): 12
(54, 34): 12
(54, 40): 13
(54, 50): 14
(54, 51): 17
(54, 52): 16
(54, 55): 12
(54, 56): 11
(54, 60): 24
(54, 61): 12
(54, 71): 13
(54, 75): 17
(55, 5): 12
(55, 19): 13
(55, 26): 17
(55, 34): 18
(55, 50): 21
(55, 52): 19
(55, 54): 12
(55, 56): 15
(55, 60): 14
(55, 61): 11
(55, 75): 18
(56, 5): 20
(56, 7): 16
(56, 8): 15
(56, 13): 24
(56, 19): 14
(56, 20): 20
(56, 26): 18
(56, 34): 10
(56, 39): 17
(56, 40): 18
(56, 50): 21
(56, 51): 21
(56, 54): 11
(56, 55): 15
(56, 60): 20
(56, 61): 19
(56, 71): 19
(56, 75): 20
(60, 5): 18
(60, 7): 19
(60, 8): 29
(60, 19): 16
(60, 20): 14
(60, 26): 14
(60, 40): 13
(60, 50): 12
(60, 52): 15
(60, 54): 24
(60, 55): 14
(60, 56): 20
(60, 61): 11
(60, 75): 16
(61, 5): 13
(61, 7): 20
(61, 8): 16
(61, 13): 20
(61, 19): 9
(61, 20): 18
(61, 26): 20
(61, 34): 17
(61, 39): 13
(61, 40): 24
(61, 50): 20
(61, 51): 15
(61, 52): 16
(61, 54): 12
(61, 55): 11
(61, 56): 19
(61, 60): 11
(61, 61): 66
(61, 71): 17
(61, 75): 16
(71, 5): 14
(71, 13): 24
(71, 19): 14
(71, 26): 18
(71, 34): 21
(71, 40): 18
(71, 50): 13
(71, 52): 19
(71, 54): 13
(71, 56): 19
(71, 61): 17
(71, 75): 14
(75, 5): 22
(75, 7): 16
(75, 8): 19
(75, 26): 14
(75, 34): 24
(75, 39): 20
(75, 40): 21
(75, 51): 20
(75, 54): 17
(75, 55): 18
(75, 56): 20
(75, 60): 16
(75, 61): 16
(75, 71): 14
(15, 22): 19
(15, 24): 24
(15, 26): 20
(15, 27): 22
(15, 39): 25
(15, 48): 27
(15, 59): 21
(15, 62): 24
(15, 71): 19
(22, 15): 19
(22, 26): 16
(22, 43): 21
(22, 48): 23
(22, 51): 17
(22, 56): 20
(22, 68): 21
(22, 73): 20
(22, 77): 24
(24, 15): 24
(24, 26): 16
(24, 27): 15
(24, 43): 23
(24, 47): 17
(24, 48): 19
(24, 51): 17
(24, 56): 19
(24, 59): 16
(24, 62): 21
(24, 66): 21
(24, 68): 19
(24, 73): 19
(24, 77): 14
(26, 15): 20
(26, 22): 16
(26, 24): 16
(26, 27): 15
(26, 29): 26
(26, 48): 22
(26, 59): 20
(26, 62): 22
(26, 63): 16
(26, 66): 16
(26, 73): 20
(27, 15): 22
(27, 24): 15
(27, 26): 15
(27, 43): 32
(27, 47): 20
(27, 56): 18
(27, 62): 20
(27, 68): 19
(27, 73): 16
(29, 26): 26
(29, 51): 21
(29, 59): 24
(29, 73): 25
(29, 77): 22
(39, 15): 25
(43, 22): 21
(43, 24): 23
(43, 27): 32
(43, 51): 26
(43, 62): 27
(43, 71): 23
(47, 24): 17
(47, 27): 20
(47, 48): 23
(47, 71): 17
(48, 15): 27
(48, 22): 23
(48, 24): 19
(48, 26): 22
(48, 47): 23
(48, 51): 21
(48, 56): 17
(48, 68): 19
(48, 71): 16
(48, 77): 21
(51, 22): 17
(51, 24): 17
(51, 29): 21
(51, 43): 26
(51, 48): 21
(51, 59): 10
(51, 66): 17
(51, 68): 18
(56, 22): 20
(56, 24): 19
(56, 27): 18
(56, 48): 17
(56, 59): 15
(56, 62): 20
(56, 73): 20
(56, 77): 14
(59, 15): 21
(59, 24): 16
(59, 26): 20
(59, 29): 24
(59, 51): 10
(59, 56): 15
(59, 68): 12
(59, 71): 15
(59, 77): 18
(62, 15): 24
(62, 24): 21
(62, 26): 22
(62, 27): 20
(62, 43): 27
(62, 56): 20
(62, 68): 23
(62, 71): 17
(62, 73): 19
(62, 77): 18
(63, 26): 16
(66, 24): 21
(66, 26): 16
(66, 51): 17
(66, 71): 21
(66, 77): 25
(68, 22): 21
(68, 24): 19
(68, 27): 19
(68, 48): 19
(68, 51): 18
(68, 59): 12
(68, 62): 23
(68, 71): 24
(68, 73): 18
(71, 15): 19
(71, 43): 23
(71, 47): 17
(71, 48): 16
(71, 59): 15
(71, 62): 17
(71, 66): 21
(71, 68): 24
(71, 73): 13
(73, 22): 20
(73, 24): 19
(73, 26): 20
(73, 27): 16
(73, 29): 25
(73, 56): 20
(73, 62): 19
(73, 68): 18
(73, 71): 13
(77, 22): 24
(77, 24): 14
(77, 29): 22
(77, 48): 21
(77, 56): 14
(77, 59): 18
(77, 62): 18
(77, 66): 25
(12, 24): 18
(12, 26): 15
(12, 43): 18
(12, 56): 15
(12, 58): 14
(12, 61): 12
(12, 65): 17
(12, 68): 16
(19, 24): 14
(19, 33): 19
(19, 35): 16
(19, 37): 16
(19, 62): 15
(19, 65): 18
(19, 78): 14
(22, 35): 19
(22, 37): 19
(22, 58): 19
(22, 61): 20
(22, 65): 22
(22, 74): 16
(24, 12): 18
(24, 19): 14
(24, 33): 24
(24, 35): 16
(24, 37): 17
(24, 50): 17
(24, 58): 21
(24, 61): 14
(24, 65): 28
(24, 74): 16
(24, 75): 18
(26, 12): 15
(26, 33): 18
(26, 35): 14
(26, 37): 18
(26, 65): 20
(26, 78): 16
(27, 37): 17
(27, 58): 19
(27, 61): 19
(27, 65): 24
(27, 78): 18
(33, 19): 19
(33, 24): 24
(33, 26): 18
(33, 43): 32
(33, 50): 17
(33, 56): 17
(33, 58): 29
(33, 61): 21
(33, 65): 17
(33, 68): 20
(35, 19): 16
(35, 22): 19
(35, 24): 16
(35, 26): 14
(35, 37): 15
(35, 43): 14
(35, 50): 13
(35, 56): 11
(35, 58): 18
(35, 61): 15
(35, 62): 20
(35, 65): 11
(35, 68): 14
(35, 75): 14
(35, 78): 16
(37, 19): 16
(37, 22): 19
(37, 24): 17
(37, 26): 18
(37, 27): 17
(37, 35): 15
(37, 43): 22
(37, 50): 19
(37, 56): 26
(37, 58): 20
(37, 61): 21
(37, 65): 18
(37, 68): 16
(37, 74): 17
(37, 75): 16
(43, 12): 18
(43, 33): 32
(43, 35): 14
(43, 37): 22
(43, 50): 22
(43, 61): 15
(43, 65): 26
(43, 75): 15
(50, 24): 17
(50, 33): 17
(50, 35): 13
(50, 37): 19
(50, 43): 22
(50, 58): 20
(50, 65): 15
(50, 68): 21
(50, 74): 15
(56, 12): 15
(56, 33): 17
(56, 35): 11
(56, 37): 26
(56, 58): 18
(56, 65): 21
(56, 74): 19
(58, 12): 14
(58, 22): 19
(58, 24): 21
(58, 27): 19
(58, 33): 29
(58, 35): 18
(58, 37): 20
(58, 50): 20
(58, 56): 18
(58, 61): 14
(58, 62): 22
(58, 65): 23
(58, 75): 22
(58, 78): 20
(61, 12): 12
(61, 22): 20
(61, 24): 14
(61, 27): 19
(61, 33): 21
(61, 35): 15
(61, 37): 21
(61, 43): 15
(61, 58): 14
(61, 62): 13
(61, 65): 21
(61, 68): 13
(61, 74): 17
(61, 78): 15
(62, 19): 15
(62, 35): 20
(62, 58): 22
(62, 61): 13
(62, 65): 18
(62, 74): 16
(65, 12): 17
(65, 19): 18
(65, 22): 22
(65, 24): 28
(65, 26): 20
(65, 27): 24
(65, 33): 17
(65, 35): 11
(65, 37): 18
(65, 43): 26
(65, 50): 15
(65, 56): 21
(65, 58): 23
(65, 61): 21
(65, 62): 18
(65, 65): 77
(65, 68): 16
(65, 74): 16
(65, 75): 19
(65, 78): 19
(68, 12): 16
(68, 33): 20
(68, 35): 14
(68, 37): 16
(68, 50): 21
(68, 61): 13
(68, 65): 16
(68, 75): 14
(74, 22): 16
(74, 24): 16
(74, 37): 17
(74, 50): 15
(74, 56): 19
(74, 61): 17
(74, 62): 16
(74, 65): 16
(74, 75): 13
(74, 78): 15
(75, 24): 18
(75, 35): 14
(75, 37): 16
(75, 43): 15
(75, 58): 22
(75, 65): 19
(75, 68): 14
(75, 74): 13
(78, 19): 14
(78, 26): 16
(78, 27): 18
(78, 35): 16
(78, 58): 20
(78, 61): 15
(78, 65): 19
(78, 74): 15
(10, 14): 14
(10, 27): 17
(10, 35): 18
(14, 10): 14
(14, 15): 26
(14, 29): 23
(14, 34): 15
(14, 42): 18
(14, 46): 17
(14, 63): 13
(14, 79): 20
(15, 14): 26
(15, 17): 23
(15, 35): 22
(15, 41): 19
(15, 42): 24
(15, 44): 20
(15, 64): 21
(15, 74): 18
(17, 15): 23
(17, 21): 17
(17, 23): 17
(17, 27): 22
(17, 34): 18
(17, 35): 18
(17, 41): 17
(17, 44): 22
(17, 46): 15
(17, 64): 17
(17, 74): 16
(17, 77): 20
(17, 79): 27
(21, 17): 17
(21, 34): 17
(23, 17): 17
(23, 35): 20
(27, 10): 17
(27, 17): 22
(27, 34): 20
(27, 46): 17
(29, 14): 23
(29, 34): 24
(29, 35): 19
(29, 44): 21
(29, 46): 20
(29, 64): 24
(34, 14): 15
(34, 17): 18
(34, 21): 17
(34, 27): 20
(34, 29): 24
(34, 35): 18
(34, 41): 22
(34, 42): 18
(34, 44): 20
(34, 59): 10
(34, 64): 14
(34, 74): 22
(35, 10): 18
(35, 15): 22
(35, 17): 18
(35, 23): 20
(35, 29): 19
(35, 34): 18
(35, 42): 15
(35, 44): 23
(35, 46): 15
(35, 59): 15
(35, 63): 11
(35, 79): 20
(41, 15): 19
(41, 17): 17
(41, 34): 22
(41, 46): 12
(41, 59): 15
(42, 14): 18
(42, 15): 24
(42, 34): 18
(42, 35): 15
(42, 46): 17
(42, 77): 17
(44, 15): 20
(44, 17): 22
(44, 29): 21
(44, 34): 20
(44, 35): 23
(46, 14): 17
(46, 17): 15
(46, 27): 17
(46, 29): 20
(46, 35): 15
(46, 41): 12
(46, 42): 17
(46, 64): 18
(46, 74): 13
(59, 34): 10
(59, 35): 15
(59, 41): 15
(59, 74): 8
(63, 14): 13
(63, 35): 11
(64, 15): 21
(64, 17): 17
(64, 29): 24
(64, 34): 14
(64, 46): 18
(64, 79): 19
(74, 15): 18
(74, 17): 16
(74, 34): 22
(74, 46): 13
(74, 59): 8
(77, 17): 20
(77, 42): 17
(79, 14): 20
(79, 17): 27
(79, 35): 20
(79, 64): 19
(5, 9): 21
(5, 16): 15
(5, 21): 24
(5, 24): 14
(5, 27): 18
(5, 41): 14
(5, 42): 14
(5, 44): 17
(5, 46): 19
(5, 47): 16
(5, 53): 16
(5, 58): 19
(5, 65): 13
(5, 74): 15
(9, 5): 21
(9, 16): 20
(9, 24): 21
(9, 27): 14
(9, 41): 17
(9, 42): 23
(9, 58): 21
(9, 65): 20
(9, 74): 13
(13, 16): 18
(13, 24): 20
(13, 58): 21
(13, 65): 26
(16, 5): 15
(16, 9): 20
(16, 13): 18
(16, 21): 21
(16, 24): 19
(16, 27): 14
(16, 39): 21
(16, 40): 20
(16, 41): 14
(16, 44): 20
(16, 46): 25
(16, 50): 19
(16, 53): 19
(16, 56): 15
(16, 58): 22
(16, 65): 22
(16, 74): 17
(21, 5): 24
(21, 16): 21
(21, 24): 15
(21, 50): 16
(21, 53): 20
(21, 58): 23
(21, 65): 21
(24, 5): 14
(24, 9): 21
(24, 13): 20
(24, 16): 19
(24, 21): 15
(24, 40): 16
(24, 41): 13
(24, 42): 23
(24, 44): 18
(24, 46): 20
(24, 53): 24
(27, 5): 18
(27, 9): 14
(27, 16): 14
(27, 53): 16
(39, 16): 21
(39, 42): 23
(39, 46): 20
(39, 65): 20
(40, 16): 20
(40, 24): 16
(40, 47): 16
(40, 53): 18
(40, 58): 19
(40, 65): 22
(41, 5): 14
(41, 9): 17
(41, 16): 14
(41, 24): 13
(41, 50): 21
(41, 56): 16
(41, 65): 15
(42, 5): 14
(42, 9): 23
(42, 24): 23
(42, 39): 23
(42, 53): 22
(42, 56): 15
(42, 58): 22
(42, 65): 17
(44, 5): 17
(44, 16): 20
(44, 24): 18
(44, 56): 22
(44, 65): 22
(46, 5): 19
(46, 16): 25
(46, 24): 20
(46, 39): 20
(46, 50): 21
(46, 53): 16
(46, 56): 17
(46, 58): 20
(46, 65): 21
(47, 5): 16
(47, 40): 16
(47, 50): 19
(47, 65): 17
(50, 16): 19
(50, 21): 16
(50, 41): 21
(50, 46): 21
(50, 47): 19
(50, 53): 23
(53, 5): 16
(53, 16): 19
(53, 21): 20
(53, 24): 24
(53, 27): 16
(53, 40): 18
(53, 42): 22
(53, 46): 16
(53, 50): 23
(53, 56): 13
(53, 65): 24
(56, 16): 15
(56, 41): 16
(56, 42): 15
(56, 44): 22
(56, 46): 17
(56, 53): 13
(58, 5): 19
(58, 9): 21
(58, 13): 21
(58, 16): 22
(58, 21): 23
(58, 40): 19
(58, 42): 22
(58, 46): 20
(65, 5): 13
(65, 9): 20
(65, 13): 26
(65, 16): 22
(65, 21): 21
(65, 39): 20
(65, 40): 22
(65, 41): 15
(65, 42): 17
(65, 44): 22
(65, 46): 21
(65, 47): 17
(65, 53): 24
(74, 5): 15
(74, 9): 13
(74, 16): 17
(3, 13): 12
(3, 24): 18
(3, 34): 22
(3, 55): 14
(3, 65): 17
(9, 20): 17
(9, 55): 24
(12, 34): 13
(12, 53): 21
(13, 3): 12
(13, 17): 20
(13, 43): 29
(13, 70): 20
(17, 13): 20
(17, 24): 17
(17, 55): 22
(17, 58): 20
(17, 65): 20
(20, 9): 17
(20, 24): 19
(20, 43): 21
(20, 53): 13
(20, 58): 17
(20, 65): 18
(21, 70): 20
(24, 3): 18
(24, 17): 17
(24, 20): 19
(24, 34): 16
(24, 49): 17
(24, 55): 22
(34, 3): 22
(34, 12): 13
(34, 24): 16
(34, 43): 21
(34, 49): 16
(34, 53): 16
(34, 58): 17
(34, 65): 17
(34, 70): 16
(42, 43): 25
(43, 13): 29
(43, 20): 21
(43, 34): 21
(43, 42): 25
(43, 55): 22
(44, 51): 21
(44, 55): 14
(47, 55): 11
(49, 24): 17
(49, 34): 16
(49, 55): 16
(49, 58): 17
(49, 65): 18
(51, 44): 21
(51, 53): 20
(51, 58): 19
(51, 65): 17
(53, 12): 21
(53, 20): 13
(53, 34): 16
(53, 51): 20
(53, 55): 21
(55, 3): 14
(55, 9): 24
(55, 17): 22
(55, 24): 22
(55, 43): 22
(55, 44): 14
(55, 47): 11
(55, 49): 16
(55, 53): 21
(55, 58): 21
(55, 65): 17
(55, 70): 12
(58, 17): 20
(58, 20): 17
(58, 34): 17
(58, 49): 17
(58, 51): 19
(58, 55): 21
(65, 3): 17
(65, 17): 20
(65, 20): 18
(65, 34): 17
(65, 49): 18
(65, 51): 17
(65, 55): 17
(65, 70): 22
(70, 13): 20
(70, 21): 20
(70, 34): 16
(70, 55): 12
(70, 65): 22
(4, 14): 21
(4, 16): 17
(4, 18): 18
(4, 33): 23
(4, 34): 17
(4, 37): 12
(4, 51): 19
(4, 61): 13
(4, 73): 20
(6, 18): 17
(6, 26): 17
(6, 34): 19
(6, 58): 22
(6, 61): 14
(6, 74): 18
(12, 73): 22
(14, 4): 21
(14, 16): 18
(14, 26): 22
(14, 37): 16
(14, 40): 12
(14, 58): 22
(14, 61): 13
(14, 80): 16
(16, 4): 17
(16, 14): 18
(16, 18): 19
(16, 26): 17
(16, 29): 23
(16, 34): 18
(16, 61): 17
(16, 67): 18
(16, 73): 19
(16, 80): 16
(18, 4): 18
(18, 6): 17
(18, 16): 19
(18, 26): 11
(18, 29): 18
(18, 30): 15
(18, 34): 15
(18, 37): 17
(18, 40): 19
(18, 58): 20
(18, 61): 21
(18, 67): 17
(18, 73): 22
(18, 80): 16
(26, 6): 17
(26, 14): 22
(26, 16): 17
(26, 18): 11
(26, 30): 14
(26, 80): 15
(29, 16): 23
(29, 18): 18
(29, 33): 24
(29, 37): 26
(29, 58): 28
(29, 61): 20
(30, 18): 15
(30, 26): 14
(30, 58): 14
(30, 61): 20
(33, 4): 23
(33, 29): 24
(33, 34): 21
(33, 40): 19
(33, 73): 25
(33, 80): 19
(34, 4): 17
(34, 6): 19
(34, 16): 18
(34, 18): 15
(34, 33): 21
(34, 67): 14
(37, 4): 12
(37, 14): 16
(37, 18): 17
(37, 29): 26
(37, 40): 17
(37, 67): 17
(40, 14): 12
(40, 18): 19
(40, 33): 19
(40, 37): 17
(40, 67): 20
(40, 73): 20
(51, 4): 19
(51, 67): 19
(58, 6): 22
(58, 14): 22
(58, 18): 20
(58, 29): 28
(58, 30): 14
(58, 73): 24
(58, 80): 22
(61, 4): 13
(61, 6): 14
(61, 14): 13
(61, 16): 17
(61, 18): 21
(61, 29): 20
(61, 30): 20
(61, 67): 15
(61, 73): 18
(61, 80): 14
(67, 16): 18
(67, 18): 17
(67, 34): 14
(67, 37): 17
(67, 40): 20
(67, 51): 19
(67, 61): 15
(67, 73): 19
(73, 4): 20
(73, 12): 22
(73, 16): 19
(73, 18): 22
(73, 33): 25
(73, 40): 20
(73, 58): 24
(73, 61): 18
(73, 67): 19
(73, 74): 15
(74, 6): 18
(74, 73): 15
(74, 80): 11
(80, 14): 16
(80, 16): 16
(80, 18): 16
(80, 26): 15
(80, 33): 19
(80, 58): 22
(80, 61): 14
(80, 74): 11
(2, 5): 18
(2, 8): 27
(2, 13): 17
(2, 14): 19
(2, 16): 18
(2, 18): 17
(2, 20): 24
(2, 22): 19
(2, 45): 18
(2, 64): 16
(2, 76): 16
(5, 2): 18
(5, 10): 19
(5, 14): 16
(5, 18): 15
(5, 22): 17
(5, 36): 15
(5, 45): 13
(5, 64): 13
(5, 76): 13
(5, 80): 11
(8, 2): 27
(8, 9): 19
(8, 10): 21
(8, 16): 22
(8, 22): 19
(8, 36): 18
(8, 44): 15
(8, 45): 9
(8, 46): 20
(8, 80): 21
(9, 8): 19
(9, 18): 21
(9, 22): 18
(9, 64): 14
(10, 5): 19
(10, 8): 21
(10, 18): 19
(10, 22): 16
(13, 2): 17
(13, 18): 28
(13, 36): 20
(13, 45): 15
(13, 64): 16
(14, 2): 19
(14, 5): 16
(14, 19): 15
(14, 36): 18
(16, 2): 18
(16, 8): 22
(16, 19): 14
(16, 22): 16
(16, 36): 22
(16, 45): 12
(16, 64): 16
(18, 2): 17
(18, 5): 15
(18, 9): 21
(18, 10): 19
(18, 13): 28
(18, 19): 14
(18, 22): 24
(18, 36): 20
(18, 44): 20
(18, 45): 12
(18, 46): 15
(19, 14): 15
(19, 16): 14
(19, 18): 14
(19, 45): 12
(19, 76): 16
(20, 2): 24
(20, 36): 26
(20, 45): 12
(20, 46): 20
(20, 80): 19
(22, 2): 19
(22, 5): 17
(22, 8): 19
(22, 9): 18
(22, 10): 16
(22, 16): 16
(22, 18): 24
(22, 36): 22
(22, 40): 24
(22, 46): 13
(36, 5): 15
(36, 8): 18
(36, 13): 20
(36, 14): 18
(36, 16): 22
(36, 18): 20
(36, 20): 26
(36, 22): 22
(36, 64): 18
(36, 76): 18
(40, 22): 24
(40, 45): 17
(40, 64): 20
(44, 8): 15
(44, 18): 20
(44, 45): 16
(44, 76): 20
(45, 2): 18
(45, 5): 13
(45, 8): 9
(45, 13): 15
(45, 16): 12
(45, 18): 12
(45, 19): 12
(45, 20): 12
(45, 40): 17
(45, 44): 16
(45, 46): 13
(45, 64): 14
(46, 8): 20
(46, 18): 15
(46, 20): 20
(46, 22): 13
(46, 45): 13
(46, 76): 8
(64, 2): 16
(64, 5): 13
(64, 9): 14
(64, 13): 16
(64, 16): 16
(64, 36): 18
(64, 40): 20
(64, 45): 14
(64, 80): 17
(76, 2): 16
(76, 5): 13
(76, 19): 16
(76, 36): 18
(76, 44): 20
(76, 46): 8
(80, 5): 11
(80, 8): 21
(80, 20): 19
(80, 64): 17
(12, 31): 11
(19, 31): 18
(19, 73): 15
(22, 41): 15
(23, 43): 25
(23, 56): 19
(23, 65): 18
(31, 12): 11
(31, 19): 18
(31, 37): 17
(31, 38): 14
(31, 41): 10
(31, 43): 19
(31, 46): 12
(31, 50): 14
(31, 56): 19
(31, 64): 11
(31, 65): 21
(31, 70): 16
(31, 73): 19
(37, 31): 17
(37, 41): 11
(37, 52): 19
(37, 64): 15
(38, 31): 14
(38, 43): 26
(38, 56): 18
(38, 65): 16
(41, 22): 15
(41, 31): 10
(41, 37): 11
(41, 73): 22
(41, 75): 20
(43, 23): 25
(43, 31): 19
(43, 38): 26
(43, 46): 19
(46, 31): 12
(46, 43): 19
(46, 52): 19
(46, 70): 20
(46, 75): 14
(50, 31): 14
(50, 73): 20
(52, 37): 19
(52, 46): 19
(52, 65): 15
(52, 73): 16
(56, 23): 19
(56, 31): 19
(56, 38): 18
(56, 64): 14
(56, 70): 20
(64, 31): 11
(64, 37): 15
(64, 56): 14
(64, 65): 17
(64, 73): 16
(65, 23): 18
(65, 31): 21
(65, 38): 16
(65, 52): 15
(65, 64): 17
(65, 73): 18
(70, 31): 16
(70, 46): 20
(70, 56): 20
(73, 19): 15
(73, 31): 19
(73, 41): 22
(73, 50): 20
(73, 52): 16
(73, 64): 16
(73, 65): 18
(73, 75): 22
(75, 41): 20
(75, 46): 14
(75, 73): 22
(1, 7): 21
(1, 17): 23
(1, 19): 15
(1, 20): 20
(1, 28): 18
(1, 36): 25
(1, 39): 18
(1, 80): 14
(7, 1): 21
(7, 17): 16
(7, 25): 20
(7, 28): 9
(7, 30): 15
(7, 36): 19
(7, 44): 16
(7, 49): 15
(7, 57): 17
(7, 59): 14
(7, 66): 19
(7, 72): 15
(7, 80): 17
(17, 1): 23
(17, 7): 16
(17, 19): 13
(17, 25): 10
(17, 28): 14
(17, 52): 17
(17, 80): 15
(19, 1): 15
(19, 17): 13
(19, 28): 14
(19, 30): 13
(19, 57): 18
(20, 1): 20
(20, 28): 23
(20, 57): 15
(25, 7): 20
(25, 17): 10
(25, 28): 18
(25, 36): 16
(25, 39): 20
(25, 49): 22
(25, 80): 20
(28, 1): 18
(28, 7): 9
(28, 17): 14
(28, 19): 14
(28, 20): 23
(28, 25): 18
(28, 36): 17
(28, 39): 22
(28, 44): 18
(28, 49): 14
(28, 52): 21
(28, 55): 26
(28, 57): 16
(28, 59): 17
(28, 66): 21
(28, 72): 15
(28, 76): 16
(30, 7): 15
(30, 19): 13
(30, 44): 19
(30, 52): 18
(36, 1): 25
(36, 7): 19
(36, 25): 16
(36, 28): 17
(36, 52): 16
(36, 55): 21
(36, 57): 23
(39, 1): 18
(39, 25): 20
(39, 28): 22
(44, 7): 16
(44, 28): 18
(44, 30): 19
(49, 7): 15
(49, 25): 22
(49, 28): 14
(52, 17): 17
(52, 28): 21
(52, 30): 18
(52, 36): 16
(52, 76): 20
(55, 28): 26
(55, 36): 21
(55, 59): 19
(55, 72): 17
(55, 80): 20
(57, 7): 17
(57, 19): 18
(57, 20): 15
(57, 28): 16
(57, 36): 23
(59, 7): 14
(59, 28): 17
(59, 55): 19
(66, 7): 19
(66, 28): 21
(72, 7): 15
(72, 28): 15
(72, 55): 17
(76, 28): 16
(76, 52): 20
(80, 1): 14
(80, 7): 17
(80, 17): 15
(80, 25): 20
(80, 55): 20
(2, 24): 30
(2, 26): 16
(2, 31): 13
(2, 42): 16
(2, 43): 32
(2, 53): 19
(2, 55): 23
(2, 57): 18
(2, 65): 24
(2, 70): 22
(8, 24): 14
(8, 31): 11
(8, 42): 19
(8, 43): 24
(8, 53): 22
(8, 57): 17
(8, 65): 18
(8, 70): 24
(8, 79): 18
(14, 24): 14
(14, 65): 12
(16, 31): 18
(16, 43): 19
(16, 55): 21
(16, 57): 15
(16, 79): 16
(24, 2): 30
(24, 8): 14
(24, 14): 14
(24, 31): 16
(24, 36): 18
(24, 38): 15
(24, 64): 13
(24, 79): 14
(26, 2): 16
(26, 31): 19
(26, 36): 12
(26, 38): 18
(26, 42): 19
(26, 46): 14
(26, 57): 21
(26, 79): 16
(31, 2): 13
(31, 8): 11
(31, 16): 18
(31, 24): 16
(31, 26): 19
(31, 36): 19
(31, 42): 10
(31, 55): 15
(31, 79): 19
(31, 80): 17
(36, 24): 18
(36, 26): 12
(36, 31): 19
(36, 42): 14
(36, 43): 24
(36, 53): 16
(36, 65): 23
(38, 24): 15
(38, 26): 18
(38, 53): 15
(38, 57): 20
(42, 2): 16
(42, 8): 19
(42, 26): 19
(42, 31): 10
(42, 36): 14
(42, 80): 22
(43, 2): 32
(43, 8): 24
(43, 16): 19
(43, 36): 24
(43, 79): 25
(46, 26): 14
(46, 55): 17
(46, 57): 18
(53, 2): 19
(53, 8): 22
(53, 36): 16
(53, 38): 15
(53, 79): 24
(53, 80): 16
(55, 2): 23
(55, 16): 21
(55, 31): 15
(55, 46): 17
(57, 2): 18
(57, 8): 17
(57, 16): 15
(57, 26): 21
(57, 38): 20
(57, 46): 18
(57, 64): 8
(57, 65): 20
(64, 24): 13
(64, 57): 8
(65, 2): 24
(65, 8): 18
(65, 14): 12
(65, 36): 23
(65, 57): 20
(65, 79): 19
(65, 80): 12
(70, 2): 22
(70, 8): 24
(70, 79): 26
(79, 8): 18
(79, 16): 16
(79, 24): 14
(79, 26): 16
(79, 31): 19
(79, 43): 25
(79, 53): 24
(79, 65): 19
(79, 70): 26
(80, 31): 17
(80, 42): 22
(80, 53): 16
(80, 65): 12
(1, 6): 17
(1, 32): 15
(1, 46): 18
(1, 50): 21
(1, 64): 16
(1, 65): 21
(1, 71): 21
(6, 1): 17
(6, 7): 12
(6, 13): 22
(6, 23): 14
(6, 27): 16
(6, 52): 18
(6, 55): 14
(6, 64): 13
(6, 65): 15
(7, 6): 12
(7, 23): 19
(7, 32): 15
(7, 42): 13
(7, 46): 9
(7, 48): 18
(7, 62): 16
(7, 65): 14
(13, 6): 22
(17, 71): 18
(23, 6): 14
(23, 7): 19
(23, 36): 21
(23, 71): 16
(27, 6): 16
(27, 32): 18
(27, 36): 21
(32, 1): 15
(32, 7): 15
(32, 27): 18
(32, 42): 13
(32, 55): 14
(32, 65): 17
(32, 71): 17
(32, 76): 15
(36, 23): 21
(36, 27): 21
(36, 71): 20
(42, 7): 13
(42, 32): 13
(42, 71): 13
(46, 1): 18
(46, 7): 9
(46, 48): 11
(46, 62): 16
(46, 71): 15
(48, 7): 18
(48, 46): 11
(48, 52): 21
(48, 64): 18
(48, 65): 13
(50, 1): 21
(50, 76): 21
(52, 6): 18
(52, 48): 21
(55, 6): 14
(55, 32): 14
(55, 62): 21
(62, 7): 16
(62, 46): 16
(62, 55): 21
(62, 64): 17
(64, 1): 16
(64, 6): 13
(64, 48): 18
(64, 62): 17
(65, 1): 21
(65, 6): 15
(65, 7): 14
(65, 32): 17
(65, 48): 13
(65, 71): 19
(65, 76): 20
(71, 1): 21
(71, 17): 18
(71, 23): 16
(71, 32): 17
(71, 36): 20
(71, 42): 13
(71, 46): 15
(71, 65): 19
(76, 32): 15
(76, 50): 21
(76, 65): 20
(1, 3): 19
(1, 4): 18
(1, 8): 22
(1, 51): 18
(1, 58): 21
(3, 1): 19
(3, 8): 24
(3, 14): 19
(3, 27): 21
(3, 75): 18
(4, 1): 18
(4, 8): 14
(4, 13): 27
(4, 27): 15
(4, 55): 16
(4, 75): 24
(6, 8): 17
(6, 41): 13
(6, 75): 15
(8, 1): 22
(8, 3): 24
(8, 4): 14
(8, 6): 17
(8, 17): 23
(8, 49): 22
(8, 58): 21
(8, 72): 15
(13, 4): 27
(14, 3): 19
(14, 50): 15
(17, 8): 23
(17, 75): 17
(27, 3): 21
(27, 4): 15
(27, 49): 17
(41, 6): 13
(41, 49): 14
(41, 72): 15
(49, 8): 22
(49, 27): 17
(49, 41): 14
(49, 50): 20
(50, 14): 15
(50, 49): 20
(50, 79): 18
(51, 1): 18
(51, 72): 17
(55, 4): 16
(58, 1): 21
(58, 8): 21
(58, 72): 19
(58, 76): 15
(58, 79): 21
(72, 8): 15
(72, 41): 15
(72, 51): 17
(72, 58): 19
(72, 79): 15
(75, 3): 18
(75, 4): 24
(75, 6): 15
(75, 17): 17
(75, 76): 11
(75, 79): 23
(76, 58): 15
(76, 75): 11
(79, 50): 18
(79, 58): 21
(79, 72): 15
(79, 75): 23
(2, 15): 28
(2, 56): 15
(2, 62): 20
(2, 69): 18
(2, 73): 17
(2, 75): 14
(3, 15): 15
(3, 56): 12
(3, 69): 17
(3, 73): 20
(4, 15): 21
(4, 20): 20
(4, 56): 15
(8, 15): 25
(8, 59): 19
(8, 62): 15
(8, 63): 14
(8, 69): 16
(8, 73): 16
(10, 75): 18
(14, 56): 17
(14, 69): 10
(15, 2): 28
(15, 3): 15
(15, 4): 21
(15, 8): 25
(15, 16): 15
(15, 20): 23
(15, 36): 17
(15, 70): 20
(15, 75): 20
(16, 15): 15
(16, 59): 16
(16, 69): 23
(16, 75): 17
(20, 4): 20
(20, 15): 23
(20, 69): 20
(20, 73): 25
(36, 15): 17
(36, 56): 13
(36, 69): 21
(36, 73): 16
(36, 75): 18
(56, 2): 15
(56, 3): 12
(56, 4): 15
(56, 14): 17
(56, 36): 13
(59, 8): 19
(59, 16): 16
(59, 69): 19
(62, 2): 20
(62, 8): 15
(62, 69): 19
(62, 80): 27
(63, 8): 14
(69, 2): 18
(69, 3): 17
(69, 8): 16
(69, 14): 10
(69, 16): 23
(69, 20): 20
(69, 36): 21
(69, 59): 19
(69, 62): 19
(69, 73): 22
(69, 75): 23
(70, 15): 20
(73, 2): 17
(73, 3): 20
(73, 8): 16
(73, 20): 25
(73, 36): 16
(73, 69): 22
(75, 2): 14
(75, 10): 18
(75, 15): 20
(75, 16): 17
(75, 36): 18
(75, 69): 23
(75, 80): 17
(80, 62): 27
(80, 75): 17
(1, 2): 18
(1, 15): 19
(1, 24): 25
(1, 34): 16
(1, 43): 19
(1, 56): 19
(2, 1): 18
(2, 17): 19
(2, 30): 22
(2, 33): 19
(2, 34): 14
(2, 47): 14
(2, 72): 16
(8, 30): 22
(8, 47): 16
(8, 66): 23
(15, 1): 19
(15, 31): 23
(15, 33): 26
(15, 55): 19
(15, 65): 25
(17, 2): 19
(17, 31): 14
(17, 56): 16
(24, 1): 25
(30, 2): 22
(30, 8): 22
(30, 31): 16
(30, 56): 21
(30, 65): 19
(31, 15): 23
(31, 17): 14
(31, 30): 16
(31, 34): 10
(33, 2): 19
(33, 15): 26
(34, 1): 16
(34, 2): 14
(34, 31): 10
(34, 66): 13
(34, 72): 21
(43, 1): 19
(47, 2): 14
(47, 8): 16
(55, 15): 19
(56, 1): 19
(56, 17): 16
(56, 30): 21
(59, 65): 13
(65, 15): 25
(65, 30): 19
(65, 59): 13
(65, 66): 24
(65, 72): 13
(66, 8): 23
(66, 34): 13
(66, 65): 24
(72, 2): 16
(72, 34): 21
(72, 65): 13
(2, 23): 23
(2, 51): 17
(2, 67): 15
(2, 71): 15
(2, 74): 11
(2, 77): 17
(10, 65): 16
(10, 71): 17
(12, 69): 16
(13, 69): 20
(23, 2): 23
(23, 69): 20
(38, 69): 17
(51, 2): 17
(51, 69): 18
(63, 65): 13
(65, 10): 16
(65, 63): 13
(65, 67): 14
(65, 69): 19
(65, 77): 18
(67, 2): 15
(67, 65): 14
(69, 12): 16
(69, 13): 20
(69, 23): 20
(69, 38): 17
(69, 51): 18
(69, 65): 19
(69, 74): 20
(69, 77): 18
(71, 2): 15
(71, 10): 17
(74, 2): 11
(74, 69): 20
(77, 2): 17
(77, 65): 18
(77, 69): 18
(9, 75): 20
(18, 28): 19
(18, 42): 20
(18, 48): 15
(18, 52): 15
(18, 56): 20
(18, 69): 18
(18, 72): 16
(18, 75): 13
(18, 78): 13
(20, 48): 16
(22, 28): 13
(28, 18): 19
(28, 22): 13
(28, 40): 18
(28, 42): 16
(28, 45): 11
(28, 48): 18
(28, 56): 17
(28, 64): 17
(28, 69): 22
(28, 75): 22
(28, 78): 16
(40, 28): 18
(40, 69): 21
(40, 72): 19
(40, 78): 13
(42, 18): 20
(42, 28): 16
(42, 45): 13
(42, 69): 21
(42, 73): 18
(44, 48): 21
(44, 69): 14
(44, 73): 20
(45, 28): 11
(45, 42): 13
(45, 51): 10
(45, 75): 12
(48, 18): 15
(48, 20): 16
(48, 28): 18
(48, 44): 21
(48, 69): 23
(48, 75): 17
(51, 45): 10
(52, 18): 15
(56, 18): 20
(56, 28): 17
(64, 28): 17
(64, 69): 17
(64, 78): 14
(69, 18): 18
(69, 28): 22
(69, 40): 21
(69, 42): 21
(69, 44): 14
(69, 48): 23
(69, 64): 17
(72, 18): 16
(72, 40): 19
(73, 42): 18
(73, 44): 20
(75, 9): 20
(75, 18): 13
(75, 28): 22
(75, 45): 12
(75, 48): 17
(78, 18): 13
(78, 28): 16
(78, 40): 13
(78, 64): 14
(1, 16): 11
(1, 18): 15
(1, 68): 19
(1, 70): 21
(8, 23): 14
(8, 32): 12
(8, 68): 12
(15, 18): 24
(15, 40): 18
(15, 50): 22
(15, 58): 23
(16, 1): 11
(16, 23): 16
(16, 32): 8
(16, 68): 14
(18, 1): 15
(18, 15): 24
(18, 23): 18
(18, 24): 19
(18, 32): 13
(18, 43): 18
(18, 50): 20
(18, 68): 14
(18, 70): 19
(23, 8): 14
(23, 16): 16
(23, 18): 18
(23, 24): 13
(23, 58): 14
(23, 68): 12
(24, 18): 19
(24, 23): 13
(24, 32): 13
(30, 68): 11
(32, 8): 12
(32, 16): 8
(32, 18): 13
(32, 24): 13
(32, 40): 14
(40, 15): 18
(40, 32): 14
(40, 43): 23
(40, 68): 17
(40, 70): 18
(41, 80): 16
(42, 68): 18
(43, 18): 18
(43, 40): 23
(46, 68): 18
(50, 15): 22
(50, 18): 20
(50, 80): 17
(58, 15): 23
(58, 23): 14
(68, 1): 19
(68, 8): 12
(68, 16): 14
(68, 18): 14
(68, 23): 12
(68, 30): 11
(68, 40): 17
(68, 42): 18
(68, 46): 18
(70, 1): 21
(70, 18): 19
(70, 40): 18
(80, 41): 16
(80, 50): 17
(1, 37): 19
(1, 73): 21
(25, 33): 28
(25, 37): 16
(25, 43): 26
(25, 56): 14
(25, 58): 18
(25, 62): 19
(25, 73): 16
(25, 78): 21
(33, 25): 28
(37, 1): 19
(37, 25): 16
(37, 57): 17
(37, 59): 16
(41, 62): 17
(41, 78): 11
(43, 25): 26
(50, 57): 18
(56, 25): 14
(56, 57): 23
(56, 76): 8
(57, 37): 17
(57, 50): 18
(57, 56): 23
(57, 58): 16
(58, 25): 18
(58, 57): 16
(58, 59): 20
(58, 63): 11
(59, 37): 16
(59, 58): 20
(62, 25): 19
(62, 41): 17
(63, 58): 11
(73, 1): 21
(73, 25): 16
(76, 56): 8
(78, 25): 21
(78, 41): 11
(7, 9): 22
(7, 15): 17
(7, 43): 25
(7, 47): 14
(7, 53): 17
(7, 58): 16
(7, 67): 17
(7, 73): 13
(9, 7): 22
(9, 26): 20
(9, 35): 12
(15, 7): 17
(15, 53): 20
(21, 26): 18
(21, 28): 19
(21, 73): 25
(21, 75): 21
(26, 9): 20
(26, 21): 18
(26, 28): 17
(28, 21): 19
(28, 26): 17
(28, 35): 14
(28, 41): 16
(28, 43): 21
(28, 53): 20
(28, 58): 22
(28, 67): 17
(35, 9): 12
(35, 28): 14
(35, 40): 16
(35, 47): 16
(35, 53): 16
(35, 66): 19
(35, 67): 13
(35, 73): 18
(40, 35): 16
(41, 28): 16
(43, 7): 25
(43, 28): 21
(47, 7): 14
(47, 35): 16
(53, 7): 17
(53, 15): 20
(53, 28): 20
(53, 35): 16
(58, 7): 16
(58, 28): 22
(58, 66): 17
(66, 35): 19
(66, 58): 17
(67, 7): 17
(67, 28): 17
(67, 35): 13
(73, 7): 13
(73, 21): 25
(73, 35): 18
(75, 21): 21
(13, 68): 15
(15, 54): 19
(15, 57): 10
(22, 54): 12
(27, 31): 13
(27, 54): 17
(27, 60): 16
(31, 27): 13
(31, 39): 21
(31, 54): 17
(31, 60): 13
(31, 68): 13
(31, 71): 18
(31, 77): 21
(39, 31): 21
(43, 60): 20
(46, 54): 12
(46, 72): 10
(54, 15): 19
(54, 22): 12
(54, 27): 17
(54, 31): 17
(54, 46): 12
(54, 62): 14
(54, 65): 22
(54, 68): 16
(54, 77): 17
(57, 15): 10
(57, 68): 20
(57, 77): 14
(59, 60): 13
(60, 27): 16
(60, 31): 13
(60, 43): 20
(60, 59): 13
(60, 62): 16
(60, 65): 20
(60, 66): 20
(60, 68): 25
(62, 54): 14
(62, 60): 16
(65, 54): 22
(65, 60): 20
(66, 60): 20
(68, 13): 15
(68, 31): 13
(68, 54): 16
(68, 57): 20
(68, 60): 25
(71, 31): 18
(72, 46): 10
(72, 77): 15
(77, 31): 21
(77, 54): 17
(77, 57): 14
(77, 72): 15
(1, 5): 13
(1, 11): 24
(1, 38): 22
(1, 60): 18
(1, 69): 15
(1, 77): 13
(3, 5): 20
(3, 18): 16
(3, 60): 21
(3, 71): 13
(5, 1): 13
(5, 3): 20
(5, 11): 19
(5, 12): 13
(5, 32): 8
(5, 33): 18
(5, 37): 16
(5, 38): 15
(5, 49): 18
(5, 68): 17
(5, 69): 19
(5, 70): 19
(5, 77): 21
(11, 1): 24
(11, 5): 19
(11, 12): 16
(11, 18): 20
(11, 27): 17
(11, 33): 25
(11, 37): 17
(11, 47): 18
(11, 49): 20
(11, 51): 15
(11, 68): 18
(11, 77): 17
(12, 5): 13
(12, 11): 16
(12, 32): 17
(12, 60): 18
(18, 3): 16
(18, 11): 20
(18, 47): 10
(18, 49): 12
(18, 60): 19
(27, 11): 17
(27, 69): 18
(32, 5): 8
(32, 12): 17
(32, 33): 17
(33, 5): 18
(33, 11): 25
(33, 32): 17
(33, 60): 22
(33, 69): 22
(37, 5): 16
(37, 11): 17
(37, 69): 27
(37, 71): 20
(38, 1): 22
(38, 5): 15
(38, 68): 23
(47, 11): 18
(47, 18): 10
(49, 5): 18
(49, 11): 20
(49, 18): 12
(49, 60): 22
(49, 71): 17
(49, 77): 19
(51, 11): 15
(60, 1): 18
(60, 3): 21
(60, 12): 18
(60, 18): 19
(60, 33): 22
(60, 49): 22
(68, 5): 17
(68, 11): 18
(68, 38): 23
(69, 1): 15
(69, 5): 19
(69, 27): 18
(69, 33): 22
(69, 37): 27
(70, 5): 19
(71, 3): 13
(71, 37): 20
(71, 49): 17
(77, 1): 13
(77, 5): 21
(77, 11): 17
(77, 49): 19
(2, 27): 14
(2, 32): 14
(2, 37): 23
(2, 48): 16
(2, 52): 21
(5, 23): 11
(5, 43): 17
(5, 48): 19
(5, 57): 18
(5, 66): 16
(5, 67): 12
(10, 48): 17
(10, 57): 19
(12, 45): 13
(16, 48): 21
(16, 52): 18
(16, 66): 11
(16, 77): 14
(21, 37): 19
(23, 5): 11
(23, 45): 17
(27, 2): 14
(27, 45): 18
(32, 2): 14
(32, 57): 12
(37, 2): 23
(37, 21): 19
(37, 45): 15
(37, 48): 19
(37, 66): 18
(43, 5): 17
(45, 12): 13
(45, 23): 17
(45, 27): 18
(45, 37): 15
(45, 77): 10
(48, 2): 16
(48, 5): 19
(48, 10): 17
(48, 16): 21
(48, 37): 19
(48, 67): 10
(52, 2): 21
(52, 16): 18
(57, 5): 18
(57, 10): 19
(57, 32): 12
(66, 5): 16
(66, 16): 11
(66, 37): 18
(67, 5): 12
(67, 48): 10
(77, 16): 14
(77, 45): 10
(2, 28): 15
(2, 29): 28
(2, 35): 14
(2, 39): 23
(2, 58): 22
(2, 78): 22
(3, 28): 24
(3, 35): 16
(14, 28): 16
(20, 29): 19
(21, 62): 22
(24, 28): 20
(28, 2): 15
(28, 3): 24
(28, 14): 16
(28, 24): 20
(28, 29): 18
(28, 62): 21
(29, 2): 28
(29, 20): 19
(29, 28): 18
(30, 35): 15
(35, 2): 14
(35, 3): 16
(35, 30): 15
(35, 80): 16
(39, 2): 23
(46, 78): 11
(55, 78): 24
(58, 2): 22
(62, 21): 22
(62, 28): 21
(78, 2): 22
(78, 46): 11
(78, 55): 24
(80, 35): 16
(3, 25): 12
(3, 31): 14
(16, 25): 13
(16, 28): 18
(21, 31): 17
(24, 25): 26
(25, 3): 12
(25, 16): 13
(25, 24): 26
(25, 31): 18
(25, 34): 14
(25, 51): 18
(28, 16): 18
(28, 31): 14
(28, 50): 24
(28, 70): 19
(29, 31): 15
(29, 75): 20
(30, 75): 15
(31, 3): 14
(31, 21): 17
(31, 25): 18
(31, 28): 14
(31, 29): 15
(31, 51): 20
(34, 25): 14
(34, 62): 19
(34, 78): 13
(50, 28): 24
(51, 25): 18
(51, 31): 20
(62, 34): 19
(70, 28): 19
(75, 29): 20
(75, 30): 15
(78, 34): 13
(1, 35): 16
(1, 61): 21
(3, 22): 15
(3, 57): 25
(3, 61): 13
(11, 16): 22
(11, 34): 15
(11, 35): 22
(11, 40): 24
(11, 44): 23
(11, 46): 22
(11, 61): 17
(11, 79): 22
(16, 11): 22
(16, 35): 10
(22, 3): 15
(22, 34): 16
(22, 79): 20
(34, 11): 15
(34, 22): 16
(34, 36): 18
(34, 57): 16
(34, 68): 22
(35, 1): 16
(35, 11): 22
(35, 16): 10
(35, 36): 13
(35, 57): 11
(36, 34): 18
(36, 35): 13
(36, 37): 19
(36, 61): 17
(36, 67): 10
(36, 68): 16
(37, 36): 19
(37, 44): 10
(40, 11): 24
(44, 11): 23
(44, 37): 10
(44, 61): 21
(46, 11): 22
(46, 61): 11
(46, 67): 11
(57, 3): 25
(57, 34): 16
(57, 35): 11
(57, 61): 11
(61, 1): 21
(61, 3): 13
(61, 11): 17
(61, 36): 17
(61, 44): 21
(61, 46): 11
(61, 57): 11
(61, 79): 15
(67, 36): 10
(67, 46): 11
(67, 79): 20
(68, 34): 22
(68, 36): 16
(68, 79): 26
(79, 11): 22
(79, 22): 20
(79, 61): 15
(79, 67): 20
(79, 68): 26
(1, 26): 16
(1, 45): 14
(5, 25): 18
(5, 29): 17
(5, 62): 11
(7, 16): 11
(7, 29): 20
(7, 45): 13
(7, 68): 12
(16, 7): 11
(16, 60): 17
(25, 5): 18
(25, 26): 16
(25, 45): 13
(25, 46): 17
(25, 60): 15
(25, 61): 21
(25, 68): 12
(25, 77): 17
(26, 1): 16
(26, 25): 16
(26, 45): 9
(26, 49): 19
(29, 5): 17
(29, 7): 20
(40, 62): 16
(40, 77): 16
(44, 60): 22
(45, 1): 14
(45, 7): 13
(45, 25): 13
(45, 26): 9
(45, 61): 11
(46, 25): 17
(49, 26): 19
(49, 61): 16
(49, 64): 10
(60, 16): 17
(60, 25): 15
(60, 44): 22
(60, 64): 13
(61, 25): 21
(61, 45): 11
(61, 49): 16
(61, 64): 12
(61, 77): 20
(62, 5): 11
(62, 40): 16
(64, 49): 10
(64, 60): 13
(64, 61): 12
(68, 7): 12
(68, 25): 12
(77, 25): 17
(77, 40): 16
(77, 61): 20
(2, 11): 10
(2, 50): 16
(6, 28): 15
(6, 35): 18
(10, 11): 13
(10, 24): 14
(10, 50): 16
(10, 55): 21
(11, 2): 10
(11, 10): 13
(11, 20): 20
(11, 23): 21
(11, 28): 18
(11, 55): 19
(11, 59): 17
(11, 73): 23
(18, 59): 15
(18, 66): 13
(20, 11): 20
(23, 11): 21
(23, 39): 25
(24, 10): 14
(28, 6): 15
(28, 11): 18
(35, 6): 18
(37, 39): 16
(37, 55): 13
(39, 23): 25
(39, 37): 16
(50, 2): 16
(50, 10): 16
(55, 10): 21
(55, 11): 19
(55, 37): 13
(55, 73): 22
(59, 11): 17
(59, 18): 15
(66, 18): 13
(73, 11): 23
(73, 55): 22
(1, 9): 11
(4, 5): 16
(5, 4): 16
(5, 17): 16
(5, 63): 13
(5, 79): 20
(9, 1): 11
(9, 33): 17
(9, 71): 15
(17, 5): 16
(17, 68): 14
(20, 68): 16
(20, 79): 22
(33, 9): 17
(33, 48): 26
(33, 79): 22
(34, 48): 18
(48, 33): 26
(48, 34): 18
(53, 63): 16
(53, 71): 17
(63, 5): 13
(63, 53): 16
(68, 17): 14
(68, 20): 16
(71, 9): 15
(71, 53): 17
(71, 79): 21
(79, 5): 20
(79, 20): 22
(79, 33): 22
(79, 71): 21
(1, 54): 8
(3, 54): 14
(11, 31): 15
(11, 43): 23
(11, 54): 22
(12, 54): 10
(18, 31): 18
(18, 54): 18
(31, 11): 15
(31, 18): 18
(31, 32): 15
(31, 45): 11
(32, 31): 15
(32, 54): 10
(32, 59): 9
(33, 36): 22
(33, 45): 13
(33, 54): 16
(36, 33): 22
(36, 54): 14
(36, 60): 17
(36, 77): 19
(38, 54): 13
(43, 11): 23
(45, 31): 11
(45, 33): 13
(54, 1): 8
(54, 3): 14
(54, 11): 22
(54, 12): 10
(54, 18): 18
(54, 32): 10
(54, 33): 16
(54, 36): 14
(54, 38): 13
(59, 32): 9
(60, 36): 17
(77, 36): 19
(9, 31): 16
(9, 61): 16
(15, 61): 15
(17, 26): 15
(17, 61): 14
(26, 17): 15
(31, 9): 16
(31, 48): 21
(31, 61): 16
(31, 74): 14
(37, 53): 16
(41, 45): 10
(41, 61): 14
(45, 41): 10
(45, 65): 16
(45, 74): 12
(48, 31): 21
(48, 61): 15
(53, 37): 16
(53, 61): 21
(61, 9): 16
(61, 15): 15
(61, 17): 14
(61, 31): 16
(61, 41): 14
(61, 48): 15
(61, 53): 21
(65, 45): 16
(74, 31): 14
(74, 45): 12
(6, 31): 11
(6, 77): 18
(17, 40): 15
(17, 67): 17
(17, 69): 19
(20, 31): 19
(20, 32): 16
(26, 69): 16
(26, 72): 14
(31, 6): 11
(31, 20): 19
(31, 40): 15
(31, 69): 18
(32, 20): 16
(32, 61): 12
(34, 69): 18
(37, 72): 10
(40, 17): 15
(40, 31): 15
(49, 74): 11
(61, 32): 12
(61, 69): 17
(61, 72): 9
(67, 17): 17
(69, 17): 19
(69, 26): 16
(69, 31): 18
(69, 34): 18
(69, 61): 17
(72, 26): 14
(72, 37): 10
(72, 61): 9
(72, 74): 14
(74, 49): 11
(74, 72): 14
(77, 6): 18
(77, 78): 12
(78, 77): 12
(25, 69): 16
(25, 71): 14
(28, 68): 16
(28, 71): 17
(41, 69): 17
(44, 71): 19
(68, 28): 16
(69, 25): 16
(69, 41): 17
(71, 25): 14
(71, 28): 17
(71, 44): 19
(1, 10): 9
(4, 23): 21
(4, 42): 18
(10, 1): 9
(23, 4): 21
(36, 47): 15
(36, 51): 15
(42, 4): 18
(45, 55): 9
(47, 36): 15
(51, 36): 15
(51, 57): 14
(55, 45): 9
(57, 51): 14
(5, 15): 16
(5, 72): 12
(7, 11): 12
(11, 7): 12
(11, 15): 19
(11, 64): 16
(11, 74): 18
(15, 5): 16
(15, 11): 19
(15, 76): 19
(23, 54): 16
(27, 80): 11
(29, 54): 18
(44, 54): 12
(47, 54): 11
(48, 80): 18
(54, 23): 16
(54, 29): 18
(54, 44): 12
(54, 47): 11
(54, 64): 11
(54, 74): 13
(54, 80): 13
(64, 11): 16
(64, 54): 11
(72, 5): 12
(74, 11): 18
(74, 54): 13
(76, 15): 19
(80, 27): 11
(80, 48): 18
(80, 54): 13
(5, 6): 16
(5, 35): 13
(6, 5): 16
(6, 68): 14
(21, 60): 15
(21, 61): 18
(29, 53): 24
(35, 5): 13
(35, 48): 17
(35, 60): 13
(48, 35): 17
(48, 60): 21
(53, 29): 24
(53, 60): 15
(60, 21): 15
(60, 35): 13
(60, 48): 21
(60, 53): 15
(60, 74): 16
(61, 21): 18
(68, 6): 14
(74, 60): 16
(14, 68): 15
(21, 22): 20
(22, 21): 20
(28, 65): 17
(29, 65): 21
(36, 58): 21
(45, 58): 12
(58, 36): 21
(58, 45): 12
(58, 69): 22
(65, 28): 17
(65, 29): 21
(68, 14): 15
(69, 58): 22
(45, 79): 10
(56, 79): 14
(79, 45): 10
(79, 56): 14
(6, 15): 19
(6, 25): 13
(8, 11): 20
(8, 25): 17
(8, 29): 20
(11, 8): 20
(11, 14): 17
(11, 25): 18
(11, 26): 20
(11, 42): 21
(11, 58): 27
(11, 75): 18
(14, 11): 17
(14, 25): 17
(15, 6): 19
(15, 25): 19
(23, 26): 12
(25, 6): 13
(25, 8): 17
(25, 11): 18
(25, 14): 17
(25, 15): 19
(25, 35): 16
(26, 11): 20
(26, 23): 12
(29, 8): 20
(35, 25): 16
(35, 72): 9
(42, 11): 21
(58, 11): 27
(58, 71): 17
(71, 58): 17
(72, 35): 9
(75, 11): 18
(4, 31): 20
(4, 54): 16
(16, 54): 12
(21, 54): 14
(31, 4): 20
(31, 58): 23
(37, 54): 16
(38, 58): 13
(46, 69): 18
(53, 69): 19
(54, 4): 16
(54, 16): 12
(54, 21): 14
(54, 37): 16
(54, 58): 22
(54, 69): 17
(58, 31): 23
(58, 38): 13
(58, 54): 22
(69, 46): 18
(69, 53): 19
(69, 54): 17
(2, 7): 23
(2, 41): 8
(4, 7): 27
(7, 2): 23
(7, 4): 27
(7, 70): 17
(7, 79): 14
(17, 18): 13
(18, 17): 13
(18, 79): 20
(33, 46): 11
(36, 41): 10
(41, 2): 8
(41, 36): 10
(46, 33): 11
(70, 7): 17
(79, 7): 14
(79, 18): 20
(4, 28): 17
(4, 65): 18
(18, 65): 17
(19, 29): 14
(19, 48): 19
(24, 52): 19
(24, 54): 14
(28, 4): 17
(28, 33): 20
(28, 54): 12
(29, 19): 14
(33, 28): 20
(48, 19): 19
(48, 58): 31
(52, 24): 19
(52, 79): 21
(54, 24): 14
(54, 28): 12
(54, 79): 18
(58, 48): 31
(65, 4): 18
(65, 18): 17
(79, 52): 21
(79, 54): 18
(8, 37): 13
(8, 48): 20
(8, 67): 14
(11, 19): 18
(11, 52): 18
(19, 11): 18
(26, 76): 17
(37, 8): 13
(42, 54): 13
(48, 8): 20
(52, 11): 18
(54, 42): 13
(54, 67): 8
(67, 8): 14
(67, 54): 8
(76, 26): 17
(3, 23): 12
(23, 3): 12
(28, 74): 8
(36, 74): 16
(39, 79): 17
(55, 68): 16
(68, 55): 16
(74, 28): 8
(74, 36): 16
(79, 39): 17
(4, 25): 22
(11, 13): 21
(11, 21): 23
(11, 65): 18
(13, 11): 21
(21, 11): 23
(25, 4): 22
(25, 32): 9
(25, 65): 13
(32, 25): 9
(61, 66): 17
(65, 11): 18
(65, 25): 13
(66, 61): 17
(2, 25): 18
(3, 7): 14
(7, 3): 14
(7, 22): 24
(7, 24): 17
(7, 37): 16
(7, 78): 12
(22, 7): 24
(24, 7): 17
(25, 2): 18
(37, 7): 16
(78, 7): 12
(11, 56): 20
(56, 11): 20
(10, 31): 12
(10, 61): 16
(23, 61): 14
(31, 10): 12
(31, 35): 12
(35, 31): 12
(35, 49): 13
(35, 70): 10
(38, 61): 15
(47, 61): 11
(49, 35): 13
(61, 10): 16
(61, 23): 14
(61, 38): 15
(61, 47): 11
(61, 70): 15
(70, 35): 10
(70, 61): 15
(13, 35): 12
(14, 32): 9
(32, 14): 9
(32, 35): 8
(32, 75): 13
(35, 13): 12
(35, 32): 8
(35, 52): 16
(52, 35): 16
(75, 32): 13
(4, 35): 15
(5, 28): 15
(5, 73): 13
(5, 78): 18
(9, 25): 15
(25, 9): 15
(25, 54): 14
(28, 5): 15
(35, 4): 15
(35, 54): 16
(54, 25): 14
(54, 35): 16
(73, 5): 13
(78, 5): 18
(78, 79): 16
(79, 78): 16
(6, 56): 8
(11, 41): 14
(35, 69): 16
(41, 11): 14
(41, 60): 16
(56, 6): 8
(58, 60): 24
(60, 41): 16
(60, 58): 24
(69, 35): 16
(69, 79): 17
(79, 69): 17
(8, 78): 14
(18, 25): 14
(25, 18): 14
(78, 8): 14
(34, 76): 15
(42, 60): 16
(60, 42): 16
(76, 34): 15
(2, 60): 15
(2, 68): 17
(50, 77): 15
(60, 2): 15
(68, 2): 17
(77, 50): 15
(14, 60): 10
(17, 22): 15
(17, 60): 16
(22, 17): 15
(60, 14): 10
(60, 17): 16
(5, 30): 16
(7, 10): 14
(10, 7): 14
(30, 5): 16
(75, 77): 20
(77, 75): 20
(59, 61): 12
(61, 59): 12
(11, 53): 15
(28, 61): 15
(41, 54): 14
(50, 69): 19
(53, 11): 15
(54, 41): 14
(54, 63): 10
(61, 28): 15
(61, 63): 19
(62, 79): 20
(63, 54): 10
(63, 61): 19
(69, 50): 19
(79, 62): 20
(22, 55): 14
(55, 22): 14
(5, 59): 9
(42, 61): 13
(59, 5): 9
(61, 42): 13
(7, 69): 19
(69, 7): 19
(7, 63): 15
(18, 63): 13
(22, 32): 9
(32, 22): 9
(63, 7): 15
(63, 18): 13
(68, 76): 13
(76, 68): 13
(30, 64): 15
(64, 30): 15
(18, 53): 17
(53, 18): 17
(27, 28): 16
(28, 27): 16
(5, 31): 14
(31, 5): 14
(15, 19): 21
(19, 15): 21
(31, 63): 12
(63, 31): 12
(18, 62): 13
(55, 67): 14
(62, 18): 13
(67, 55): 14
(2, 54): 17
(7, 31): 13
(19, 69): 12
(31, 7): 13
(54, 2): 17
(69, 19): 12
(16, 71): 14
(18, 57): 13
(57, 18): 13
(71, 16): 14
(2, 61): 17
(61, 2): 17
(61, 76): 15
(76, 61): 15
(10, 54): 14
(54, 10): 14
(25, 47): 11
(47, 25): 11
(25, 53): 22
(53, 25): 22
(10, 25): 14
(25, 10): 14
(12, 15): 16
(15, 12): 16
(31, 76): 13
(76, 31): 13
(34, 45): 8
(45, 34): 8
(8, 28): 12
(28, 8): 12
(35, 45): 7
(45, 35): 7
(16, 72): 11
(72, 16): 11
(12, 28): 12
(28, 12): 12
(55, 69): 16
(69, 55): 16
