Overall Mean: 9.51056338028169
10
10
8
11
9
12
8
8
11
8
9
10
9
11
10
12
11
6
9
10
10
8
10
9
12
10
9
8
10
9
8
10
10
9
9
10
11
9
10
11
9
9
9
9
11
11
9
9
11
9
12
9
15
8
9
9
8
9
8
7
12
9
8
9
8
9
8
9
12
8
10
8
11
8
11
9
10
9
9
8
9
13
10
10
13
9
8
11
11
8
9
10
7
8
9
9
8
9
10
8
12
8
9
12
14
9
10
9
8
9
8
9
11
9
11
9
11
9
10
9
8
8
9
7
8
9
10
10
8
8
10
9
10
11
11
12
8
8
9
13
10
9
8
11
8
9
8
6
9
10
10
8
12
9
8
8
9
11
11
9
9
10
9
8
8
9
8
11
9
9
8
10
9
8
8
11
8
10
10
9
11
10
11
10
11
9
11
10
9
9
10
10
9
11
11
8
12
10
9
8
11
10
12
12
10
10
9
12
9
8
8
12
10
9
10
8
8
12
11
10
11
8
7
9
10
9
10
13
13
11
11
10
8
8
8
8
10
9
10
8
9
10
10
8
13
10
11
8
8
9
12
9
11
8
8
10
9
10
11
11
9
9
9
10
8
8
9
11
9
7
10
12
7
9
9
8
11
9
9
9
10
8
11
10
