Overall Mean: 9.570921985815604
8
8
10
11
10
9
13
9
10
8
9
6
10
9
12
8
9
9
10
10
11
7
8
9
10
9
11
10
8
13
8
8
10
12
12
12
11
9
9
9
9
13
10
9
7
10
9
9
9
9
13
8
11
9
9
8
9
11
11
12
11
10
8
10
10
7
10
9
7
12
11
11
9
10
9
13
10
8
9
9
17
8
9
11
11
10
12
8
8
13
8
9
9
10
9
9
9
10
9
11
10
11
9
10
9
8
12
10
10
8
9
9
9
8
8
9
7
12
8
11
9
9
8
7
13
8
8
10
11
9
9
6
8
9
8
9
9
10
9
9
9
10
9
9
9
8
8
10
8
11
9
9
10
10
9
11
8
8
8
9
9
9
11
11
10
10
8
9
8
11
8
9
17
8
7
10
10
11
11
7
8
9
10
10
8
9
8
9
10
11
13
11
8
9
10
9
8
12
9
10
9
8
11
10
9
10
8
10
10
10
11
11
12
9
9
10
8
8
9
8
9
11
9
10
10
9
9
9
11
7
9
9
9
12
9
10
11
11
8
9
9
10
11
13
10
10
10
9
8
10
11
8
11
9
8
8
13
9
9
9
12
8
9
9
12
9
9
8
10
9
11
9
13
10
10
10
8
13
10
12
10
8
