Overall Mean: 0.24904837758577203
0.17647058823529413
0.2222222222222222
0.125
0.16666666666666666
0.17647058823529413
0.23529411764705882
0.35714285714285715
0.4166666666666667
0.36363636363636365
0.2727272727272727
0.5
0.36363636363636365
0.18181818181818182
0.23076923076923078
0.2727272727272727
0.08333333333333333
0.29411764705882354
0.23529411764705882
0.21428571428571427
0.14285714285714285
0.25
0.17647058823529413
0.3125
0.25
0.23076923076923078
0.26666666666666666
0.11764705882352941
0.1875
0.23529411764705882
0.35294117647058826
0.23076923076923078
0.38461538461538464
0.15384615384615385
0.35714285714285715
0.38461538461538464
0.0
0.25
0.35714285714285715
0.08333333333333333
0.058823529411764705
0.35294117647058826
0.13333333333333333
0.25
0.2857142857142857
0.26666666666666666
0.3333333333333333
0.1875
0.125
0.26666666666666666
0.15384615384615385
0.23076923076923078
0.26666666666666666
0.13333333333333333
0.3125
0.29411764705882354
0.1875
0.2222222222222222
0.26666666666666666
0.15384615384615385
0.4
0.4166666666666667
0.18181818181818182
0.4
0.15384615384615385
0.3333333333333333
0.4166666666666667
0.2727272727272727
0.0625
0.25
0.13333333333333333
0.29411764705882354
0.07142857142857142
0.17647058823529413
0.13333333333333333
0.23529411764705882
0.4
0.16666666666666666
0.3333333333333333
0.16666666666666666
0.16666666666666666
0.4
0.3076923076923077
0.3333333333333333
0.125
0.18181818181818182
0.2727272727272727
0.0
0.2
0.35714285714285715
0.0
0.1875
0.23529411764705882
0.23529411764705882
0.2857142857142857
0.17647058823529413
0.1875
0.4375
0.2727272727272727
0.08333333333333333
0.3333333333333333
0.25
0.07692307692307693
0.1875
0.23529411764705882
0.5
0.4166666666666667
0.38461538461538464
0.2857142857142857
0.25
0.4166666666666667
0.45454545454545453
0.2222222222222222
0.18181818181818182
0.3125
0.2
0.3076923076923077
0.09090909090909091
0.08333333333333333
0.5384615384615384
0.4444444444444444
0.1
0.35714285714285715
0.6
0.375
0.1111111111111111
0.07692307692307693
0.15384615384615385
0.25
0.1875
0.29411764705882354
0.07142857142857142
0.13333333333333333
0.3125
0.3333333333333333
0.07692307692307693
0.4666666666666667
0.1111111111111111
0.2727272727272727
0.14285714285714285
0.15384615384615385
0.23076923076923078
0.15384615384615385
0.23076923076923078
0.4
0.3333333333333333
0.1
0.25
0.21428571428571427
0.15384615384615385
0.19047619047619047
0.15789473684210525
0.15789473684210525
0.15789473684210525
0.29411764705882354
0.375
0.2
0.3333333333333333
0.2
0.15384615384615385
0.2
0.23529411764705882
0.38461538461538464
0.16666666666666666
0.35714285714285715
0.16666666666666666
0.5
0.2727272727272727
0.18181818181818182
0.18181818181818182
0.21428571428571427
0.5333333333333333
0.6363636363636364
0.1
0.15384615384615385
0.3333333333333333
0.3333333333333333
0.16666666666666666
0.14285714285714285
0.3333333333333333
0.2
0.2
0.3125
0.5
0.1111111111111111
0.0
0.15789473684210525
0.21052631578947367
0.3
0.17647058823529413
0.17647058823529413
0.07142857142857142
0.1875
0.3333333333333333
0.2857142857142857
0.23076923076923078
0.46153846153846156
0.25
0.3
0.3
0.26666666666666666
0.07142857142857142
0.11764705882352941
0.2631578947368421
0.3125
0.26666666666666666
0.26666666666666666
0.2
0.2
0.4117647058823529
0.21428571428571427
0.38461538461538464
0.2
0.2727272727272727
0.14285714285714285
0.16666666666666666
0.0
0.07692307692307693
0.21428571428571427
0.15384615384615385
0.6
0.375
0.3
0.21428571428571427
0.23076923076923078
0.2
0.5
0.2222222222222222
0.2727272727272727
0.18181818181818182
0.2857142857142857
0.35714285714285715
0.07142857142857142
0.2
0.2857142857142857
0.2857142857142857
0.4
0.46153846153846156
0.25
0.21428571428571427
0.07142857142857142
0.3125
0.21428571428571427
0.23076923076923078
0.35714285714285715
0.25
0.09090909090909091
0.38461538461538464
0.46153846153846156
0.36363636363636365
0.0
0.3333333333333333
0.25
0.14285714285714285
0.23529411764705882
0.21428571428571427
0.26666666666666666
0.3076923076923077
0.16666666666666666
0.125
0.23529411764705882
0.125
0.3
0.2222222222222222
0.1875
0.25
0.26666666666666666
0.15384615384615385
0.3333333333333333
0.2
0.2857142857142857
0.0
0.38095238095238093
0.16666666666666666
0.25
0.2222222222222222
0.23529411764705882
0.3125
0.13333333333333333
0.3125
0.38461538461538464
0.3076923076923077
0.36363636363636365
0.2
0.2857142857142857
0.14285714285714285
0.26666666666666666
0.25
0.0625
0.4444444444444444
0.23076923076923078
0.3076923076923077
0.2727272727272727
0.14285714285714285
0.23076923076923078
0.26666666666666666
0.23076923076923078
0.26666666666666666
0.15384615384615385
0.26666666666666666
0.5294117647058824
0.09090909090909091
0.2857142857142857
0.1875
0.2
0.14285714285714285
0.21428571428571427
0.14285714285714285
0.1111111111111111
0.19047619047619047
0.15
0.2
0.1111111111111111
0.15789473684210525
0.29411764705882354
0.5
0.4
0.4166666666666667
0.25
0.2727272727272727
0.2727272727272727
0.2727272727272727
0.26666666666666666
0.26666666666666666
0.23076923076923078
0.13333333333333333
0.3333333333333333
0.2857142857142857
0.21428571428571427
0.23076923076923078
0.4666666666666667
0.3
0.5555555555555556
0.0
0.35714285714285715
0.21428571428571427
0.15384615384615385
0.1875
0.14285714285714285
0.29411764705882354
0.06666666666666667
0.23529411764705882
0.14285714285714285
0.42857142857142855
0.2727272727272727
0.5454545454545454
0.375
0.14285714285714285
0.2222222222222222
0.38461538461538464
0.21428571428571427
0.13333333333333333
0.06666666666666667
0.17647058823529413
0.1875
0.23529411764705882
0.23529411764705882
0.4117647058823529
0.4
0.16666666666666666
0.23076923076923078
0.35714285714285715
0.15384615384615385
0.3125
0.3125
0.26666666666666666
0.14285714285714285
0.3333333333333333
0.18181818181818182
0.4166666666666667
0.2
0.5833333333333334
0.5
0.375
0.36363636363636365
0.4
0.09090909090909091
0.3076923076923077
0.23076923076923078
0.15384615384615385
0.2777777777777778
0.14285714285714285
0.2
0.3333333333333333
0.06666666666666667
0.29411764705882354
0.26666666666666666
0.42857142857142855
0.09090909090909091
0.3333333333333333
0.1875
0.3125
0.06666666666666667
0.0
0.38095238095238093
0.23529411764705882
0.2777777777777778
0.375
0.2857142857142857
0.3076923076923077
0.08333333333333333
0.21428571428571427
0.35714285714285715
0.18181818181818182
0.38461538461538464
0.2
0.2857142857142857
0.38461538461538464
0.36363636363636365
0.5
0.2
0.21428571428571427
0.26666666666666666
0.21428571428571427
0.3125
0.17647058823529413
0.13333333333333333
0.2
0.26666666666666666
0.21428571428571427
0.3125
0.18181818181818182
0.15384615384615385
0.3333333333333333
0.2857142857142857
0.23076923076923078
0.3076923076923077
0.25
0.4375
0.08333333333333333
0.2
0.07142857142857142
0.4117647058823529
0.14285714285714285
0.16666666666666666
0.4666666666666667
0.2
0.16666666666666666
0.14285714285714285
0.25
0.2857142857142857
0.14285714285714285
0.2
0.07142857142857142
0.4375
0.25
0.3076923076923077
0.3333333333333333
0.15384615384615385
0.4666666666666667
0.09090909090909091
0.26666666666666666
0.3333333333333333
0.3125
0.058823529411764705
0.2222222222222222
0.1875
0.21428571428571427
0.3333333333333333
0.3333333333333333
0.2727272727272727
0.35714285714285715
0.3076923076923077
0.23076923076923078
0.375
0.3076923076923077
0.42857142857142855
0.14285714285714285
0.4117647058823529
0.4666666666666667
0.1
0.2857142857142857
0.5
0.1111111111111111
0.36363636363636365
0.4
0.36363636363636365
0.3076923076923077
0.23076923076923078
0.25
0.4166666666666667
0.25
0.1
0.3
0.3
0.125
0.09090909090909091
0.15384615384615385
0.3333333333333333
0.2727272727272727
0.09090909090909091
0.23076923076923078
0.4
0.14285714285714285
0.4
0.16666666666666666
0.21428571428571427
0.23076923076923078
0.3333333333333333
0.2
0.2777777777777778
0.29411764705882354
0.17647058823529413
0.16666666666666666
0.375
0.08333333333333333
0.3333333333333333
0.3076923076923077
0.25
0.3125
0.125
0.3157894736842105
0.3333333333333333
0.14285714285714285
0.1875
0.3125
0.4
0.15384615384615385
0.15384615384615385
0.3157894736842105
0.3125
0.25
0.14285714285714285
0.17647058823529413
0.29411764705882354
0.3125
0.17647058823529413
0.3333333333333333
0.2857142857142857
0.42857142857142855
0.16666666666666666
0.0625
0.23529411764705882
0.23529411764705882
0.06666666666666667
0.2777777777777778
0.14285714285714285
0.15384615384615385
0.13333333333333333
0.25
0.29411764705882354
0.25
0.3125
0.16666666666666666
0.2727272727272727
0.35714285714285715
0.07692307692307693
0.06666666666666667
0.25
0.26666666666666666
0.35294117647058826
0.42857142857142855
0.2727272727272727
0.3
0.3333333333333333
0.0
0.2
0.125
0.11764705882352941
0.2222222222222222
0.2222222222222222
0.1875
0.26666666666666666
0.26666666666666666
0.06666666666666667
0.16666666666666666
0.21052631578947367
0.23529411764705882
0.38461538461538464
0.38461538461538464
0.23076923076923078
0.18181818181818182
0.3076923076923077
0.29411764705882354
0.17647058823529413
0.23529411764705882
0.26666666666666666
0.2857142857142857
0.1875
0.23529411764705882
0.2
0.21428571428571427
0.2777777777777778
0.21428571428571427
0.25
0.1111111111111111
0.3333333333333333
0.35714285714285715
0.18181818181818182
0.36363636363636365
0.4166666666666667
0.1
0.35294117647058826
0.35714285714285715
0.2727272727272727
0.3076923076923077
0.5
0.2
0.25
0.15384615384615385
0.25
0.3125
0.13333333333333333
0.25
0.3125
0.23076923076923078
0.21428571428571427
0.2857142857142857
0.07142857142857142
0.3333333333333333
0.1875
0.11764705882352941
0.1111111111111111
0.19047619047619047
0.25
0.2631578947368421
0.375
0.14285714285714285
0.35294117647058826
0.23529411764705882
0.26666666666666666
0.06666666666666667
0.25
0.29411764705882354
0.1875
0.3333333333333333
0.2
0.4666666666666667
0.42857142857142855
0.38461538461538464
0.09090909090909091
0.25
0.25
0.13333333333333333
0.3125
0.08333333333333333
0.16666666666666666
0.25
0.25
0.3333333333333333
0.3333333333333333
0.2857142857142857
0.2
0.3333333333333333
0.23076923076923078
0.14285714285714285
0.29411764705882354
0.17647058823529413
0.2777777777777778
0.29411764705882354
0.35714285714285715
0.2857142857142857
0.15384615384615385
0.4166666666666667
0.16666666666666666
0.26666666666666666
0.38461538461538464
0.16666666666666666
0.3157894736842105
0.3333333333333333
0.2857142857142857
0.15384615384615385
0.16666666666666666
0.3333333333333333
0.3333333333333333
0.36363636363636365
0.2222222222222222
0.16666666666666666
0.08333333333333333
0.35714285714285715
0.2857142857142857
0.46153846153846156
0.3333333333333333
0.1
0.25
0.35294117647058826
0.16666666666666666
0.23076923076923078
0.21428571428571427
0.29411764705882354
0.21428571428571427
0.14285714285714285
0.125
0.2222222222222222
0.05555555555555555
0.25
0.23529411764705882
0.23529411764705882
0.16666666666666666
0.29411764705882354
0.2857142857142857
0.07692307692307693
0.38461538461538464
0.25
0.3076923076923077
0.36363636363636365
0.3333333333333333
0.4166666666666667
0.5454545454545454
0.09090909090909091
0.5
0.375
0.2222222222222222
0.08333333333333333
0.14285714285714285
0.1111111111111111
0.4444444444444444
0.07692307692307693
0.23076923076923078
0.15384615384615385
0.2857142857142857
0.17647058823529413
0.23529411764705882
0.2
0.25
0.15384615384615385
0.1875
0.125
0.42105263157894735
0.07692307692307693
0.125
0.3333333333333333
0.35294117647058826
0.125
0.0
0.25
0.21052631578947367
0.23529411764705882
0.375
0.5
0.18181818181818182
0.3
0.2857142857142857
0.23076923076923078
0.21428571428571427
0.3125
0.2631578947368421
0.06666666666666667
0.23529411764705882
0.25
0.1875
0.15789473684210525
0.2857142857142857
0.3125
0.3333333333333333
0.08333333333333333
0.4166666666666667
0.18181818181818182
0.4166666666666667
0.23076923076923078
0.07142857142857142
0.2
0.125
0.375
0.23529411764705882
0.3125
0.25
0.35714285714285715
0.08333333333333333
0.13333333333333333
0.0625
0.1111111111111111
0.10526315789473684
0.3
0.3125
0.0625
0.16666666666666666
0.42105263157894735
0.23076923076923078
0.47058823529411764
0.3076923076923077
0.16666666666666666
0.3333333333333333
0.3333333333333333
0.4666666666666667
0.16666666666666666
0.25
0.21428571428571427
0.23076923076923078
0.2857142857142857
0.14285714285714285
0.3333333333333333
0.4444444444444444
0.4
0.36363636363636365
0.14285714285714285
0.16666666666666666
0.2777777777777778
0.2857142857142857
0.4
0.25
0.3333333333333333
0.4
0.38461538461538464
0.4
0.07142857142857142
0.35294117647058826
0.36363636363636365
0.5
0.3333333333333333
0.125
0.2
0.26666666666666666
0.25
0.058823529411764705
0.15789473684210525
0.3
0.1875
0.1111111111111111
0.23809523809523808
0.23529411764705882
0.14285714285714285
0.35714285714285715
0.46153846153846156
0.4166666666666667
0.18181818181818182
0.3333333333333333
0.16666666666666666
0.2
0.2
0.2
0.26666666666666666
0.13333333333333333
0.25
0.07692307692307693
0.16666666666666666
0.3333333333333333
0.21428571428571427
0.4166666666666667
0.2222222222222222
0.1
0.3333333333333333
0.2777777777777778
0.11764705882352941
0.2631578947368421
0.23529411764705882
0.4444444444444444
0.45454545454545453
0.25
0.0
0.23076923076923078
0.23076923076923078
0.2
0.42857142857142855
0.36363636363636365
0.08333333333333333
0.25
0.0
0.16666666666666666
0.42105263157894735
0.38461538461538464
0.23076923076923078
0.16666666666666666
0.14285714285714285
0.3333333333333333
0.1875
0.3333333333333333
0.23076923076923078
0.23076923076923078
0.21428571428571427
0.2
0.26666666666666666
0.21428571428571427
0.1111111111111111
0.2222222222222222
0.14285714285714285
0.0625
0.2777777777777778
0.1111111111111111
0.2222222222222222
0.26666666666666666
0.3333333333333333
0.36363636363636365
0.3
0.2222222222222222
0.16666666666666666
0.45454545454545453
0.09090909090909091
0.35714285714285715
0.46153846153846156
0.3
0.375
0.2222222222222222
0.07692307692307693
0.35714285714285715
0.2857142857142857
0.26666666666666666
0.35714285714285715
0.23076923076923078
0.26666666666666666
0.23076923076923078
0.21428571428571427
0.3333333333333333
0.25
0.3333333333333333
0.08333333333333333
0.21052631578947367
0.2631578947368421
0.23529411764705882
0.14285714285714285
0.3333333333333333
0.4117647058823529
0.15384615384615385
0.15384615384615385
0.5833333333333334
0.0
0.18181818181818182
0.21428571428571427
0.23076923076923078
0.05555555555555555
0.2608695652173913
0.10526315789473684
0.15789473684210525
0.3684210526315789
0.3333333333333333
0.16666666666666666
0.1875
0.13333333333333333
0.1875
0.15789473684210525
0.3157894736842105
0.2
0.3076923076923077
0.36363636363636365
0.2727272727272727
0.14285714285714285
0.3125
0.3333333333333333
0.16666666666666666
0.21428571428571427
0.1875
0.17647058823529413
0.15789473684210525
0.2777777777777778
0.1875
0.125
0.058823529411764705
0.3333333333333333
0.3333333333333333
0.4
0.1
0.25
0.3333333333333333
0.46153846153846156
0.1
0.3076923076923077
0.38461538461538464
0.18181818181818182
0.2857142857142857
0.3333333333333333
0.06666666666666667
0.4444444444444444
0.2727272727272727
0.5833333333333334
0.1
0.2857142857142857
0.21428571428571427
0.5
0.2222222222222222
0.15384615384615385
0.11764705882352941
0.21052631578947367
0.2631578947368421
0.13333333333333333
0.29411764705882354
0.0625
0.125
0.06666666666666667
0.125
0.3157894736842105
0.125
0.2222222222222222
0.2631578947368421
0.23529411764705882
0.4375
0.07692307692307693
0.5384615384615384
0.3333333333333333
0.2857142857142857
0.5
0.3333333333333333
0.23076923076923078
0.0
0.1111111111111111
0.3157894736842105
0.3125
0.1875
0.375
0.3076923076923077
0.0
0.3333333333333333
0.21428571428571427
0.2222222222222222
0.23529411764705882
0.11764705882352941
0.2222222222222222
0.2631578947368421
0.25
0.4117647058823529
0.25
0.3333333333333333
0.0
0.25
0.3076923076923077
0.2727272727272727
0.15384615384615385
0.23529411764705882
0.2777777777777778
0.25
0.21428571428571427
0.38461538461538464
0.36363636363636365
0.38461538461538464
0.16666666666666666
0.21428571428571427
0.4
0.21428571428571427
0.42857142857142855
0.15384615384615385
0.14285714285714285
0.25
0.25
0.17647058823529413
0.2631578947368421
0.2
0.13333333333333333
0.47058823529411764
0.4
0.2222222222222222
0.09090909090909091
0.3076923076923077
0.13333333333333333
0.4
0.36363636363636365
0.2
0.21428571428571427
0.3125
0.3125
0.3076923076923077
0.4166666666666667
0.3
0.4
0.2222222222222222
0.15384615384615385
0.07142857142857142
0.23529411764705882
0.13333333333333333
0.125
0.35294117647058826
0.125
0.4444444444444444
0.23076923076923078
0.3125
0.23076923076923078
0.18181818181818182
0.14285714285714285
0.1875
0.35294117647058826
0.4
0.3333333333333333
0.21428571428571427
0.2857142857142857
0.07692307692307693
0.13333333333333333
0.42105263157894735
0.38461538461538464
0.13333333333333333
0.1875
0.25
0.25
0.26666666666666666
0.125
0.29411764705882354
0.3333333333333333
0.2857142857142857
0.35714285714285715
0.46153846153846156
0.25
0.14285714285714285
0.3333333333333333
0.3333333333333333
0.0
0.17647058823529413
0.3
0.3125
0.3076923076923077
0.25
0.23076923076923078
0.125
0.2222222222222222
0.35294117647058826
0.23529411764705882
0.21428571428571427
0.25
0.1
0.4
0.3076923076923077
0.4166666666666667
0.18181818181818182
0.16666666666666666
0.14285714285714285
0.1875
0.07142857142857142
0.375
0.1875
0.3333333333333333
0.2
0.2857142857142857
0.38461538461538464
0.3333333333333333
0.4166666666666667
0.38461538461538464
0.18181818181818182
0.16666666666666666
0.23076923076923078
0.21428571428571427
0.3888888888888889
0.23529411764705882
0.1875
0.4375
0.25
0.15384615384615385
0.125
0.17647058823529413
0.29411764705882354
0.2857142857142857
0.5384615384615384
0.36363636363636365
0.3333333333333333
0.2
0.36363636363636365
0.5833333333333334
0.1111111111111111
0.18181818181818182
0.2
0.4
0.375
0.2727272727272727
0.2727272727272727
0.15384615384615385
0.26666666666666666
0.21428571428571427
0.26666666666666666
0.26666666666666666
0.14285714285714285
0.21428571428571427
0.0
0.21052631578947367
0.125
0.2857142857142857
0.4117647058823529
0.5
0.4
0.09090909090909091
0.23076923076923078
0.0
0.26666666666666666
0.2727272727272727
0.16666666666666666
0.23076923076923078
0.3125
0.3076923076923077
0.2727272727272727
0.36363636363636365
0.2727272727272727
0.36363636363636365
0.09090909090909091
0.35714285714285715
0.1875
0.06666666666666667
0.16666666666666666
0.2777777777777778
0.25
0.21428571428571427
0.14285714285714285
0.06666666666666667
0.2
0.3157894736842105
0.3333333333333333
0.35714285714285715
0.1
0.23076923076923078
0.125
0.25
0.26666666666666666
0.125
0.25
0.4
0.36363636363636365
0.4
0.1
0.1875
0.25
0.36363636363636365
0.17647058823529413
0.1875
0.35714285714285715
0.1875
0.21428571428571427
0.25
0.14285714285714285
0.23076923076923078
0.23076923076923078
0.21428571428571427
0.2
0.2
0.23529411764705882
0.42857142857142855
0.18181818181818182
0.3333333333333333
0.38461538461538464
0.3076923076923077
0.4166666666666667
0.18181818181818182
0.36363636363636365
0.1
0.25
0.2
0.2222222222222222
0.2857142857142857
0.16666666666666666
0.5
0.15384615384615385
0.15384615384615385
0.23529411764705882
0.375
0.4666666666666667
0.36363636363636365
0.2
0.15384615384615385
0.17647058823529413
0.17647058823529413
0.35294117647058826
0.25
0.35294117647058826
0.16666666666666666
0.26666666666666666
0.29411764705882354
0.35714285714285715
0.5
0.38461538461538464
0.4166666666666667
0.3
0.25
0.3333333333333333
0.3
0.25
0.4666666666666667
0.35714285714285715
0.45454545454545453
0.3
0.46153846153846156
0.21428571428571427
0.0625
0.23529411764705882
0.4
0.3333333333333333
0.16666666666666666
0.3
0.2727272727272727
0.35714285714285715
0.35294117647058826
0.23529411764705882
0.2
0.4117647058823529
0.23076923076923078
0.3333333333333333
0.4166666666666667
0.18181818181818182
0.2727272727272727
0.16666666666666666
0.42857142857142855
0.18181818181818182
0.08333333333333333
0.17647058823529413
0.2631578947368421
0.2222222222222222
0.1111111111111111
0.2857142857142857
0.2777777777777778
0.21428571428571427
0.2
0.3333333333333333
0.25
0.2
0.21428571428571427
0.125
0.3125
0.16666666666666666
0.46153846153846156
0.0
0.3333333333333333
0.3
0.25
0.3125
0.35294117647058826
0.25
0.4
0.36363636363636365
0.375
0.1111111111111111
0.25
0.42857142857142855
0.4166666666666667
0.3333333333333333
0.36363636363636365
0.2222222222222222
0.3333333333333333
0.2727272727272727
0.2
0.25
0.2857142857142857
0.18181818181818182
0.4117647058823529
0.4666666666666667
0.45454545454545453
0.2222222222222222
0.18181818181818182
0.21428571428571427
0.14285714285714285
0.2
0.2857142857142857
0.2222222222222222
0.17647058823529413
0.23529411764705882
0.14285714285714285
0.21428571428571427
0.42857142857142855
0.25
0.2
0.13333333333333333
0.17647058823529413
0.3888888888888889
0.38461538461538464
0.1
0.18181818181818182
0.3076923076923077
0.23076923076923078
0.4166666666666667
0.4166666666666667
0.4
0.38461538461538464
0.38461538461538464
0.3333333333333333
0.3333333333333333
0.21428571428571427
0.16666666666666666
0.3125
0.2857142857142857
0.3076923076923077
0.23076923076923078
0.125
0.16666666666666666
0.2777777777777778
0.0625
0.2631578947368421
0.21052631578947367
0.2631578947368421
0.4375
0.36363636363636365
0.18181818181818182
0.09090909090909091
0.23076923076923078
0.08333333333333333
0.16666666666666666
0.17647058823529413
0.13333333333333333
0.2222222222222222
0.17647058823529413
0.16666666666666666
0.11764705882352941
0.29411764705882354
0.42857142857142855
0.2
0.2727272727272727
0.3333333333333333
0.3333333333333333
0.3076923076923077
0.14285714285714285
0.26666666666666666
0.23076923076923078
0.2727272727272727
0.2
0.3157894736842105
0.35714285714285715
0.2
0.2857142857142857
0.14285714285714285
0.23529411764705882
0.17647058823529413
0.5294117647058824
0.18181818181818182
0.23076923076923078
0.36363636363636365
0.4
0.3
0.375
0.25
0.6666666666666666
0.25
0.2727272727272727
0.2857142857142857
0.3076923076923077
0.3076923076923077
0.09090909090909091
0.14285714285714285
0.5
0.2727272727272727
0.25
0.13333333333333333
0.4375
0.06666666666666667
0.26666666666666666
0.5
0.4166666666666667
0.0
0.17647058823529413
0.42105263157894735
0.23076923076923078
0.26666666666666666
0.5
0.15384615384615385
0.3076923076923077
0.21428571428571427
0.35714285714285715
0.2
0.25
0.14285714285714285
0.4
0.16666666666666666
0.3
0.125
0.3333333333333333
0.16666666666666666
0.2
0.1875
0.3125
0.2857142857142857
0.26666666666666666
0.3333333333333333
0.23076923076923078
0.25
0.21428571428571427
0.35714285714285715
0.4166666666666667
0.1111111111111111
0.36363636363636365
0.2727272727272727
0.15384615384615385
0.38461538461538464
0.23076923076923078
0.21428571428571427
0.26666666666666666
0.16666666666666666
0.16666666666666666
0.06666666666666667
0.3888888888888889
0.2
0.0625
0.21052631578947367
0.25
0.17647058823529413
0.29411764705882354
0.35714285714285715
0.2222222222222222
0.17647058823529413
0.375
0.25
0.15384615384615385
0.14285714285714285
0.26666666666666666
0.0
0.21052631578947367
0.17647058823529413
0.2222222222222222
0.2631578947368421
0.11764705882352941
0.3333333333333333
0.13333333333333333
0.14285714285714285
0.11764705882352941
0.2222222222222222
0.16666666666666666
0.42105263157894735
0.2
0.3333333333333333
0.18181818181818182
0.35714285714285715
0.14285714285714285
0.14285714285714285
0.26666666666666666
0.23076923076923078
0.18181818181818182
0.26666666666666666
0.0
0.2222222222222222
0.23529411764705882
0.4
0.23076923076923078
0.36363636363636365
0.07692307692307693
0.11764705882352941
0.15789473684210525
0.3333333333333333
0.17647058823529413
0.1875
0.4
0.2
0.45454545454545453
0.3
0.16666666666666666
0.42857142857142855
0.3
0.3333333333333333
0.1111111111111111
0.3333333333333333
0.1
0.13333333333333333
0.2222222222222222
0.2
0.3333333333333333
0.47058823529411764
0.15384615384615385
0.14285714285714285
0.35714285714285715
0.3333333333333333
0.21428571428571427
0.3333333333333333
0.14285714285714285
0.1875
0.15789473684210525
0.15
0.4
0.15384615384615385
0.25
0.1875
0.2777777777777778
0.3333333333333333
0.2857142857142857
0.2
0.26666666666666666
0.125
0.3125
0.16666666666666666
0.16666666666666666
0.4166666666666667
0.3333333333333333
0.2727272727272727
0.2
0.08333333333333333
0.375
0.2
0.21052631578947367
0.0625
0.4117647058823529
0.3125
0.14285714285714285
0.13333333333333333
0.25
0.25
0.2777777777777778
0.13333333333333333
0.2857142857142857
0.25
0.23076923076923078
0.42857142857142855
0.3
0.2857142857142857
0.18181818181818182
0.1
0.09090909090909091
0.23076923076923078
0.1875
0.4666666666666667
0.16666666666666666
0.18181818181818182
0.15384615384615385
0.23076923076923078
0.5
0.2727272727272727
0.16666666666666666
0.23076923076923078
0.38461538461538464
0.3333333333333333
0.2857142857142857
0.2857142857142857
0.3076923076923077
0.13333333333333333
0.25
0.3125
0.14285714285714285
0.07142857142857142
0.3888888888888889
0.21428571428571427
0.0
0.2
0.2222222222222222
0.29411764705882354
0.25
0.15384615384615385
0.13333333333333333
0.4117647058823529
0.15384615384615385
0.2
0.23076923076923078
0.21428571428571427
0.21428571428571427
0.21428571428571427
0.3076923076923077
0.35714285714285715
0.25
0.23076923076923078
0.23529411764705882
0.06666666666666667
0.3333333333333333
0.14285714285714285
0.3076923076923077
0.23076923076923078
0.09090909090909091
0.09090909090909091
0.13333333333333333
0.21052631578947367
0.29411764705882354
0.25
0.2857142857142857
0.2857142857142857
0.26666666666666666
0.14285714285714285
0.15384615384615385
0.3125
0.2857142857142857
0.08333333333333333
0.2
0.2857142857142857
0.14285714285714285
0.21428571428571427
0.35294117647058826
0.25
0.15384615384615385
0.25
0.2777777777777778
0.14285714285714285
0.125
0.2
0.23076923076923078
0.3076923076923077
0.3333333333333333
0.25
0.38461538461538464
0.36363636363636365
0.25
0.36363636363636365
0.2
0.16666666666666666
0.23529411764705882
0.4375
0.16666666666666666
0.36363636363636365
0.1
0.2
0.2727272727272727
0.3076923076923077
0.09090909090909091
0.15384615384615385
0.4
0.3333333333333333
0.23076923076923078
0.25
0.3076923076923077
0.25
0.1
0.26666666666666666
0.21428571428571427
0.25
0.2
0.26666666666666666
0.4166666666666667
0.18181818181818182
0.08333333333333333
0.29411764705882354
0.14285714285714285
0.35714285714285715
0.16666666666666666
0.15384615384615385
0.14285714285714285
0.375
0.4
0.15384615384615385
0.3125
0.3333333333333333
0.46153846153846156
0.23076923076923078
0.3076923076923077
0.18181818181818182
0.42857142857142855
0.2857142857142857
0.25
0.25
0.3333333333333333
0.3076923076923077
0.38461538461538464
0.23076923076923078
0.11764705882352941
0.05263157894736842
0.2
0.3333333333333333
0.125
0.17647058823529413
0.11764705882352941
0.23529411764705882
0.2777777777777778
0.35714285714285715
0.25
0.0
0.42857142857142855
0.16666666666666666
0.25
0.3076923076923077
0.2727272727272727
0.16666666666666666
0.14285714285714285
0.25
0.07142857142857142
0.15
0.16666666666666666
0.1111111111111111
0.19047619047619047
0.5
0.23076923076923078
0.3076923076923077
0.0
0.14285714285714285
0.2
0.15384615384615385
0.38461538461538464
0.3125
0.42857142857142855
0.5
0.2727272727272727
0.16666666666666666
0.36363636363636365
0.25
0.13333333333333333
0.058823529411764705
0.2222222222222222
0.3157894736842105
0.17647058823529413
0.16666666666666666
0.2222222222222222
0.1875
0.1111111111111111
0.35294117647058826
0.21428571428571427
0.5714285714285714
0.45454545454545453
0.1
0.0
0.1875
0.29411764705882354
0.06666666666666667
0.1875
0.2
0.06666666666666667
0.3125
0.2222222222222222
0.3125
0.23076923076923078
0.23076923076923078
0.14285714285714285
0.26666666666666666
0.25
0.3125
0.3076923076923077
0.45454545454545453
0.3333333333333333
0.375
0.1111111111111111
0.07142857142857142
0.25
0.1875
0.125
0.29411764705882354
0.11764705882352941
0.1875
0.23529411764705882
0.3125
0.2857142857142857
0.06666666666666667
0.17647058823529413
0.1875
0.2777777777777778
0.26666666666666666
0.15384615384615385
0.25
0.5
0.16666666666666666
0.13333333333333333
0.17647058823529413
0.1111111111111111
0.3888888888888889
0.11764705882352941
0.47058823529411764
0.09090909090909091
0.23076923076923078
0.23076923076923078
0.2857142857142857
0.23076923076923078
0.16666666666666666
0.35714285714285715
0.23076923076923078
0.35714285714285715
0.21428571428571427
0.15384615384615385
0.26666666666666666
0.23076923076923078
0.0
0.0
0.14285714285714285
0.19047619047619047
0.23529411764705882
0.29411764705882354
0.3333333333333333
0.25
0.21428571428571427
0.38461538461538464
0.3
0.18181818181818182
0.15384615384615385
0.35714285714285715
0.16666666666666666
0.4166666666666667
0.21428571428571427
0.3333333333333333
0.35714285714285715
0.3076923076923077
0.38461538461538464
0.45454545454545453
0.46153846153846156
0.4444444444444444
0.1
0.25
0.16666666666666666
0.26666666666666666
0.058823529411764705
0.2222222222222222
0.16666666666666666
0.25
0.38461538461538464
0.09090909090909091
0.2857142857142857
0.14285714285714285
0.23529411764705882
0.23529411764705882
0.25
0.06666666666666667
0.35714285714285715
0.23076923076923078
0.14285714285714285
0.1875
0.25
0.11764705882352941
0.17647058823529413
0.35294117647058826
0.35714285714285715
0.15384615384615385
0.21428571428571427
0.14285714285714285
0.2857142857142857
0.0
0.2222222222222222
0.17647058823529413
0.17647058823529413
0.3333333333333333
0.3333333333333333
0.25
0.2
0.17647058823529413
0.1875
0.2222222222222222
0.2
0.25
0.23076923076923078
0.2
0.07692307692307693
0.14285714285714285
0.2857142857142857
0.3076923076923077
0.25
0.21428571428571427
0.35294117647058826
0.3125
0.45454545454545453
0.3076923076923077
0.45454545454545453
0.36363636363636365
0.3333333333333333
0.42857142857142855
0.3076923076923077
0.3076923076923077
0.14285714285714285
0.29411764705882354
0.4375
0.4166666666666667
0.25
0.3076923076923077
0.2
0.2727272727272727
0.2727272727272727
0.21428571428571427
0.23076923076923078
0.26666666666666666
0.3125
0.25
0.15384615384615385
0.47058823529411764
0.4166666666666667
0.3333333333333333
0.18181818181818182
0.4166666666666667
0.0
0.25
0.2857142857142857
0.23076923076923078
0.38461538461538464
0.25
0.07142857142857142
0.26666666666666666
0.25
0.0
0.16666666666666666
0.3125
0.2857142857142857
0.3333333333333333
0.1875
0.3076923076923077
0.2857142857142857
0.25
0.4375
0.16666666666666666
0.23076923076923078
0.23076923076923078
0.09090909090909091
0.2
0.4117647058823529
0.3
0.3
0.16666666666666666
0.13333333333333333
0.46153846153846156
0.36363636363636365
0.09090909090909091
0.23076923076923078
0.15384615384615385
0.2857142857142857
0.07142857142857142
0.17647058823529413
0.2777777777777778
0.2857142857142857
0.35714285714285715
0.16666666666666666
0.25
0.42857142857142855
0.4
0.2727272727272727
0.07692307692307693
0.2857142857142857
0.35714285714285715
0.21428571428571427
0.4
0.16666666666666666
0.26666666666666666
0.08333333333333333
0.26666666666666666
0.2857142857142857
0.3125
0.07692307692307693
0.2222222222222222
0.25
0.25
0.2
0.26666666666666666
0.17647058823529413
0.35
0.375
0.38461538461538464
0.4
0.4166666666666667
0.16666666666666666
0.0
0.2
0.14285714285714285
0.26666666666666666
0.3333333333333333
0.2857142857142857
0.26666666666666666
0.35714285714285715
0.2727272727272727
0.25
0.07692307692307693
0.17647058823529413
0.25
0.23529411764705882
0.17647058823529413
0.11764705882352941
0.16666666666666666
0.23809523809523808
0.2777777777777778
0.17647058823529413
0.2777777777777778
0.29411764705882354
0.1875
0.26666666666666666
0.2777777777777778
0.1875
0.1875
0.058823529411764705
0.25
0.2631578947368421
0.3125
0.2857142857142857
0.15384615384615385
0.23076923076923078
0.42857142857142855
0.16666666666666666
0.23076923076923078
0.4166666666666667
0.4166666666666667
0.2727272727272727
0.2222222222222222
0.1111111111111111
0.23076923076923078
0.26666666666666666
0.25
0.25
0.21428571428571427
0.26666666666666666
0.15384615384615385
0.11764705882352941
0.4375
0.3076923076923077
0.21428571428571427
0.13333333333333333
0.2857142857142857
0.2857142857142857
0.14285714285714285
0.0
0.3
0.3333333333333333
0.2857142857142857
0.3076923076923077
0.13333333333333333
0.3125
0.38461538461538464
0.18181818181818182
0.23076923076923078
0.26666666666666666
0.18181818181818182
0.08333333333333333
0.26666666666666666
0.11764705882352941
0.3125
0.21428571428571427
0.14285714285714285
0.14285714285714285
0.3333333333333333
0.07142857142857142
0.23529411764705882
0.21428571428571427
0.4
0.4
0.08333333333333333
0.25
0.0625
0.21052631578947367
0.375
0.23529411764705882
0.17647058823529413
0.25
0.16666666666666666
0.3157894736842105
0.1875
0.3125
0.07692307692307693
0.4
0.2
0.35714285714285715
0.14285714285714285
0.29411764705882354
0.1875
0.3333333333333333
0.21428571428571427
0.2
0.4666666666666667
0.18181818181818182
0.07692307692307693
0.3125
0.26666666666666666
0.35714285714285715
0.25
0.13333333333333333
0.4375
0.15384615384615385
0.2
0.13333333333333333
0.13333333333333333
0.13333333333333333
0.125
0.375
0.3333333333333333
0.07692307692307693
0.375
0.25
0.15384615384615385
0.23529411764705882
0.35
0.29411764705882354
0.26666666666666666
0.15384615384615385
0.38461538461538464
0.3333333333333333
0.4166666666666667
0.5
0.3333333333333333
0.2
0.09090909090909091
0.07692307692307693
0.25
0.15384615384615385
0.11764705882352941
0.2631578947368421
0.2857142857142857
0.17647058823529413
0.29411764705882354
0.375
0.16666666666666666
0.25
0.26666666666666666
0.3333333333333333
0.09090909090909091
0.3125
0.14285714285714285
0.3125
0.25
0.47058823529411764
0.09090909090909091
0.2
0.35714285714285715
0.25
0.13333333333333333
0.29411764705882354
0.15384615384615385
0.3333333333333333
0.2857142857142857
0.35714285714285715
0.38461538461538464
0.2727272727272727
0.5384615384615384
0.2222222222222222
0.0
0.38461538461538464
0.2
0.35714285714285715
0.16666666666666666
0.25
0.2857142857142857
0.3333333333333333
0.18181818181818182
0.21428571428571427
0.2857142857142857
0.2857142857142857
0.2
0.1111111111111111
0.2857142857142857
0.3888888888888889
0.25
0.4166666666666667
0.2
0.26666666666666666
0.5384615384615384
0.23076923076923078
0.0
0.25
0.125
0.16666666666666666
0.3333333333333333
0.14285714285714285
0.17647058823529413
0.2631578947368421
0.11764705882352941
0.2222222222222222
0.16666666666666666
0.4117647058823529
0.36363636363636365
0.15384615384615385
0.21428571428571427
0.26666666666666666
0.35714285714285715
0.07142857142857142
0.07142857142857142
0.5
0.25
0.3333333333333333
0.42857142857142855
0.3076923076923077
0.3076923076923077
0.21428571428571427
0.25
0.23076923076923078
0.3076923076923077
0.5
0.3076923076923077
0.2
0.16666666666666666
0.09090909090909091
0.15384615384615385
0.2
0.23529411764705882
0.2
0.26666666666666666
0.23529411764705882
0.2857142857142857
0.38461538461538464
0.16666666666666666
0.25
0.3333333333333333
0.2727272727272727
0.2222222222222222
0.1
0.16666666666666666
0.2857142857142857
0.14285714285714285
0.16666666666666666
0.18181818181818182
0.3684210526315789
0.25
0.06666666666666667
0.3333333333333333
0.14285714285714285
0.26666666666666666
0.25
0.2222222222222222
0.17647058823529413
0.29411764705882354
0.125
0.17647058823529413
0.47058823529411764
0.1
0.23076923076923078
0.16666666666666666
0.2631578947368421
0.2222222222222222
0.4666666666666667
0.25
0.3333333333333333
0.08333333333333333
0.14285714285714285
0.23529411764705882
0.26666666666666666
0.25
0.2857142857142857
0.2857142857142857
0.35714285714285715
0.3333333333333333
0.16666666666666666
0.35714285714285715
0.23076923076923078
0.21428571428571427
0.3076923076923077
0.2727272727272727
0.16666666666666666
0.3076923076923077
0.38461538461538464
0.3333333333333333
0.08333333333333333
0.2222222222222222
0.3125
0.2
0.35714285714285715
0.08333333333333333
0.2
0.26666666666666666
0.2857142857142857
0.16666666666666666
0.13333333333333333
0.3333333333333333
0.375
0.1875
0.375
0.07142857142857142
0.06666666666666667
0.26666666666666666
0.16666666666666666
0.3076923076923077
0.2
0.15384615384615385
0.3333333333333333
0.07692307692307693
0.13333333333333333
0.2631578947368421
0.3125
0.42857142857142855
0.1
0.25
0.0
0.2222222222222222
0.3125
0.3076923076923077
0.5
0.1
0.25
0.36363636363636365
0.16666666666666666
0.3333333333333333
0.38461538461538464
0.2727272727272727
0.2727272727272727
0.3333333333333333
0.18181818181818182
0.18181818181818182
0.16666666666666666
0.2727272727272727
0.18181818181818182
0.13333333333333333
0.42857142857142855
0.46153846153846156
0.3
0.375
0.25
0.2222222222222222
0.23076923076923078
0.25
0.3333333333333333
0.25
0.11764705882352941
0.17647058823529413
0.23529411764705882
0.125
0.29411764705882354
0.25
0.2777777777777778
0.35714285714285715
0.2727272727272727
0.21428571428571427
0.2857142857142857
0.375
0.14285714285714285
0.42857142857142855
0.16666666666666666
0.15384615384615385
0.07142857142857142
0.2222222222222222
0.375
0.3333333333333333
0.23076923076923078
0.2
0.07142857142857142
0.3157894736842105
0.3333333333333333
0.3333333333333333
0.38461538461538464
0.25
0.38461538461538464
0.18181818181818182
0.3333333333333333
0.15384615384615385
0.06666666666666667
0.05555555555555555
0.38095238095238093
0.4666666666666667
0.2727272727272727
0.3076923076923077
0.5714285714285714
0.25
0.3333333333333333
0.18181818181818182
0.08333333333333333
0.07142857142857142
0.25
0.3684210526315789
0.3333333333333333
0.06666666666666667
0.3333333333333333
0.3333333333333333
0.15384615384615385
0.21428571428571427
0.26666666666666666
0.21428571428571427
0.3125
0.42857142857142855
0.4
0.25
0.18181818181818182
0.15384615384615385
0.38461538461538464
0.23076923076923078
0.35714285714285715
0.3076923076923077
0.2727272727272727
0.2222222222222222
0.3076923076923077
0.26666666666666666
0.3076923076923077
0.2857142857142857
0.3333333333333333
0.2727272727272727
0.16666666666666666
0.16666666666666666
0.21428571428571427
0.375
0.16666666666666666
0.4
0.08333333333333333
0.2857142857142857
0.23076923076923078
0.06666666666666667
0.3333333333333333
0.3076923076923077
0.5
0.18181818181818182
0.15384615384615385
0.38461538461538464
0.15384615384615385
0.35294117647058826
0.2857142857142857
0.35714285714285715
0.25
0.3076923076923077
0.09090909090909091
0.25
0.07692307692307693
0.35294117647058826
0.25
0.3333333333333333
0.2857142857142857
0.2857142857142857
0.26666666666666666
0.3333333333333333
0.07692307692307693
0.3125
0.1875
0.1111111111111111
0.16666666666666666
0.375
0.0
0.4
0.2857142857142857
0.36363636363636365
0.25
0.5454545454545454
0.0
0.15384615384615385
0.1875
0.35714285714285715
0.23529411764705882
0.3
0.10526315789473684
0.25
0.35294117647058826
0.21428571428571427
0.3125
0.2777777777777778
0.25
0.35714285714285715
0.18181818181818182
0.16666666666666666
0.4
0.25
0.3333333333333333
0.21428571428571427
0.23076923076923078
0.21428571428571427
0.35714285714285715
0.4166666666666667
0.2222222222222222
0.46153846153846156
0.08333333333333333
0.35294117647058826
0.3125
0.125
0.2222222222222222
0.2777777777777778
0.23529411764705882
0.3333333333333333
0.23076923076923078
0.23076923076923078
0.25
0.17647058823529413
0.25
0.35294117647058826
0.13333333333333333
0.2
0.26666666666666666
0.375
0.25
0.07692307692307693
0.125
0.42105263157894735
0.21428571428571427
0.06666666666666667
0.2777777777777778
0.26666666666666666
0.26666666666666666
0.25
0.26666666666666666
0.15384615384615385
0.35714285714285715
0.2
0.07692307692307693
0.3333333333333333
0.2857142857142857
0.21428571428571427
0.35714285714285715
0.07692307692307693
0.4375
0.3333333333333333
0.2
0.16666666666666666
0.2727272727272727
0.3333333333333333
0.3076923076923077
0.15384615384615385
0.35294117647058826
0.2857142857142857
0.07692307692307693
0.25
0.25
0.2857142857142857
0.3076923076923077
0.0
0.3125
0.26666666666666666
0.2777777777777778
0.38461538461538464
0.14285714285714285
0.2
0.2
0.3125
0.21428571428571427
0.3125
0.21428571428571427
0.4375
0.23076923076923078
0.21428571428571427
0.3333333333333333
0.25
0.08333333333333333
0.2
0.3125
0.25
0.3333333333333333
0.3076923076923077
0.6666666666666666
0.2
0.2
0.26666666666666666
0.26666666666666666
0.15384615384615385
0.14285714285714285
0.21428571428571427
0.23076923076923078
0.25
0.3333333333333333
0.23529411764705882
0.1111111111111111
0.23809523809523808
0.19047619047619047
0.3333333333333333
0.07142857142857142
0.35
0.0
0.125
0.17647058823529413
0.26666666666666666
0.3333333333333333
0.375
0.2
0.13333333333333333
0.2631578947368421
0.3333333333333333
0.1875
0.23529411764705882
0.2857142857142857
0.2
0.3076923076923077
0.16666666666666666
0.25
0.3333333333333333
0.375
0.15384615384615385
0.3076923076923077
0.1
0.14285714285714285
0.2857142857142857
0.25
0.45454545454545453
0.2222222222222222
0.18181818181818182
0.15384615384615385
0.35714285714285715
0.4166666666666667
0.2727272727272727
0.2727272727272727
0.09090909090909091
0.1875
0.3125
0.2222222222222222
0.29411764705882354
0.3125
0.0
0.2
0.2777777777777778
0.25
0.21428571428571427
0.3076923076923077
0.23076923076923078
0.2857142857142857
0.26666666666666666
0.21428571428571427
0.2857142857142857
0.26666666666666666
0.375
0.46153846153846156
0.36363636363636365
0.2727272727272727
0.3
0.4
0.23076923076923078
0.2
0.1875
0.4
0.3
0.0
0.23529411764705882
0.21428571428571427
0.0
0.3125
0.4375
0.21428571428571427
0.3125
0.2857142857142857
0.15384615384615385
0.23529411764705882
0.23529411764705882
0.3888888888888889
0.3125
0.15384615384615385
0.08333333333333333
0.25
0.07142857142857142
0.29411764705882354
0.2857142857142857
0.3333333333333333
0.15384615384615385
0.3125
0.25
0.16666666666666666
0.4
0.2727272727272727
0.23076923076923078
0.07692307692307693
0.35294117647058826
0.2857142857142857
0.16666666666666666
0.1875
0.2222222222222222
0.35714285714285715
0.2
0.3125
0.2
0.23529411764705882
0.14285714285714285
0.2
0.38461538461538464
0.25
0.15384615384615385
0.375
0.3333333333333333
0.07142857142857142
0.3333333333333333
0.35714285714285715
0.2727272727272727
0.4
0.4
0.1
0.2
0.5
0.07692307692307693
0.46153846153846156
0.16666666666666666
0.16666666666666666
0.25
0.2
0.4117647058823529
0.375
0.375
0.2
0.2857142857142857
0.16666666666666666
0.3333333333333333
0.21428571428571427
0.23529411764705882
0.4444444444444444
0.0625
0.14285714285714285
0.16666666666666666
0.21052631578947367
0.23529411764705882
0.2857142857142857
0.09090909090909091
0.14285714285714285
0.0625
0.2857142857142857
0.3333333333333333
0.3125
0.25
0.21428571428571427
0.23076923076923078
0.23076923076923078
0.21428571428571427
0.2857142857142857
0.3076923076923077
0.15384615384615385
0.125
0.2
0.125
0.19047619047619047
0.21052631578947367
0.11764705882352941
0.2727272727272727
0.23809523809523808
0.3684210526315789
0.06666666666666667
0.3333333333333333
0.2857142857142857
0.21428571428571427
0.3333333333333333
0.23076923076923078
0.35714285714285715
0.23076923076923078
0.2857142857142857
0.25
0.3333333333333333
0.25
0.5384615384615384
0.36363636363636365
0.36363636363636365
0.23076923076923078
0.26666666666666666
0.2
0.35294117647058826
0.21428571428571427
0.14285714285714285
0.21428571428571427
0.13333333333333333
0.26666666666666666
0.46153846153846156
0.09090909090909091
0.23076923076923078
0.38461538461538464
0.3076923076923077
0.0
0.4375
0.36363636363636365
0.2727272727272727
0.26666666666666666
0.4
0.23076923076923078
0.2857142857142857
0.09090909090909091
0.21428571428571427
0.125
0.23529411764705882
0.5
0.3333333333333333
0.4166666666666667
0.3076923076923077
0.18181818181818182
0.1
0.4
0.3076923076923077
0.3076923076923077
0.18181818181818182
0.3076923076923077
0.3076923076923077
0.15384615384615385
0.14285714285714285
0.3333333333333333
0.13333333333333333
0.2857142857142857
0.1875
0.3333333333333333
0.25
0.26666666666666666
0.15384615384615385
0.1875
0.21428571428571427
0.14285714285714285
0.375
0.23529411764705882
0.375
0.35714285714285715
0.3333333333333333
0.26666666666666666
0.42857142857142855
0.16666666666666666
0.15384615384615385
0.26666666666666666
0.15384615384615385
0.1875
0.3888888888888889
0.42857142857142855
0.25
0.26666666666666666
0.16666666666666666
0.15384615384615385
0.2857142857142857
0.15384615384615385
0.2777777777777778
0.2222222222222222
0.25
0.0
0.29411764705882354
0.5333333333333333
0.4
0.3333333333333333
0.2222222222222222
0.3333333333333333
0.3333333333333333
0.1111111111111111
0.14285714285714285
0.13333333333333333
0.17647058823529413
0.17647058823529413
0.2222222222222222
0.4117647058823529
0.25
0.2
0.13333333333333333
0.125
0.3
0.25
0.21428571428571427
0.1875
0.26666666666666666
0.3333333333333333
0.2727272727272727
0.3076923076923077
0.2857142857142857
0.14285714285714285
0.3076923076923077
0.09090909090909091
0.18181818181818182
0.23076923076923078
0.14285714285714285
0.3125
0.14285714285714285
0.16666666666666666
0.2222222222222222
0.2
0.1111111111111111
0.35294117647058826
0.38461538461538464
0.23076923076923078
0.35714285714285715
0.2727272727272727
0.0
0.23529411764705882
0.26666666666666666
0.0
0.26666666666666666
0.5
0.2857142857142857
0.2
0.375
0.23076923076923078
0.25
0.07692307692307693
0.058823529411764705
0.125
0.25
0.35294117647058826
0.08333333333333333
0.26666666666666666
0.23076923076923078
0.15384615384615385
0.16666666666666666
0.21428571428571427
0.26666666666666666
0.3333333333333333
0.1875
0.25
0.0625
0.35294117647058826
0.15384615384615385
0.0625
0.2631578947368421
0.3333333333333333
0.15384615384615385
0.42857142857142855
0.3076923076923077
0.07142857142857142
0.4
0.07692307692307693
0.23529411764705882
0.16666666666666666
0.2222222222222222
0.25
0.13333333333333333
0.26666666666666666
0.375
0.14285714285714285
0.3333333333333333
0.2
0.06666666666666667
0.3125
0.42857142857142855
0.09090909090909091
0.25
0.23529411764705882
0.13333333333333333
0.375
0.4117647058823529
0.5
0.14285714285714285
0.1
0.13333333333333333
0.125
0.3333333333333333
0.2
0.2
0.3157894736842105
0.13333333333333333
0.2
0.2857142857142857
0.07142857142857142
0.13333333333333333
0.2
0.4
0.2
0.23076923076923078
0.5
0.3
0.3076923076923077
0.29411764705882354
0.1875
0.25
0.25
0.16666666666666666
0.17647058823529413
0.21052631578947367
0.17647058823529413
0.26666666666666666
0.11764705882352941
0.2222222222222222
0.23529411764705882
0.15789473684210525
0.058823529411764705
0.2631578947368421
0.23529411764705882
0.375
0.21428571428571427
0.4
0.16666666666666666
0.125
0.26666666666666666
0.23076923076923078
0.14285714285714285
0.29411764705882354
0.26666666666666666
0.38461538461538464
0.2
0.18181818181818182
0.25
0.0625
0.058823529411764705
0.1875
0.17647058823529413
0.16666666666666666
0.125
0.3888888888888889
0.42857142857142855
0.2727272727272727
0.4444444444444444
0.2222222222222222
0.25
0.2857142857142857
0.3333333333333333
0.25
0.18181818181818182
0.2857142857142857
