Overall Mean: 0.24963263716838338
0.14285714285714285
0.23809523809523808
0.1
0.19047619047619047
0.2608695652173913
0.2631578947368421
0.3333333333333333
0.35294117647058826
0.3888888888888889
0.3333333333333333
0.3888888888888889
0.3125
0.1875
0.3888888888888889
0.29411764705882354
0.15
0.22727272727272727
0.2222222222222222
0.2222222222222222
0.2
0.19047619047619047
0.23809523809523808
0.23809523809523808
0.2777777777777778
0.25
0.22727272727272727
0.15789473684210525
0.22727272727272727
0.22727272727272727
0.35
0.23529411764705882
0.2777777777777778
0.125
0.3157894736842105
0.2777777777777778
0.2
0.3
0.29411764705882354
0.19047619047619047
0.10526315789473684
0.2857142857142857
0.1111111111111111
0.2631578947368421
0.25
0.21052631578947367
0.30434782608695654
0.23809523809523808
0.16666666666666666
0.3157894736842105
0.1875
0.25
0.3181818181818182
0.1111111111111111
0.22727272727272727
0.23809523809523808
0.18181818181818182
0.2857142857142857
0.2777777777777778
0.16666666666666666
0.3684210526315789
0.3125
0.2857142857142857
0.23529411764705882
0.16666666666666666
0.3333333333333333
0.42105263157894735
0.2
0.058823529411764705
0.3181818181818182
0.19047619047619047
0.2631578947368421
0.10526315789473684
0.16666666666666666
0.15
0.25
0.3684210526315789
0.11764705882352941
0.3333333333333333
0.25
0.21052631578947367
0.3157894736842105
0.3076923076923077
0.38461538461538464
0.21428571428571427
0.21428571428571427
0.47368421052631576
0.0625
0.2631578947368421
0.35294117647058826
0.0
0.22727272727272727
0.22727272727272727
0.2631578947368421
0.19047619047619047
0.2727272727272727
0.15789473684210525
0.3888888888888889
0.29411764705882354
0.0625
0.3333333333333333
0.23529411764705882
0.1111111111111111
0.15
0.18181818181818182
0.45454545454545453
0.3157894736842105
0.3
0.29411764705882354
0.25
0.35294117647058826
0.4375
0.21428571428571427
0.1111111111111111
0.25
0.2777777777777778
0.26666666666666666
0.14285714285714285
0.13333333333333333
0.4375
0.375
0.06666666666666667
0.4117647058823529
0.5
0.35714285714285715
0.1875
0.13333333333333333
0.2
0.23809523809523808
0.15
0.3
0.16666666666666666
0.15789473684210525
0.2857142857142857
0.2777777777777778
0.11764705882352941
0.5
0.15384615384615385
0.3333333333333333
0.3157894736842105
0.1875
0.3157894736842105
0.2777777777777778
0.21052631578947367
0.4
0.3333333333333333
0.14285714285714285
0.2222222222222222
0.2777777777777778
0.125
0.24
0.20833333333333334
0.13636363636363635
0.22727272727272727
0.30434782608695654
0.3181818181818182
0.21052631578947367
0.3181818181818182
0.23529411764705882
0.2857142857142857
0.22727272727272727
0.38095238095238093
0.3333333333333333
0.2222222222222222
0.3684210526315789
0.17647058823529413
0.42105263157894735
0.21428571428571427
0.21428571428571427
0.2222222222222222
0.25
0.45
0.4117647058823529
0.13333333333333333
0.2857142857142857
0.3333333333333333
0.3333333333333333
0.17647058823529413
0.16666666666666666
0.25
0.2857142857142857
0.2
0.3333333333333333
0.47058823529411764
0.15789473684210525
0.0
0.17391304347826086
0.16666666666666666
0.2608695652173913
0.19047619047619047
0.2222222222222222
0.1111111111111111
0.28
0.3
0.2777777777777778
0.1875
0.4
0.4117647058823529
0.3333333333333333
0.16666666666666666
0.2222222222222222
0.15
0.13636363636363635
0.2727272727272727
0.2857142857142857
0.21052631578947367
0.25
0.25
0.22727272727272727
0.3333333333333333
0.1875
0.375
0.26666666666666666
0.2631578947368421
0.25
0.2
0.1875
0.2222222222222222
0.35
0.11764705882352941
0.5555555555555556
0.2857142857142857
0.2222222222222222
0.2777777777777778
0.25
0.3
0.4375
0.15384615384615385
0.3125
0.3
0.3
0.2631578947368421
0.11764705882352941
0.2222222222222222
0.2631578947368421
0.25
0.3157894736842105
0.4
0.2631578947368421
0.2222222222222222
0.058823529411764705
0.3333333333333333
0.2777777777777778
0.3
0.3684210526315789
0.26666666666666666
0.13333333333333333
0.35
0.3888888888888889
0.4117647058823529
0.14285714285714285
0.29411764705882354
0.2222222222222222
0.19047619047619047
0.2222222222222222
0.21052631578947367
0.3157894736842105
0.25
0.15789473684210525
0.19047619047619047
0.2
0.09090909090909091
0.28
0.23809523809523808
0.2
0.2857142857142857
0.23529411764705882
0.21052631578947367
0.25
0.17647058823529413
0.2727272727272727
0.045454545454545456
0.3076923076923077
0.16666666666666666
0.25
0.22727272727272727
0.2
0.25
0.2
0.3157894736842105
0.43478260869565216
0.35294117647058826
0.375
0.125
0.2631578947368421
0.16666666666666666
0.2
0.23809523809523808
0.05263157894736842
0.4090909090909091
0.1875
0.3125
0.2222222222222222
0.1875
0.21052631578947367
0.2777777777777778
0.21052631578947367
0.2777777777777778
0.3181818181818182
0.19047619047619047
0.47619047619047616
0.06666666666666667
0.2727272727272727
0.21052631578947367
0.2222222222222222
0.17647058823529413
0.2222222222222222
0.18181818181818182
0.16
0.2
0.16666666666666666
0.21739130434782608
0.09523809523809523
0.22727272727272727
0.3333333333333333
0.4117647058823529
0.29411764705882354
0.29411764705882354
0.3125
0.35294117647058826
0.3125
0.16666666666666666
0.25
0.2777777777777778
0.16666666666666666
0.14285714285714285
0.3
0.3
0.1875
0.25
0.5
0.35714285714285715
0.3333333333333333
0.06666666666666667
0.2631578947368421
0.23529411764705882
0.15789473684210525
0.3
0.15
0.25
0.19047619047619047
0.2631578947368421
0.3
0.35294117647058826
0.21428571428571427
0.5555555555555556
0.4166666666666667
0.4
0.1875
0.2631578947368421
0.21052631578947367
0.11764705882352941
0.15
0.23809523809523808
0.15
0.2608695652173913
0.19047619047619047
0.4444444444444444
0.29411764705882354
0.3157894736842105
0.2222222222222222
0.2777777777777778
0.15789473684210525
0.23809523809523808
0.2857142857142857
0.2631578947368421
0.16666666666666666
0.42105263157894735
0.2
0.375
0.25
0.5555555555555556
0.3333333333333333
0.3125
0.375
0.3125
0.1875
0.2777777777777778
0.23529411764705882
0.1
0.3333333333333333
0.16666666666666666
0.25
0.2857142857142857
0.10526315789473684
0.2857142857142857
0.2222222222222222
0.42105263157894735
0.16666666666666666
0.2727272727272727
0.2
0.2857142857142857
0.1111111111111111
0.045454545454545456
0.32
0.18181818181818182
0.2727272727272727
0.3
0.2777777777777778
0.29411764705882354
0.2222222222222222
0.2631578947368421
0.35294117647058826
0.1875
0.375
0.2222222222222222
0.23529411764705882
0.35294117647058826
0.375
0.375
0.125
0.25
0.2631578947368421
0.2
0.22727272727272727
0.16666666666666666
0.11764705882352941
0.25
0.3
0.15789473684210525
0.3888888888888889
0.23529411764705882
0.16666666666666666
0.3
0.3157894736842105
0.1875
0.25
0.2
0.45454545454545453
0.11764705882352941
0.17647058823529413
0.05555555555555555
0.36363636363636365
0.2
0.11764705882352941
0.4444444444444444
0.14285714285714285
0.2222222222222222
0.2
0.2631578947368421
0.2222222222222222
0.16666666666666666
0.2222222222222222
0.1111111111111111
0.4
0.23529411764705882
0.25
0.3157894736842105
0.16666666666666666
0.42105263157894735
0.11764705882352941
0.2857142857142857
0.23809523809523808
0.22727272727272727
0.1
0.23809523809523808
0.2222222222222222
0.25
0.25
0.35294117647058826
0.2222222222222222
0.38095238095238093
0.23529411764705882
0.15789473684210525
0.3157894736842105
0.3
0.3
0.10526315789473684
0.34782608695652173
0.4117647058823529
0.125
0.3333333333333333
0.4
0.15384615384615385
0.25
0.3888888888888889
0.23529411764705882
0.3157894736842105
0.25
0.29411764705882354
0.29411764705882354
0.2857142857142857
0.2857142857142857
0.2857142857142857
0.38461538461538464
0.21428571428571427
0.23529411764705882
0.25
0.3888888888888889
0.26666666666666666
0.13333333333333333
0.21052631578947367
0.3
0.16666666666666666
0.3333333333333333
0.2222222222222222
0.3157894736842105
0.25
0.25
0.18181818181818182
0.22727272727272727
0.2608695652173913
0.18181818181818182
0.15789473684210525
0.3684210526315789
0.11764705882352941
0.35
0.3333333333333333
0.15789473684210525
0.2727272727272727
0.17391304347826086
0.2857142857142857
0.3
0.1111111111111111
0.2
0.25
0.3157894736842105
0.1875
0.17391304347826086
0.2727272727272727
0.23809523809523808
0.2631578947368421
0.10526315789473684
0.19047619047619047
0.30434782608695654
0.22727272727272727
0.18181818181818182
0.3333333333333333
0.2631578947368421
0.4
0.1111111111111111
0.10526315789473684
0.19047619047619047
0.2857142857142857
0.1
0.2631578947368421
0.23529411764705882
0.21052631578947367
0.13043478260869565
0.2608695652173913
0.23809523809523808
0.23809523809523808
0.42857142857142855
0.21428571428571427
0.2631578947368421
0.3157894736842105
0.11764705882352941
0.047619047619047616
0.2857142857142857
0.2608695652173913
0.36363636363636365
0.3888888888888889
0.23076923076923078
0.25
0.4375
0.11764705882352941
0.15789473684210525
0.10526315789473684
0.14285714285714285
0.21739130434782608
0.2
0.16666666666666666
0.25
0.21052631578947367
0.1
0.13636363636363635
0.19047619047619047
0.23529411764705882
0.3157894736842105
0.35
0.21428571428571427
0.1875
0.2916666666666667
0.22727272727272727
0.19047619047619047
0.25
0.2631578947368421
0.23809523809523808
0.19047619047619047
0.21052631578947367
0.2222222222222222
0.18181818181818182
0.3
0.15789473684210525
0.18181818181818182
0.14285714285714285
0.391304347826087
0.35294117647058826
0.26666666666666666
0.3333333333333333
0.3333333333333333
0.19047619047619047
0.3333333333333333
0.3888888888888889
0.1875
0.4
0.4444444444444444
0.14285714285714285
0.2777777777777778
0.25
0.2
0.3181818181818182
0.2
0.2727272727272727
0.3157894736842105
0.3
0.2222222222222222
0.3
0.05263157894736842
0.30434782608695654
0.15
0.1
0.125
0.16666666666666666
0.20833333333333334
0.23809523809523808
0.3333333333333333
0.10526315789473684
0.2608695652173913
0.25
0.21052631578947367
0.1111111111111111
0.22727272727272727
0.23809523809523808
0.21739130434782608
0.3181818181818182
0.25
0.391304347826087
0.3157894736842105
0.3125
0.23809523809523808
0.2727272727272727
0.21052631578947367
0.23809523809523808
0.3684210526315789
0.14285714285714285
0.15789473684210525
0.23809523809523808
0.21052631578947367
0.2857142857142857
0.2631578947368421
0.21052631578947367
0.25
0.3157894736842105
0.2631578947368421
0.19047619047619047
0.22727272727272727
0.18181818181818182
0.22727272727272727
0.3333333333333333
0.3333333333333333
0.2777777777777778
0.2
0.3333333333333333
0.11764705882352941
0.2777777777777778
0.29411764705882354
0.17391304347826086
0.25
0.3
0.2777777777777778
0.25
0.21052631578947367
0.4
0.35294117647058826
0.4375
0.25
0.2
0.2222222222222222
0.2631578947368421
0.2777777777777778
0.47058823529411764
0.23076923076923078
0.14285714285714285
0.19047619047619047
0.4
0.2777777777777778
0.17647058823529413
0.19047619047619047
0.3333333333333333
0.2631578947368421
0.15789473684210525
0.18181818181818182
0.21739130434782608
0.047619047619047616
0.22727272727272727
0.22727272727272727
0.21739130434782608
0.19047619047619047
0.36363636363636365
0.2777777777777778
0.07142857142857142
0.3333333333333333
0.2777777777777778
0.35294117647058826
0.3333333333333333
0.25
0.35294117647058826
0.3888888888888889
0.2
0.42857142857142855
0.3076923076923077
0.25
0.125
0.1
0.21739130434782608
0.4583333333333333
0.07142857142857142
0.23529411764705882
0.17647058823529413
0.19047619047619047
0.22727272727272727
0.25
0.15789473684210525
0.23529411764705882
0.15789473684210525
0.2
0.13636363636363635
0.38095238095238093
0.15789473684210525
0.14285714285714285
0.2916666666666667
0.30434782608695654
0.15789473684210525
0.047619047619047616
0.20833333333333334
0.2608695652173913
0.23809523809523808
0.3684210526315789
0.3888888888888889
0.23076923076923078
0.17647058823529413
0.2777777777777778
0.17647058823529413
0.15789473684210525
0.20833333333333334
0.2857142857142857
0.05555555555555555
0.2
0.23809523809523808
0.17391304347826086
0.16
0.30434782608695654
0.2857142857142857
0.3333333333333333
0.2
0.3125
0.29411764705882354
0.3157894736842105
0.17647058823529413
0.11764705882352941
0.15789473684210525
0.15789473684210525
0.2608695652173913
0.30434782608695654
0.3333333333333333
0.2222222222222222
0.3333333333333333
0.11764705882352941
0.15789473684210525
0.1
0.13636363636363635
0.16666666666666666
0.2727272727272727
0.23809523809523808
0.1
0.17391304347826086
0.38095238095238093
0.22727272727272727
0.43478260869565216
0.29411764705882354
0.25
0.25
0.25
0.4
0.15789473684210525
0.2631578947368421
0.2777777777777778
0.2222222222222222
0.3
0.2
0.3076923076923077
0.3333333333333333
0.3125
0.2222222222222222
0.18181818181818182
0.18181818181818182
0.3
0.21052631578947367
0.3684210526315789
0.25
0.3333333333333333
0.2777777777777778
0.3333333333333333
0.2631578947368421
0.19047619047619047
0.3888888888888889
0.4117647058823529
0.5714285714285714
0.2
0.23076923076923078
0.11764705882352941
0.23809523809523808
0.2608695652173913
0.05
0.13043478260869565
0.30434782608695654
0.21739130434782608
0.16
0.2916666666666667
0.2631578947368421
0.2222222222222222
0.2777777777777778
0.4
0.35294117647058826
0.2
0.3333333333333333
0.16666666666666666
0.21052631578947367
0.2857142857142857
0.21052631578947367
0.2857142857142857
0.1111111111111111
0.2777777777777778
0.1
0.18181818181818182
0.3333333333333333
0.29411764705882354
0.35714285714285715
0.16666666666666666
0.11764705882352941
0.21739130434782608
0.22727272727272727
0.17391304347826086
0.2608695652173913
0.21739130434782608
0.45
0.4666666666666667
0.23076923076923078
0.0
0.2777777777777778
0.2857142857142857
0.17647058823529413
0.3888888888888889
0.29411764705882354
0.25
0.3157894736842105
0.05263157894736842
0.13636363636363635
0.38095238095238093
0.2777777777777778
0.25
0.125
0.11764705882352941
0.3333333333333333
0.21052631578947367
0.35
0.1875
0.2631578947368421
0.16666666666666666
0.25
0.3
0.18181818181818182
0.25
0.2631578947368421
0.15789473684210525
0.1
0.28
0.1
0.25
0.3333333333333333
0.26666666666666666
0.375
0.3076923076923077
0.2
0.26666666666666666
0.35294117647058826
0.2222222222222222
0.35
0.375
0.42857142857142855
0.3076923076923077
0.23529411764705882
0.17647058823529413
0.3
0.2857142857142857
0.2222222222222222
0.35
0.21052631578947367
0.3157894736842105
0.2222222222222222
0.21052631578947367
0.3333333333333333
0.3333333333333333
0.25
0.13636363636363635
0.17391304347826086
0.22727272727272727
0.2631578947368421
0.18181818181818182
0.2916666666666667
0.38095238095238093
0.2777777777777778
0.2
0.4375
0.21428571428571427
0.125
0.23529411764705882
0.18181818181818182
0.08
0.2692307692307692
0.09523809523809523
0.17391304347826086
0.34782608695652173
0.29411764705882354
0.15789473684210525
0.21052631578947367
0.15789473684210525
0.17391304347826086
0.24
0.375
0.3157894736842105
0.3888888888888889
0.26666666666666666
0.2631578947368421
0.1111111111111111
0.375
0.42857142857142855
0.17647058823529413
0.15789473684210525
0.15
0.17391304347826086
0.18181818181818182
0.2727272727272727
0.2
0.10526315789473684
0.18181818181818182
0.3181818181818182
0.3181818181818182
0.375
0.07692307692307693
0.25
0.3157894736842105
0.5
0.13333333333333333
0.23529411764705882
0.35294117647058826
0.125
0.29411764705882354
0.25
0.18181818181818182
0.45
0.2
0.4444444444444444
0.17647058823529413
0.2631578947368421
0.29411764705882354
0.4
0.1875
0.15
0.09523809523809523
0.20833333333333334
0.3181818181818182
0.15
0.23809523809523808
0.2
0.16666666666666666
0.15789473684210525
0.09523809523809523
0.30434782608695654
0.14285714285714285
0.20833333333333334
0.2608695652173913
0.2
0.38095238095238093
0.07142857142857142
0.47058823529411764
0.2631578947368421
0.3
0.3684210526315789
0.35
0.21052631578947367
0.05263157894736842
0.09523809523809523
0.30434782608695654
0.23809523809523808
0.2
0.4090909090909091
0.3125
0.0625
0.3333333333333333
0.18181818181818182
0.22727272727272727
0.19047619047619047
0.18181818181818182
0.17391304347826086
0.30434782608695654
0.22727272727272727
0.3684210526315789
0.3333333333333333
0.35294117647058826
0.0
0.3157894736842105
0.3125
0.2777777777777778
0.15
0.21739130434782608
0.36
0.2631578947368421
0.23529411764705882
0.3125
0.2777777777777778
0.3333333333333333
0.125
0.25
0.3333333333333333
0.17647058823529413
0.38095238095238093
0.17647058823529413
0.1111111111111111
0.3333333333333333
0.22727272727272727
0.17391304347826086
0.2857142857142857
0.16666666666666666
0.10526315789473684
0.4444444444444444
0.4
0.3125
0.1875
0.25
0.11764705882352941
0.42105263157894735
0.2857142857142857
0.125
0.2
0.30434782608695654
0.35
0.25
0.375
0.375
0.35714285714285715
0.1875
0.2222222222222222
0.15
0.21052631578947367
0.1111111111111111
0.15
0.30434782608695654
0.14285714285714285
0.43478260869565216
0.2
0.2777777777777778
0.26666666666666666
0.2222222222222222
0.30434782608695654
0.15
0.2857142857142857
0.42857142857142855
0.2631578947368421
0.17647058823529413
0.23529411764705882
0.11764705882352941
0.13636363636363635
0.38095238095238093
0.2857142857142857
0.2
0.23809523809523808
0.2
0.21052631578947367
0.23809523809523808
0.15
0.25
0.3
0.2222222222222222
0.2777777777777778
0.3333333333333333
0.2222222222222222
0.2857142857142857
0.3684210526315789
0.3125
0.05555555555555555
0.13043478260869565
0.3333333333333333
0.35
0.4
0.23529411764705882
0.23809523809523808
0.18181818181818182
0.19047619047619047
0.32
0.2631578947368421
0.25
0.2857142857142857
0.11764705882352941
0.3157894736842105
0.29411764705882354
0.3888888888888889
0.2
0.125
0.15789473684210525
0.2222222222222222
0.1111111111111111
0.3333333333333333
0.16666666666666666
0.34782608695652173
0.2222222222222222
0.23529411764705882
0.3333333333333333
0.3333333333333333
0.35
0.3888888888888889
0.2
0.1875
0.2222222222222222
0.21739130434782608
0.32
0.2
0.2
0.4
0.2777777777777778
0.15789473684210525
0.10526315789473684
0.15
0.3333333333333333
0.3157894736842105
0.45
0.47058823529411764
0.23076923076923078
0.3125
0.3333333333333333
0.5
0.15384615384615385
0.16666666666666666
0.23076923076923078
0.38461538461538464
0.3888888888888889
0.35294117647058826
0.2777777777777778
0.16666666666666666
0.3
0.21052631578947367
0.2857142857142857
0.3
0.2631578947368421
0.15
0.0
0.23809523809523808
0.08695652173913043
0.2916666666666667
0.4
0.4117647058823529
0.3125
0.23529411764705882
0.35
0.11764705882352941
0.26666666666666666
0.25
0.13333333333333333
0.2
0.38095238095238093
0.35294117647058826
0.3125
0.35294117647058826
0.3125
0.3125
0.06666666666666667
0.2727272727272727
0.16666666666666666
0.14285714285714285
0.25
0.2727272727272727
0.3
0.2222222222222222
0.11764705882352941
0.09090909090909091
0.20833333333333334
0.25
0.3
0.375
0.13333333333333333
0.15789473684210525
0.16666666666666666
0.375
0.23809523809523808
0.2
0.21052631578947367
0.35294117647058826
0.375
0.375
0.1111111111111111
0.16666666666666666
0.18518518518518517
0.34615384615384615
0.2
0.2222222222222222
0.23809523809523808
0.17647058823529413
0.2
0.2631578947368421
0.2777777777777778
0.1875
0.2222222222222222
0.2857142857142857
0.16666666666666666
0.19047619047619047
0.3
0.42105263157894735
0.11764705882352941
0.2777777777777778
0.2777777777777778
0.25
0.42105263157894735
0.26666666666666666
0.3333333333333333
0.2
0.21052631578947367
0.18181818181818182
0.2631578947368421
0.29411764705882354
0.125
0.38095238095238093
0.1875
0.19047619047619047
0.23809523809523808
0.3181818181818182
0.3888888888888889
0.2857142857142857
0.1875
0.15
0.22727272727272727
0.19047619047619047
0.2727272727272727
0.19047619047619047
0.3333333333333333
0.16666666666666666
0.22727272727272727
0.2631578947368421
0.3333333333333333
0.35
0.3684210526315789
0.3333333333333333
0.3333333333333333
0.3076923076923077
0.3333333333333333
0.3333333333333333
0.25
0.3333333333333333
0.35294117647058826
0.375
0.2777777777777778
0.3333333333333333
0.2
0.10526315789473684
0.25
0.3181818181818182
0.29411764705882354
0.2857142857142857
0.26666666666666666
0.2222222222222222
0.22727272727272727
0.2916666666666667
0.25
0.19047619047619047
0.4090909090909091
0.2
0.29411764705882354
0.3888888888888889
0.26666666666666666
0.2
0.3
0.42105263157894735
0.2
0.10526315789473684
0.17391304347826086
0.21739130434782608
0.18181818181818182
0.08695652173913043
0.25
0.391304347826087
0.21052631578947367
0.16666666666666666
0.2727272727272727
0.25
0.2631578947368421
0.23809523809523808
0.2
0.3333333333333333
0.23529411764705882
0.47058823529411764
0.11764705882352941
0.3333333333333333
0.29411764705882354
0.2
0.2916666666666667
0.30434782608695654
0.2857142857142857
0.3888888888888889
0.38461538461538464
0.35714285714285715
0.15789473684210525
0.2631578947368421
0.3684210526315789
0.35714285714285715
0.3125
0.4375
0.3076923076923077
0.3125
0.2857142857142857
0.2
0.2222222222222222
0.42105263157894735
0.10526315789473684
0.3181818181818182
0.3888888888888889
0.4
0.26666666666666666
0.2222222222222222
0.2222222222222222
0.25
0.2222222222222222
0.18181818181818182
0.22727272727272727
0.2608695652173913
0.2222222222222222
0.2222222222222222
0.2222222222222222
0.3684210526315789
0.16666666666666666
0.21052631578947367
0.15
0.18181818181818182
0.43478260869565216
0.4117647058823529
0.26666666666666666
0.2777777777777778
0.2777777777777778
0.2
0.3333333333333333
0.4117647058823529
0.23529411764705882
0.2777777777777778
0.25
0.3333333333333333
0.2631578947368421
0.25
0.2
0.3
0.35
0.2777777777777778
0.23809523809523808
0.1
0.14285714285714285
0.23809523809523808
0.09523809523809523
0.2692307692307692
0.17391304347826086
0.23809523809523808
0.42105263157894735
0.3888888888888889
0.21428571428571427
0.2777777777777778
0.29411764705882354
0.14285714285714285
0.10526315789473684
0.21052631578947367
0.1
0.22727272727272727
0.18181818181818182
0.15
0.15
0.3333333333333333
0.4117647058823529
0.3125
0.2
0.3333333333333333
0.2777777777777778
0.3
0.11764705882352941
0.23529411764705882
0.21428571428571427
0.21052631578947367
0.17391304347826086
0.3333333333333333
0.375
0.125
0.2222222222222222
0.15
0.19047619047619047
0.2608695652173913
0.47619047619047616
0.23529411764705882
0.3125
0.3333333333333333
0.375
0.38461538461538464
0.42857142857142855
0.25
0.4666666666666667
0.21428571428571427
0.2631578947368421
0.2777777777777778
0.2777777777777778
0.3888888888888889
0.06666666666666667
0.17647058823529413
0.45
0.25
0.16666666666666666
0.1111111111111111
0.3181818181818182
0.21052631578947367
0.3
0.4
0.29411764705882354
0.0
0.13636363636363635
0.38095238095238093
0.25
0.29411764705882354
0.35
0.3157894736842105
0.3
0.2222222222222222
0.25
0.23809523809523808
0.3
0.16666666666666666
0.4
0.23076923076923078
0.38461538461538464
0.25
0.25
0.16666666666666666
0.2
0.15789473684210525
0.3
0.21052631578947367
0.2857142857142857
0.35
0.25
0.2631578947368421
0.2222222222222222
0.3333333333333333
0.47058823529411764
0.08333333333333333
0.35294117647058826
0.2777777777777778
0.3157894736842105
0.3157894736842105
0.3
0.16666666666666666
0.3333333333333333
0.2
0.11764705882352941
0.1
0.375
0.23809523809523808
0.09523809523809523
0.16666666666666666
0.22727272727272727
0.15
0.3333333333333333
0.21739130434782608
0.2608695652173913
0.23809523809523808
0.3333333333333333
0.1875
0.125
0.21052631578947367
0.23809523809523808
0.09523809523809523
0.19047619047619047
0.21739130434782608
0.17391304347826086
0.2916666666666667
0.18181818181818182
0.3181818181818182
0.2222222222222222
0.15
0.14285714285714285
0.18181818181818182
0.24
0.375
0.16666666666666666
0.35294117647058826
0.17647058823529413
0.3
0.2222222222222222
0.11764705882352941
0.3157894736842105
0.3125
0.25
0.29411764705882354
0.05263157894736842
0.2916666666666667
0.21052631578947367
0.38095238095238093
0.21428571428571427
0.23529411764705882
0.05555555555555555
0.17391304347826086
0.125
0.32
0.2
0.21052631578947367
0.4444444444444444
0.21428571428571427
0.4117647058823529
0.29411764705882354
0.2222222222222222
0.4117647058823529
0.3076923076923077
0.4
0.2
0.375
0.0625
0.1
0.16666666666666666
0.19230769230769232
0.2916666666666667
0.4090909090909091
0.125
0.17647058823529413
0.3684210526315789
0.2222222222222222
0.21052631578947367
0.2631578947368421
0.2
0.17391304347826086
0.13043478260869565
0.16666666666666666
0.4090909090909091
0.25
0.23809523809523808
0.14285714285714285
0.2857142857142857
0.3333333333333333
0.21052631578947367
0.25
0.2727272727272727
0.23809523809523808
0.4
0.25
0.29411764705882354
0.3684210526315789
0.35294117647058826
0.2857142857142857
0.2
0.1111111111111111
0.23076923076923078
0.17391304347826086
0.23809523809523808
0.19047619047619047
0.3333333333333333
0.3
0.11764705882352941
0.15789473684210525
0.2727272727272727
0.21739130434782608
0.2857142857142857
0.17647058823529413
0.25
0.2777777777777778
0.2222222222222222
0.375
0.2222222222222222
0.35294117647058826
0.16666666666666666
0.15384615384615385
0.13333333333333333
0.2
0.21052631578947367
0.4
0.26666666666666666
0.23529411764705882
0.23529411764705882
0.2
0.47619047619047616
0.25
0.1875
0.23529411764705882
0.29411764705882354
0.2631578947368421
0.2631578947368421
0.3157894736842105
0.21052631578947367
0.2
0.30434782608695654
0.2631578947368421
0.2222222222222222
0.14285714285714285
0.36363636363636365
0.3157894736842105
0.11764705882352941
0.14285714285714285
0.2916666666666667
0.23809523809523808
0.3157894736842105
0.25
0.19047619047619047
0.35
0.11764705882352941
0.2777777777777778
0.3
0.2222222222222222
0.2222222222222222
0.23529411764705882
0.2631578947368421
0.3333333333333333
0.23529411764705882
0.15
0.21052631578947367
0.16666666666666666
0.2631578947368421
0.23529411764705882
0.38095238095238093
0.26666666666666666
0.21428571428571427
0.11764705882352941
0.13636363636363635
0.2608695652173913
0.2727272727272727
0.3
0.2222222222222222
0.25
0.3333333333333333
0.3157894736842105
0.15789473684210525
0.3
0.25
0.11764705882352941
0.2631578947368421
0.2631578947368421
0.2631578947368421
0.22727272727272727
0.3684210526315789
0.1875
0.15789473684210525
0.18181818181818182
0.3333333333333333
0.15789473684210525
0.16666666666666666
0.2777777777777778
0.2777777777777778
0.21052631578947367
0.3684210526315789
0.2777777777777778
0.3888888888888889
0.3333333333333333
0.21428571428571427
0.4117647058823529
0.2
0.19047619047619047
0.23809523809523808
0.3684210526315789
0.3888888888888889
0.2857142857142857
0.23076923076923078
0.26666666666666666
0.3157894736842105
0.3125
0.1875
0.11764705882352941
0.3333333333333333
0.2777777777777778
0.3333333333333333
0.23529411764705882
0.29411764705882354
0.2857142857142857
0.16666666666666666
0.2631578947368421
0.23809523809523808
0.2857142857142857
0.21052631578947367
0.29411764705882354
0.47619047619047616
0.2
0.05555555555555555
0.3333333333333333
0.125
0.3333333333333333
0.1875
0.17647058823529413
0.15789473684210525
0.2857142857142857
0.35
0.1111111111111111
0.2857142857142857
0.3157894736842105
0.3157894736842105
0.3157894736842105
0.3888888888888889
0.17647058823529413
0.3
0.25
0.25
0.3333333333333333
0.23529411764705882
0.23529411764705882
0.3157894736842105
0.19047619047619047
0.09523809523809523
0.09090909090909091
0.21739130434782608
0.30434782608695654
0.22727272727272727
0.15
0.2608695652173913
0.21739130434782608
0.3
0.29411764705882354
0.29411764705882354
0.0
0.4
0.25
0.2777777777777778
0.3125
0.3684210526315789
0.2631578947368421
0.1111111111111111
0.2631578947368421
0.16666666666666666
0.21739130434782608
0.14285714285714285
0.08695652173913043
0.16666666666666666
0.48
0.23529411764705882
0.2857142857142857
0.06666666666666667
0.11764705882352941
0.2777777777777778
0.1875
0.30434782608695654
0.3
0.4117647058823529
0.3125
0.29411764705882354
0.21428571428571427
0.25
0.25
0.10526315789473684
0.1
0.20833333333333334
0.2916666666666667
0.14285714285714285
0.14285714285714285
0.2727272727272727
0.18181818181818182
0.15
0.3333333333333333
0.2222222222222222
0.45
0.4117647058823529
0.09090909090909091
0.058823529411764705
0.19047619047619047
0.2857142857142857
0.2
0.21052631578947367
0.21052631578947367
0.058823529411764705
0.25
0.2
0.2777777777777778
0.1875
0.2631578947368421
0.2857142857142857
0.23809523809523808
0.2727272727272727
0.35
0.26666666666666666
0.4375
0.4666666666666667
0.3076923076923077
0.125
0.2
0.23809523809523808
0.15789473684210525
0.15
0.34615384615384615
0.1111111111111111
0.22727272727272727
0.23809523809523808
0.3333333333333333
0.21052631578947367
0.05555555555555555
0.2
0.18181818181818182
0.25
0.2777777777777778
0.1111111111111111
0.3
0.4
0.11764705882352941
0.10526315789473684
0.18181818181818182
0.18181818181818182
0.2916666666666667
0.19047619047619047
0.45
0.07142857142857142
0.23529411764705882
0.2222222222222222
0.2777777777777778
0.3333333333333333
0.2222222222222222
0.35
0.2222222222222222
0.36363636363636365
0.1875
0.16666666666666666
0.3157894736842105
0.25
0.10526315789473684
0.08695652173913043
0.2222222222222222
0.19047619047619047
0.19047619047619047
0.21739130434782608
0.30434782608695654
0.2222222222222222
0.23529411764705882
0.4117647058823529
0.26666666666666666
0.1875
0.2222222222222222
0.3333333333333333
0.29411764705882354
0.3
0.2
0.2222222222222222
0.38095238095238093
0.23529411764705882
0.35294117647058826
0.3157894736842105
0.4375
0.3333333333333333
0.14285714285714285
0.29411764705882354
0.16666666666666666
0.2608695652173913
0.05263157894736842
0.21739130434782608
0.23809523809523808
0.2777777777777778
0.35294117647058826
0.17647058823529413
0.2631578947368421
0.10526315789473684
0.22727272727272727
0.2
0.25
0.125
0.35
0.2222222222222222
0.23809523809523808
0.2
0.22727272727272727
0.19047619047619047
0.22727272727272727
0.3
0.2777777777777778
0.17647058823529413
0.17647058823529413
0.3333333333333333
0.3181818181818182
0.1
0.22727272727272727
0.15
0.14285714285714285
0.3684210526315789
0.25
0.21052631578947367
0.19047619047619047
0.2
0.18181818181818182
0.21052631578947367
0.2727272727272727
0.23529411764705882
0.16666666666666666
0.35
0.2222222222222222
0.3
0.3157894736842105
0.29411764705882354
0.2631578947368421
0.19047619047619047
0.3333333333333333
0.3888888888888889
0.3157894736842105
0.3888888888888889
0.3125
0.25
0.3
0.3157894736842105
0.23529411764705882
0.2222222222222222
0.19047619047619047
0.2727272727272727
0.4
0.3333333333333333
0.2777777777777778
0.2857142857142857
0.26666666666666666
0.3125
0.2631578947368421
0.2777777777777778
0.21052631578947367
0.23809523809523808
0.3333333333333333
0.2777777777777778
0.15
0.45454545454545453
0.3684210526315789
0.26666666666666666
0.25
0.4117647058823529
0.0
0.2631578947368421
0.2777777777777778
0.1875
0.3684210526315789
0.3333333333333333
0.11764705882352941
0.3333333333333333
0.26666666666666666
0.07692307692307693
0.2
0.3
0.25
0.23809523809523808
0.1875
0.2631578947368421
0.25
0.2
0.42857142857142855
0.3157894736842105
0.3157894736842105
0.35294117647058826
0.16666666666666666
0.2608695652173913
0.4117647058823529
0.2857142857142857
0.25
0.11764705882352941
0.1875
0.3888888888888889
0.26666666666666666
0.23529411764705882
0.2777777777777778
0.125
0.3
0.15
0.14285714285714285
0.36363636363636365
0.3
0.3684210526315789
0.1111111111111111
0.3
0.4444444444444444
0.35294117647058826
0.23529411764705882
0.17647058823529413
0.2222222222222222
0.3333333333333333
0.25
0.3684210526315789
0.21052631578947367
0.25
0.21052631578947367
0.2222222222222222
0.2727272727272727
0.3157894736842105
0.14285714285714285
0.23809523809523808
0.23809523809523808
0.21052631578947367
0.16666666666666666
0.19047619047619047
0.2
0.30434782608695654
0.38095238095238093
0.4444444444444444
0.29411764705882354
0.3333333333333333
0.2222222222222222
0.16666666666666666
0.2222222222222222
0.16666666666666666
0.25
0.3
0.25
0.2631578947368421
0.35294117647058826
0.3333333333333333
0.1875
0.05555555555555555
0.15789473684210525
0.2608695652173913
0.22727272727272727
0.15
0.18181818181818182
0.125
0.21739130434782608
0.22727272727272727
0.18181818181818182
0.32
0.23809523809523808
0.21052631578947367
0.21739130434782608
0.23809523809523808
0.15789473684210525
0.19047619047619047
0.13043478260869565
0.20833333333333334
0.2727272727272727
0.3
0.23529411764705882
0.2777777777777778
0.3
0.3333333333333333
0.13333333333333333
0.3333333333333333
0.29411764705882354
0.35294117647058826
0.35714285714285715
0.3076923076923077
0.13333333333333333
0.21052631578947367
0.25
0.25
0.2222222222222222
0.25
0.2777777777777778
0.15
0.2
0.38095238095238093
0.2631578947368421
0.25
0.17647058823529413
0.2222222222222222
0.2222222222222222
0.15
0.047619047619047616
0.34782608695652173
0.3
0.2777777777777778
0.2857142857142857
0.15789473684210525
0.2777777777777778
0.35294117647058826
0.1875
0.16666666666666666
0.3888888888888889
0.14285714285714285
0.16666666666666666
0.22727272727272727
0.15789473684210525
0.3333333333333333
0.3
0.17647058823529413
0.11764705882352941
0.2631578947368421
0.10526315789473684
0.2222222222222222
0.25
0.4117647058823529
0.3684210526315789
0.1111111111111111
0.23809523809523808
0.13636363636363635
0.2
0.2608695652173913
0.22727272727272727
0.2
0.21739130434782608
0.17391304347826086
0.2727272727272727
0.2
0.35
0.11764705882352941
0.375
0.2222222222222222
0.3333333333333333
0.15
0.23809523809523808
0.14285714285714285
0.36363636363636365
0.25
0.25
0.3888888888888889
0.2777777777777778
0.1111111111111111
0.25
0.2631578947368421
0.3333333333333333
0.16666666666666666
0.15789473684210525
0.35
0.21052631578947367
0.25
0.16666666666666666
0.21052631578947367
0.2727272727272727
0.2
0.3333333333333333
0.3157894736842105
0.058823529411764705
0.3684210526315789
0.2777777777777778
0.19047619047619047
0.16666666666666666
0.32
0.25
0.2777777777777778
0.23529411764705882
0.29411764705882354
0.3333333333333333
0.3333333333333333
0.4375
0.2857142857142857
0.26666666666666666
0.1875
0.15789473684210525
0.2777777777777778
0.15
0.09523809523809523
0.25
0.2916666666666667
0.15
0.23809523809523808
0.3684210526315789
0.1111111111111111
0.2857142857142857
0.25
0.26666666666666666
0.058823529411764705
0.2631578947368421
0.1111111111111111
0.2727272727272727
0.2916666666666667
0.42105263157894735
0.16666666666666666
0.2631578947368421
0.30434782608695654
0.2857142857142857
0.19047619047619047
0.2777777777777778
0.21052631578947367
0.3333333333333333
0.2222222222222222
0.35
0.3125
0.23529411764705882
0.47058823529411764
0.2857142857142857
0.07142857142857142
0.3181818181818182
0.3
0.3684210526315789
0.2
0.2631578947368421
0.3684210526315789
0.3125
0.2222222222222222
0.17647058823529413
0.3
0.21052631578947367
0.18181818181818182
0.16
0.25
0.42857142857142855
0.2
0.375
0.16666666666666666
0.3157894736842105
0.38095238095238093
0.25
0.058823529411764705
0.2
0.14285714285714285
0.14285714285714285
0.3
0.10526315789473684
0.13636363636363635
0.2916666666666667
0.25
0.25
0.19047619047619047
0.42105263157894735
0.2777777777777778
0.125
0.25
0.2631578947368421
0.2631578947368421
0.2222222222222222
0.1111111111111111
0.42857142857142855
0.29411764705882354
0.2631578947368421
0.3157894736842105
0.23529411764705882
0.2631578947368421
0.25
0.23529411764705882
0.2777777777777778
0.29411764705882354
0.35
0.4117647058823529
0.14285714285714285
0.26666666666666666
0.13333333333333333
0.11764705882352941
0.15
0.25
0.16666666666666666
0.2608695652173913
0.3333333333333333
0.2777777777777778
0.3684210526315789
0.14285714285714285
0.29411764705882354
0.35294117647058826
0.4
0.3333333333333333
0.29411764705882354
0.17647058823529413
0.2222222222222222
0.18181818181818182
0.12
0.24
0.30434782608695654
0.2857142857142857
0.11764705882352941
0.3
0.16666666666666666
0.2
0.18181818181818182
0.2608695652173913
0.15
0.30434782608695654
0.19047619047619047
0.15
0.4444444444444444
0.13333333333333333
0.21739130434782608
0.20833333333333334
0.25
0.3181818181818182
0.4666666666666667
0.14285714285714285
0.29411764705882354
0.17647058823529413
0.10526315789473684
0.21052631578947367
0.3333333333333333
0.17647058823529413
0.36363636363636365
0.3333333333333333
0.29411764705882354
0.3684210526315789
0.2222222222222222
0.38095238095238093
0.2631578947368421
0.3157894736842105
0.3125
0.25
0.2777777777777778
0.2777777777777778
0.2857142857142857
0.3333333333333333
0.05263157894736842
0.2727272727272727
0.25
0.2631578947368421
0.3333333333333333
0.0625
0.21052631578947367
0.2222222222222222
0.3684210526315789
0.21052631578947367
0.11764705882352941
0.2727272727272727
0.3333333333333333
0.2727272727272727
0.3
0.16666666666666666
0.16666666666666666
0.3684210526315789
0.23529411764705882
0.3333333333333333
0.13333333333333333
0.11764705882352941
0.3157894736842105
0.21052631578947367
0.13636363636363635
0.23809523809523808
0.3
0.4444444444444444
0.25
0.2
0.0
0.2
0.38095238095238093
0.2
0.5238095238095238
0.07692307692307693
0.35294117647058826
0.3333333333333333
0.21052631578947367
0.38095238095238093
0.35294117647058826
0.3125
0.29411764705882354
0.35294117647058826
0.21428571428571427
0.14285714285714285
0.26666666666666666
0.26666666666666666
0.16666666666666666
0.17647058823529413
0.38095238095238093
0.47368421052631576
0.38461538461538464
0.2727272727272727
0.18181818181818182
0.1875
0.15789473684210525
0.25
0.2727272727272727
0.22727272727272727
0.19047619047619047
0.15
0.23809523809523808
0.10526315789473684
0.23809523809523808
0.21739130434782608
0.3
0.3125
0.2631578947368421
0.3
0.2
0.3333333333333333
0.2222222222222222
0.3684210526315789
0.13333333333333333
0.2222222222222222
0.1
0.23809523809523808
0.3684210526315789
0.3157894736842105
0.16666666666666666
0.2222222222222222
0.17391304347826086
0.2857142857142857
0.3333333333333333
0.2777777777777778
0.3333333333333333
0.3157894736842105
0.3888888888888889
0.25
0.23529411764705882
0.21052631578947367
0.1
0.125
0.375
0.42105263157894735
0.23529411764705882
0.2631578947368421
0.5
0.29411764705882354
0.3888888888888889
0.14285714285714285
0.2222222222222222
0.058823529411764705
0.20833333333333334
0.3076923076923077
0.3181818181818182
0.14285714285714285
0.3181818181818182
0.3157894736842105
0.2222222222222222
0.16666666666666666
0.2222222222222222
0.2
0.3333333333333333
0.47368421052631576
0.3333333333333333
0.26666666666666666
0.1875
0.2777777777777778
0.38095238095238093
0.17647058823529413
0.2777777777777778
0.3125
0.4
0.2777777777777778
0.25
0.23529411764705882
0.2222222222222222
0.3333333333333333
0.3125
0.29411764705882354
0.29411764705882354
0.2631578947368421
0.2
0.3684210526315789
0.11764705882352941
0.4
0.06666666666666667
0.3157894736842105
0.21052631578947367
0.25
0.2777777777777778
0.25
0.35294117647058826
0.1875
0.23529411764705882
0.3157894736842105
0.10526315789473684
0.3333333333333333
0.2631578947368421
0.3333333333333333
0.2777777777777778
0.42105263157894735
0.1111111111111111
0.2777777777777778
0.15
0.30434782608695654
0.21052631578947367
0.3
0.2631578947368421
0.2857142857142857
0.2857142857142857
0.3157894736842105
0.1111111111111111
0.23809523809523808
0.25
0.14285714285714285
0.2
0.3333333333333333
0.047619047619047616
0.36363636363636365
0.3888888888888889
0.38461538461538464
0.21428571428571427
0.375
0.07142857142857142
0.1111111111111111
0.3333333333333333
0.22727272727272727
0.2
0.24
0.13043478260869565
0.2608695652173913
0.3333333333333333
0.23809523809523808
0.21739130434782608
0.23809523809523808
0.3
0.3888888888888889
0.2
0.16666666666666666
0.42857142857142855
0.25
0.2222222222222222
0.23529411764705882
0.17647058823529413
0.2222222222222222
0.29411764705882354
0.4375
0.1875
0.3684210526315789
0.10526315789473684
0.2727272727272727
0.23809523809523808
0.1
0.21739130434782608
0.2608695652173913
0.25
0.3157894736842105
0.2777777777777778
0.2
0.2608695652173913
0.23809523809523808
0.19047619047619047
0.34782608695652173
0.11764705882352941
0.3181818181818182
0.2
0.3333333333333333
0.3157894736842105
0.2
0.13636363636363635
0.36363636363636365
0.25
0.14285714285714285
0.2857142857142857
0.21052631578947367
0.3333333333333333
0.21052631578947367
0.3157894736842105
0.3
0.3333333333333333
0.1875
0.11764705882352941
0.36363636363636365
0.36363636363636365
0.17647058823529413
0.3157894736842105
0.1111111111111111
0.4
0.3333333333333333
0.29411764705882354
0.15384615384615385
0.3333333333333333
0.3157894736842105
0.23529411764705882
0.15
0.3333333333333333
0.3157894736842105
0.15789473684210525
0.23809523809523808
0.3333333333333333
0.35
0.2777777777777778
0.058823529411764705
0.2857142857142857
0.25
0.3157894736842105
0.2631578947368421
0.16666666666666666
0.21052631578947367
0.15789473684210525
0.3333333333333333
0.2727272727272727
0.3333333333333333
0.15789473684210525
0.38095238095238093
0.3
0.21052631578947367
0.3333333333333333
0.25
0.0625
0.23809523809523808
0.23809523809523808
0.25
0.3157894736842105
0.29411764705882354
0.4444444444444444
0.16666666666666666
0.21052631578947367
0.21052631578947367
0.3157894736842105
0.2631578947368421
0.2222222222222222
0.23529411764705882
0.25
0.25
0.2608695652173913
0.18181818181818182
0.08695652173913043
0.19230769230769232
0.18181818181818182
0.3
0.09090909090909091
0.38095238095238093
0.058823529411764705
0.19047619047619047
0.21052631578947367
0.18181818181818182
0.30434782608695654
0.3181818181818182
0.21052631578947367
0.13636363636363635
0.21739130434782608
0.3333333333333333
0.19047619047619047
0.2631578947368421
0.3181818181818182
0.23529411764705882
0.29411764705882354
0.15789473684210525
0.25
0.2727272727272727
0.3157894736842105
0.1875
0.3333333333333333
0.17647058823529413
0.2631578947368421
0.3684210526315789
0.26666666666666666
0.47058823529411764
0.35294117647058826
0.2777777777777778
0.17647058823529413
0.29411764705882354
0.35294117647058826
0.26666666666666666
0.35294117647058826
0.2
0.23809523809523808
0.21739130434782608
0.22727272727272727
0.30434782608695654
0.2777777777777778
0.047619047619047616
0.18181818181818182
0.2727272727272727
0.3
0.2777777777777778
0.2777777777777778
0.2631578947368421
0.2857142857142857
0.2631578947368421
0.3
0.25
0.2
0.35
0.42105263157894735
0.26666666666666666
0.2857142857142857
0.25
0.38095238095238093
0.21052631578947367
0.2
0.25
0.47368421052631576
0.3333333333333333
0.05555555555555555
0.3
0.25
0.058823529411764705
0.2727272727272727
0.3333333333333333
0.2
0.3
0.2777777777777778
0.10526315789473684
0.2608695652173913
0.21739130434782608
0.30434782608695654
0.3157894736842105
0.2
0.1111111111111111
0.3
0.19047619047619047
0.2631578947368421
0.25
0.2777777777777778
0.1111111111111111
0.29411764705882354
0.29411764705882354
0.21052631578947367
0.42105263157894735
0.23529411764705882
0.1875
0.05555555555555555
0.391304347826087
0.25
0.1111111111111111
0.21739130434782608
0.2222222222222222
0.25
0.15789473684210525
0.25
0.15
0.3
0.11764705882352941
0.23529411764705882
0.3684210526315789
0.1875
0.15789473684210525
0.3684210526315789
0.3
0.18181818181818182
0.3333333333333333
0.3125
0.3333333333333333
0.375
0.4444444444444444
0.11764705882352941
0.2
0.38095238095238093
0.07142857142857142
0.3333333333333333
0.2
0.2
0.21052631578947367
0.15
0.3333333333333333
0.2727272727272727
0.375
0.2222222222222222
0.29411764705882354
0.2
0.2222222222222222
0.19047619047619047
0.18181818181818182
0.38461538461538464
0.08695652173913043
0.21739130434782608
0.20833333333333334
0.32
0.3
0.26666666666666666
0.2222222222222222
0.15789473684210525
0.125
0.25
0.30434782608695654
0.2727272727272727
0.2222222222222222
0.2777777777777778
0.23529411764705882
0.2631578947368421
0.17647058823529413
0.3157894736842105
0.23529411764705882
0.1111111111111111
0.16666666666666666
0.2
0.125
0.20833333333333334
0.22727272727272727
0.08333333333333333
0.2222222222222222
0.24
0.34782608695652173
0.18181818181818182
0.3333333333333333
0.2631578947368421
0.2
0.2777777777777778
0.2222222222222222
0.38095238095238093
0.2222222222222222
0.2
0.25
0.3333333333333333
0.3157894736842105
0.3888888888888889
0.3125
0.23529411764705882
0.21052631578947367
0.25
0.22727272727272727
0.4166666666666667
0.2222222222222222
0.125
0.2857142857142857
0.16666666666666666
0.23529411764705882
0.42105263157894735
0.13333333333333333
0.23529411764705882
0.35
0.3125
0.0
0.42105263157894735
0.26666666666666666
0.16666666666666666
0.21052631578947367
0.3157894736842105
0.17647058823529413
0.26666666666666666
0.125
0.2
0.15
0.3
0.3684210526315789
0.25
0.2777777777777778
0.3888888888888889
0.2857142857142857
0.21052631578947367
0.35
0.38095238095238093
0.3125
0.1875
0.23529411764705882
0.3157894736842105
0.17647058823529413
0.16666666666666666
0.2857142857142857
0.125
0.30434782608695654
0.21052631578947367
0.3333333333333333
0.25
0.2777777777777778
0.15789473684210525
0.2631578947368421
0.17647058823529413
0.1111111111111111
0.2608695652173913
0.2727272727272727
0.3333333333333333
0.29411764705882354
0.2857142857142857
0.2631578947368421
0.3333333333333333
0.23529411764705882
0.16666666666666666
0.23529411764705882
0.1111111111111111
0.25
0.36363636363636365
0.3684210526315789
0.25
0.3333333333333333
0.1875
0.125
0.2777777777777778
0.14285714285714285
0.25
0.23809523809523808
0.23529411764705882
0.0
0.375
0.4444444444444444
0.35714285714285715
0.35714285714285715
0.14285714285714285
0.5
0.3076923076923077
0.17647058823529413
0.16666666666666666
0.10526315789473684
0.19047619047619047
0.14285714285714285
0.19047619047619047
0.3333333333333333
0.21052631578947367
0.25
0.15789473684210525
0.13043478260869565
0.3333333333333333
0.3333333333333333
0.2
0.21052631578947367
0.29411764705882354
0.26666666666666666
0.23529411764705882
0.2631578947368421
0.2222222222222222
0.1875
0.35294117647058826
0.26666666666666666
0.13333333333333333
0.2631578947368421
0.15789473684210525
0.36363636363636365
0.1
0.18181818181818182
0.2
0.21739130434782608
0.15
0.35
0.3157894736842105
0.2631578947368421
0.3888888888888889
0.21428571428571427
0.05555555555555555
0.2857142857142857
0.3157894736842105
0.11764705882352941
0.23809523809523808
0.36363636363636365
0.21052631578947367
0.15789473684210525
0.35
0.29411764705882354
0.3157894736842105
0.05555555555555555
0.15789473684210525
0.16666666666666666
0.2608695652173913
0.42857142857142855
0.16666666666666666
0.2777777777777778
0.1875
0.2
0.2222222222222222
0.21052631578947367
0.2857142857142857
0.2727272727272727
0.15789473684210525
0.2
0.15
0.38095238095238093
0.15789473684210525
0.05
0.28
0.4090909090909091
0.125
0.3157894736842105
0.2631578947368421
0.0625
0.3157894736842105
0.15
0.21739130434782608
0.18181818181818182
0.23809523809523808
0.21052631578947367
0.21052631578947367
0.2
0.3
0.25
0.34782608695652173
0.25
0.058823529411764705
0.3
0.3888888888888889
0.15789473684210525
0.22727272727272727
0.2857142857142857
0.15789473684210525
0.2916666666666667
0.4
0.5333333333333333
0.16666666666666666
0.0625
0.23809523809523808
0.14285714285714285
0.34782608695652173
0.2
0.17391304347826086
0.3181818181818182
0.16666666666666666
0.2631578947368421
0.2631578947368421
0.21052631578947367
0.21052631578947367
0.21052631578947367
0.4117647058823529
0.23529411764705882
0.29411764705882354
0.4444444444444444
0.23529411764705882
0.22727272727272727
0.2727272727272727
0.2
0.2
0.18181818181818182
0.15
0.13636363636363635
0.2608695652173913
0.16666666666666666
0.22727272727272727
0.1
0.2608695652173913
0.20833333333333334
0.22727272727272727
0.05
0.2608695652173913
0.2
0.3333333333333333
0.16666666666666666
0.3333333333333333
0.15789473684210525
0.16666666666666666
0.2777777777777778
0.2631578947368421
0.15
0.2857142857142857
0.2777777777777778
0.375
0.15384615384615385
0.2
0.23809523809523808
0.05555555555555555
0.1111111111111111
0.19047619047619047
0.21739130434782608
0.2
0.14285714285714285
0.3333333333333333
0.42105263157894735
0.3076923076923077
0.35714285714285715
0.2
0.2222222222222222
0.29411764705882354
0.3333333333333333
0.35294117647058826
0.17647058823529413
0.2
