Overall Mean: 40.438966666666666
42.0
41.2
39.5
48.75
33.25
37.4
39.25
30.2
42.05
36.5
38.3
41.4
44.9
37.9
42.7
46.45
36.8
45.05
40.05
35.75
39.5
43.75
41.4
43.3
43.8
41.6
42.55
30.8
48.0
40.05
41.2
51.3
35.35
45.75
43.25
30.7
43.0
34.85
51.0
48.25
41.2
52.5
43.5
38.1
43.5
47.95
44.3
44.6
40.75
36.9
31.05
44.75
39.45
46.15
38.85
37.0
44.05
39.65
39.1
45.95
41.9
32.55
33.0
45.4
45.45
38.55
35.0
46.35
36.15
40.8
34.35
34.05
38.05
46.65
36.35
36.55
32.2
49.1
47.45
36.55
34.65
33.0
35.9
36.9
38.85
40.6
37.3
35.5
37.55
48.95
42.1
43.3
41.4
40.9
43.8
42.7
34.9
51.9
33.6
40.15
33.7
37.45
41.95
41.65
42.25
47.55
47.3
48.55
37.4
38.05
38.6
38.9
39.9
37.0
39.55
36.35
38.65
37.75
28.25
39.05
39.45
34.4
40.3
41.5
43.25
43.8
32.65
40.7
48.7
36.15
36.95
43.8
45.3
44.05
39.45
34.7
35.4
44.9
40.45
44.05
38.15
41.75
38.65
36.35
44.35
38.7
42.2
38.1
33.35
36.55
29.85
44.7
39.4
37.25
35.6
41.5
46.4
39.25
41.55
41.95
40.9
45.8
36.95
43.55
39.45
44.6
46.05
39.5
37.35
33.75
45.3
40.85
43.9
32.65
37.4
41.75
45.95
35.65
45.15
44.3
47.0
42.25
39.1
35.4
47.9
42.05
39.4
34.9
44.35
43.25
47.8
35.4
50.35
33.35
37.4
48.45
39.85
36.4
41.9
32.7
38.5
43.7
40.55
36.65
38.9
47.2
50.45
38.5
44.75
40.7
43.65
37.55
38.45
44.5
41.0
42.15
45.2
38.65
39.25
38.9
43.85
47.2
42.75
44.4
34.85
34.1
38.55
39.7
35.95
38.7
49.55
37.85
44.05
45.7
35.35
31.95
43.9
38.7
36.35
36.85
38.05
35.65
36.55
40.85
48.15
42.0
34.7
36.2
33.55
40.55
41.8
32.2
44.75
39.0
37.8
42.45
38.0
28.45
43.95
44.75
46.85
36.65
41.15
39.35
39.25
41.6
42.4
48.7
40.1
42.25
41.8
41.7
43.75
40.3
30.25
39.7
42.15
41.0
39.7
38.4
37.8
37.25
39.8
43.25
48.6
37.7
40.75
47.65
32.85
39.0
37.35
33.05
41.3
42.2
36.6
32.65
40.35
38.45
49.35
35.7
34.7
41.65
46.95
35.2
36.3
43.35
46.85
42.35
40.45
38.05
46.9
35.75
43.15
41.75
43.65
42.75
36.35
35.2
37.0
37.85
32.2
41.1
37.7
37.25
38.75
45.15
41.85
42.4
44.25
44.8
47.0
47.05
37.1
31.55
35.85
46.3
48.25
37.9
41.0
33.4
37.2
44.9
40.7
46.3
38.1
35.65
41.3
40.65
41.3
43.1
34.65
49.5
52.25
43.5
41.0
41.8
39.4
36.9
40.5
39.6
36.15
37.25
45.45
34.8
33.55
45.25
37.95
37.85
41.9
47.95
36.75
42.3
47.0
33.8
42.4
43.45
42.15
37.3
34.45
35.95
32.1
47.35
39.0
55.05
38.25
33.55
46.0
38.55
41.35
37.05
40.45
39.75
37.5
52.25
39.8
36.7
38.35
43.1
36.8
36.45
38.05
39.7
46.0
36.05
48.25
44.55
40.85
41.5
41.15
42.85
33.5
44.6
42.1
43.5
43.7
45.55
46.5
47.65
41.95
44.0
41.35
41.35
46.9
39.1
37.45
47.15
38.95
42.55
42.65
34.4
40.25
33.75
40.0
48.4
42.1
38.5
44.05
38.65
35.4
46.4
36.45
39.0
39.3
42.85
41.65
35.95
42.9
41.05
43.4
27.25
38.45
45.05
47.35
48.05
39.95
37.8
41.95
35.85
39.6
38.85
41.1
42.55
45.3
37.2
41.25
38.35
37.65
43.6
40.8
41.65
41.1
42.85
44.25
48.75
48.05
44.2
38.75
44.2
42.25
43.1
42.95
41.65
32.65
45.1
39.65
42.3
37.7
52.3
37.9
43.2
44.15
42.05
39.7
40.25
44.35
43.75
39.95
43.7
34.75
39.85
38.35
40.0
46.95
43.05
37.45
32.35
50.75
45.45
36.7
36.8
42.8
37.4
44.15
44.55
38.5
37.8
35.95
50.5
47.4
40.2
38.7
43.2
39.8
39.3
38.2
35.45
34.35
44.4
42.4
41.05
39.35
42.55
40.5
39.6
45.6
38.4
45.1
33.15
46.65
44.9
45.3
30.9
34.25
39.4
43.05
50.9
42.85
44.0
39.05
43.45
31.85
42.95
45.0
40.7
41.65
36.95
34.15
31.45
38.5
45.95
37.2
44.15
34.6
37.15
48.85
32.4
42.05
45.35
41.25
35.85
40.5
43.15
36.15
34.05
40.55
41.1
46.4
42.1
35.0
41.7
39.35
39.25
43.5
42.2
48.3
34.35
36.6
43.5
43.6
34.45
39.65
40.65
41.65
35.9
40.55
39.15
36.9
41.85
47.4
29.0
39.85
39.2
47.25
36.8
37.4
42.2
41.85
38.9
44.0
36.2
46.0
27.9
43.4
33.55
45.35
45.75
48.85
38.7
46.9
40.0
41.95
41.4
37.05
39.95
35.75
34.9
42.7
39.2
37.8
37.75
40.5
42.4
42.2
35.25
42.8
50.05
46.1
39.35
48.6
42.85
39.55
46.85
38.0
50.65
41.35
41.5
41.6
40.85
46.9
44.45
28.95
34.85
38.55
39.7
42.05
38.4
43.75
37.85
44.35
44.7
33.55
46.25
40.95
47.65
52.1
39.6
45.7
52.15
43.25
39.15
32.2
37.3
41.7
36.75
38.1
35.1
42.95
44.25
46.25
33.65
39.95
44.45
41.05
34.55
43.55
34.7
37.65
43.25
38.55
43.0
31.55
39.25
37.85
38.2
37.2
39.3
33.65
41.5
33.6
41.5
41.0
42.05
39.65
42.4
38.3
44.95
40.2
36.25
38.2
44.8
29.4
36.7
41.2
43.05
37.35
32.1
39.6
31.05
38.4
37.1
46.35
40.35
45.15
38.3
44.7
42.55
40.35
37.15
45.15
39.2
41.8
41.2
43.75
37.55
39.55
35.7
29.6
46.65
30.05
42.05
45.0
38.35
44.45
42.15
40.9
34.05
32.55
36.1
44.9
33.5
43.25
40.5
43.6
43.95
37.55
47.1
36.55
39.3
42.15
37.5
33.35
39.0
39.0
36.6
32.15
38.05
38.35
46.25
32.3
47.85
35.3
39.6
36.25
35.0
33.95
36.75
44.3
32.8
42.6
37.95
38.85
44.5
41.1
42.2
43.35
43.85
37.75
43.2
45.35
34.95
44.55
44.8
33.65
51.0
42.95
38.25
35.35
46.7
36.95
47.25
42.4
43.1
44.5
29.8
47.2
45.45
38.3
43.1
39.55
38.75
40.85
44.4
41.7
40.2
34.05
40.7
33.65
44.35
43.55
37.25
43.2
38.1
44.35
41.35
47.5
37.2
49.15
40.45
49.35
38.0
35.65
35.85
42.5
34.7
41.8
47.3
42.9
41.75
40.75
43.4
33.8
47.1
43.9
31.4
38.75
37.2
51.45
41.7
47.2
40.15
45.4
36.1
47.25
42.75
31.8
47.1
43.2
39.75
41.9
41.4
38.7
41.7
42.7
47.55
30.1
36.5
40.3
39.35
35.35
38.65
36.55
41.25
41.55
33.85
37.65
39.65
32.55
33.1
40.45
38.8
42.95
37.55
41.0
40.2
44.2
39.05
36.0
33.95
41.5
38.95
45.1
36.75
41.8
45.1
48.45
36.65
45.35
42.25
44.05
39.55
42.55
37.25
43.0
42.9
30.05
40.55
36.25
36.95
37.7
34.15
36.65
47.0
33.25
38.3
35.4
44.3
40.8
47.75
48.2
39.3
45.95
41.0
40.75
41.4
35.05
44.15
39.55
48.4
40.7
33.2
38.65
36.4
35.85
39.85
42.7
40.6
37.4
38.55
37.4
41.35
37.85
43.85
34.6
45.15
41.65
48.2
49.5
38.0
40.8
39.65
42.95
38.25
40.4
28.4
41.45
39.7
51.35
51.0
28.2
39.9
42.3
42.5
46.65
33.85
40.7
43.3
34.15
39.25
44.2
56.45
41.55
36.0
39.7
35.4
36.7
43.35
41.85
39.5
45.7
46.75
39.1
37.55
41.35
40.8
29.7
33.8
40.35
42.75
37.45
45.6
42.1
37.85
45.9
39.9
42.15
42.9
38.4
40.95
46.9
39.5
37.1
38.9
48.8
36.85
39.5
41.85
45.55
45.25
48.0
46.95
40.15
46.7
37.6
46.2
41.55
35.7
39.15
35.55
47.55
39.5
38.9
37.4
46.9
40.1
42.4
41.9
41.9
43.25
48.9
40.4
51.0
48.75
32.1
39.95
36.25
38.4
45.75
38.7
42.25
43.25
40.35
42.25
40.25
30.4
35.45
38.9
42.25
33.55
40.85
41.85
30.55
36.7
44.8
34.4
34.7
42.35
41.85
38.55
34.55
39.95
40.95
37.5
40.35
47.25
42.3
36.7
46.9
34.05
43.5
44.65
45.75
44.1
49.9
38.85
35.9
38.45
44.35
36.45
38.65
38.2
34.75
32.8
31.65
37.55
40.65
36.2
43.45
47.5
32.9
42.1
49.35
44.1
40.3
40.7
43.6
37.45
42.85
41.5
42.4
38.15
47.55
42.65
40.35
39.85
38.5
32.7
35.05
40.2
36.85
36.8
38.75
38.3
41.95
39.6
32.5
44.05
48.3
38.6
32.4
37.95
40.65
42.2
45.9
42.4
30.65
40.0
35.6
40.05
42.1
41.15
46.2
43.0
36.25
40.65
32.8
39.6
36.25
37.6
33.55
44.35
48.65
39.0
35.05
42.35
42.25
41.05
39.3
42.6
42.25
41.15
45.05
43.75
44.0
34.9
40.5
40.6
41.4
50.15
35.05
31.45
39.3
36.8
32.3
42.4
43.0
35.9
36.25
37.9
48.4
38.2
42.1
35.15
43.7
38.3
35.65
46.75
38.75
39.4
37.05
35.35
36.6
38.4
41.6
39.35
37.0
46.4
43.8
40.6
33.6
50.1
36.3
39.3
42.5
36.75
39.7
40.7
34.9
33.8
42.95
36.2
33.5
39.15
43.25
42.6
38.5
40.2
47.2
48.15
39.9
45.1
38.15
41.5
45.35
39.8
41.85
42.65
45.1
32.9
29.65
38.25
40.55
52.3
40.85
34.75
42.3
34.65
32.85
43.3
43.0
31.95
37.5
38.35
38.1
53.05
42.3
43.45
36.85
39.9
40.7
48.0
41.0
44.3
44.6
38.85
49.8
43.85
42.15
32.8
41.45
38.35
39.85
44.2
32.6
36.0
41.45
34.8
34.55
45.25
37.4
43.6
40.35
47.35
44.6
41.6
45.05
51.95
41.7
41.45
33.0
40.85
42.05
35.15
42.7
37.45
42.0
40.0
37.35
40.75
42.65
37.45
44.55
38.0
37.5
36.55
38.75
44.5
32.35
36.05
37.3
41.8
38.65
34.9
34.65
39.45
41.65
37.35
41.9
37.1
46.0
39.05
45.35
43.3
41.35
46.35
39.45
45.65
39.6
39.65
39.4
31.7
33.05
37.85
45.2
34.4
38.3
47.05
44.1
41.0
40.35
37.9
49.6
41.6
35.6
50.6
45.15
42.95
33.6
38.3
33.6
39.8
37.7
43.5
43.15
45.25
36.9
43.2
44.05
45.2
37.25
40.45
42.15
39.35
44.2
45.95
36.3
36.5
43.95
44.65
39.0
38.75
38.65
35.9
37.8
40.65
32.3
45.1
38.9
46.4
45.6
32.65
38.25
33.5
39.85
40.05
39.55
38.3
39.05
35.05
39.3
42.4
37.75
44.8
32.55
41.4
39.65
36.25
35.9
41.65
38.05
48.45
34.65
36.35
32.55
45.05
27.1
46.0
33.4
39.35
30.3
35.55
36.5
35.45
37.3
37.45
41.7
40.45
50.45
38.55
45.25
51.5
41.35
38.4
31.6
48.4
39.5
40.95
34.3
40.85
35.0
34.9
41.25
44.7
48.6
43.9
37.55
43.6
37.9
39.75
36.45
45.15
42.6
42.4
34.25
39.35
38.7
50.65
40.6
37.0
46.1
38.95
46.0
41.45
39.8
35.4
40.55
45.0
36.2
43.55
36.4
47.3
41.35
41.2
45.0
38.85
49.15
40.7
45.2
44.85
37.85
51.2
41.35
35.05
35.2
38.3
35.15
45.7
49.2
41.45
44.15
35.4
36.5
35.25
49.4
50.95
44.15
43.35
37.85
43.9
39.85
32.9
43.0
33.25
44.85
47.35
42.55
44.75
34.55
38.15
41.7
40.65
40.95
34.7
45.25
33.75
39.65
39.0
38.65
35.45
41.3
38.35
46.35
35.55
40.0
35.8
39.3
35.1
41.9
42.5
50.45
51.85
