Overall Mean: 4.09469696969697
1
6
3
2
9
1
2
1
0
15
12
0
2
7
1
7
2
2
4
1
9
1
4
1
15
1
1
1
0
4
2
2
1
6
6
4
4
2
3
0
1
5
2
3
2
7
17
1
4
3
5
0
13
2
15
3
2
4
1
3
3
2
2
10
2
3
6
7
2
1
2
8
4
6
1
5
1
3
3
6
0
4
2
6
4
0
2
8
0
14
7
5
6
2
19
1
13
1
1
6
1
1
2
7
1
0
2
4
8
2
1
1
7
6
1
3
6
3
5
5
16
2
4
3
1
6
4
2
7
1
7
3
0
8
13
0
7
1
2
3
4
7
4
3
2
5
4
3
1
3
3
3
2
10
2
5
28
1
0
6
1
1
4
1
13
5
2
2
2
2
3
5
12
1
19
11
4
2
4
1
10
1
1
10
2
2
1
3
0
13
1
0
4
12
5
12
1
2
4
3
7
8
0
3
0
3
5
3
1
5
6
12
8
2
2
0
0
4
7
4
4
3
7
1
5
10
3
4
6
3
4
4
2
1
6
0
7
5
0
4
2
4
1
1
2
1
2
3
2
0
8
6
4
0
11
3
0
1
4
1
12
2
2
0
