Overall Mean: 40.4845
31.3
44.8
36.4
38.95
42.35
37.55
51.35
40.2
38.3
41.0
35.85
40.25
45.05
43.7
47.0
44.15
40.75
40.85
42.4
38.2
46.35
38.6
44.45
41.0
42.25
40.45
33.15
48.05
36.65
34.05
43.0
44.1
42.9
31.7
46.1
42.3
39.1
44.45
43.05
40.05
45.0
42.85
36.8
38.6
46.95
42.95
36.3
35.5
37.0
31.7
43.5
39.6
41.6
37.85
44.3
41.0
39.7
36.6
38.8
48.45
43.2
43.1
34.25
47.1
37.8
43.0
40.7
36.85
37.75
37.15
45.25
46.85
41.0
38.6
36.7
32.0
36.9
38.75
34.8
45.45
35.75
39.1
45.1
38.3
37.25
47.45
44.15
42.85
41.15
42.05
47.0
46.6
48.55
35.0
39.45
41.2
47.5
39.55
43.75
41.3
38.0
41.2
39.55
41.9
39.2
48.1
44.75
32.6
36.0
46.7
42.45
36.65
43.95
44.15
44.35
40.7
34.65
27.0
35.95
45.2
45.75
43.65
30.55
39.95
39.0
36.95
36.15
31.15
38.5
41.9
35.55
37.15
43.65
43.65
45.4
35.35
42.0
44.15
35.3
37.75
45.75
47.45
42.05
43.15
39.35
52.15
48.05
49.0
40.75
40.0
41.2
34.1
41.4
38.75
39.8
48.0
33.95
40.4
37.25
43.65
37.5
32.6
37.2
43.8
36.0
39.65
39.4
42.5
37.45
42.4
34.7
36.05
39.15
37.8
41.8
32.05
43.85
36.0
39.1
44.7
37.1
41.25
41.2
39.25
36.15
45.0
37.6
45.35
41.4
44.8
36.2
39.75
51.3
35.65
43.6
38.25
38.45
39.5
37.1
45.9
36.9
44.65
32.45
38.6
46.4
44.05
46.65
43.35
44.0
36.7
30.2
42.75
37.35
34.85
36.65
39.1
36.85
35.25
44.75
44.95
43.3
42.05
39.85
38.6
36.75
42.9
48.2
38.8
44.65
40.15
44.3
37.95
37.15
36.8
32.25
41.75
45.55
36.55
42.0
36.15
38.7
42.5
45.5
36.4
34.85
42.25
37.85
44.0
40.75
43.1
45.0
29.75
31.15
39.5
42.85
37.8
40.05
43.65
37.05
39.25
37.65
42.5
38.95
39.5
37.95
42.8
40.0
43.0
32.5
43.35
36.4
33.85
40.6
37.75
37.7
36.95
45.6
40.1
49.7
49.25
43.7
50.95
41.85
46.15
45.95
37.1
50.85
38.75
37.4
34.75
38.2
37.3
39.5
27.65
42.25
39.5
36.95
44.3
39.1
41.4
31.5
33.35
38.85
44.85
40.6
37.55
37.35
46.45
34.0
37.05
40.6
30.2
46.15
39.05
38.5
45.4
43.0
45.2
36.85
47.55
38.75
36.15
43.3
33.7
40.25
44.85
46.35
40.9
41.75
41.8
40.55
42.85
37.45
47.25
36.55
39.3
40.35
44.7
35.45
33.85
50.5
41.45
44.7
31.65
39.45
37.45
42.5
44.9
48.7
39.45
41.65
41.45
42.75
42.1
42.05
41.7
34.95
42.65
37.7
34.35
40.95
44.65
40.85
39.05
46.5
39.0
31.35
45.65
43.65
43.8
30.95
42.6
50.65
44.05
45.1
30.25
44.15
46.55
39.7
30.95
40.95
37.55
39.2
42.6
43.15
38.3
50.55
41.8
39.1
44.4
41.7
40.15
40.0
54.25
41.5
38.8
43.15
41.6
35.3
39.1
39.6
38.85
33.2
43.65
44.55
39.9
41.5
31.1
44.05
40.15
43.5
41.2
39.55
42.2
43.1
49.65
44.1
41.25
25.9
36.0
42.05
29.9
36.7
34.45
45.85
37.05
34.7
40.6
46.4
41.2
39.65
41.0
38.05
32.05
31.8
35.7
42.05
33.45
45.3
38.95
39.45
45.4
36.95
44.05
36.55
37.0
33.45
46.4
40.65
41.75
37.0
46.2
37.45
39.25
39.3
39.55
42.75
45.5
41.75
41.55
40.75
39.75
39.65
41.9
35.45
36.3
41.3
36.45
38.65
34.95
47.5
43.3
35.2
44.4
40.0
45.45
34.1
36.35
28.85
38.1
48.0
39.55
37.95
41.6
42.2
34.55
33.95
40.65
35.15
42.3
40.45
47.75
42.75
38.75
43.25
38.0
37.75
38.25
33.4
38.8
42.85
43.15
47.2
45.1
41.8
45.35
47.75
41.85
31.35
46.95
52.5
34.85
37.4
35.85
38.25
36.15
47.85
42.1
49.35
40.95
41.1
48.7
42.6
48.1
42.05
31.6
37.35
40.25
35.75
38.4
39.45
37.0
44.05
39.25
36.55
35.15
36.15
38.3
36.5
38.5
40.85
39.8
41.35
39.8
39.55
37.6
43.05
38.05
47.65
45.45
37.55
44.8
39.95
38.75
38.4
40.85
42.95
36.5
38.6
50.2
29.5
40.4
47.05
34.55
38.3
42.1
35.7
44.0
34.75
37.6
36.65
39.1
41.2
40.8
40.4
41.7
41.85
33.85
42.4
38.55
42.35
42.05
40.3
43.05
39.6
36.8
46.6
41.1
48.15
38.55
35.1
44.5
45.3
35.5
39.8
38.2
43.9
42.7
44.0
39.55
35.7
32.25
39.45
33.8
41.55
37.65
40.3
30.35
39.3
46.9
43.55
43.25
34.2
38.55
42.15
39.65
45.75
43.7
46.45
42.0
39.45
39.85
51.05
44.85
42.45
40.65
39.95
40.15
42.75
34.9
36.3
34.85
44.4
42.35
35.15
43.25
36.0
32.35
43.6
42.45
38.75
34.8
37.3
40.45
42.6
40.15
40.0
42.7
37.75
32.65
46.4
42.9
37.35
39.0
43.2
36.1
40.9
34.45
38.05
37.3
38.25
33.9
48.85
34.95
42.75
41.35
43.55
40.4
51.6
47.7
44.0
45.55
42.0
44.85
46.0
38.0
32.8
40.8
39.6
38.3
38.3
40.8
33.05
46.15
45.55
38.35
38.85
44.0
45.85
45.6
40.1
29.05
35.65
35.05
41.95
36.95
44.35
40.05
43.2
43.5
38.15
45.1
43.2
42.0
43.25
35.7
35.85
45.1
35.35
40.7
45.55
47.7
41.5
40.55
46.65
43.2
36.25
43.2
38.35
45.7
35.75
35.75
41.95
41.5
40.2
49.45
36.45
41.95
40.85
32.6
31.5
35.7
38.1
44.3
42.05
40.5
34.15
38.4
42.05
37.55
41.3
42.75
39.45
40.6
46.85
37.05
43.65
34.8
38.1
40.45
43.0
39.65
41.55
43.15
32.15
38.15
34.0
42.35
39.4
29.9
36.25
42.1
39.9
40.85
41.2
40.1
50.4
48.4
44.35
44.15
39.05
38.15
45.8
34.55
40.9
35.1
40.35
42.7
41.6
29.95
36.7
44.9
38.65
41.7
48.6
42.55
38.25
41.25
39.4
47.5
37.05
36.65
41.7
40.05
40.1
41.9
36.2
44.75
34.3
35.5
41.0
39.15
40.35
34.5
42.6
32.75
39.3
39.8
41.25
39.4
40.0
37.9
41.65
37.65
33.1
42.5
46.3
40.85
38.75
36.3
42.25
39.35
35.6
40.05
34.55
46.75
40.35
40.55
33.85
37.3
43.9
32.35
33.35
39.95
41.25
43.2
46.55
37.1
44.6
45.1
37.65
42.95
36.9
42.3
43.65
46.0
36.65
46.5
42.4
37.75
39.45
46.3
31.15
39.2
36.9
35.35
44.05
34.7
45.05
37.9
42.55
33.35
40.55
44.1
46.55
40.5
39.65
38.65
43.05
42.1
38.3
34.45
38.8
42.25
37.0
42.25
40.7
44.75
46.75
42.05
41.25
38.8
39.9
32.15
50.45
42.05
39.85
43.45
36.4
46.15
46.4
46.15
37.05
42.6
45.8
46.2
47.05
40.0
42.65
34.5
41.9
40.35
37.45
39.1
38.6
41.6
39.1
37.0
46.9
47.6
42.9
44.5
41.4
45.65
42.55
48.7
41.15
46.6
44.6
35.35
39.65
42.05
39.75
40.9
40.05
47.9
41.6
38.05
37.15
38.4
38.8
41.05
41.0
45.95
35.5
35.05
41.6
45.1
36.4
42.2
39.6
38.5
36.45
42.85
40.35
39.2
44.85
41.65
37.8
38.75
38.3
37.95
39.0
37.6
45.1
41.1
39.15
43.4
43.35
34.0
35.45
37.45
40.55
36.5
42.85
48.9
44.25
40.5
45.75
35.2
40.3
34.6
49.35
45.95
33.85
35.85
41.5
44.55
47.3
54.4
37.6
38.55
39.95
41.0
42.0
44.8
34.8
40.25
44.15
32.1
39.85
36.55
32.75
45.3
48.35
46.2
38.65
34.8
44.0
41.7
34.65
34.9
43.5
47.95
41.5
41.05
41.5
42.3
39.35
43.7
36.4
36.65
39.35
47.45
34.25
40.1
37.85
37.8
41.9
34.05
50.55
41.95
32.15
40.75
47.85
37.3
38.2
35.7
39.45
40.85
46.8
32.85
45.0
39.9
40.4
39.1
42.45
35.45
44.25
46.1
46.85
33.8
36.15
34.65
46.95
37.6
41.9
35.85
43.2
38.4
37.75
45.8
39.9
40.8
37.95
46.35
41.55
33.2
42.45
40.35
39.3
45.4
40.2
35.8
43.85
45.3
48.35
42.5
32.95
31.75
36.9
33.5
43.75
41.05
41.75
29.1
41.8
44.45
41.65
42.9
43.75
40.0
40.6
39.25
35.9
37.55
35.8
42.25
43.95
44.85
44.7
47.95
40.75
31.2
41.25
36.65
38.0
41.2
42.15
45.55
41.35
34.65
41.95
48.85
44.4
34.4
44.0
44.3
46.2
38.85
45.0
34.6
45.9
43.85
44.9
34.1
57.35
35.5
41.15
34.3
41.65
38.6
41.9
41.05
40.35
40.35
40.85
42.95
47.25
42.75
41.2
39.15
42.65
44.65
48.05
46.05
38.9
42.1
45.75
42.65
32.15
40.35
35.2
41.2
35.6
40.75
37.9
37.0
43.0
37.65
43.0
41.1
43.15
39.4
46.3
38.0
39.55
48.95
46.75
41.65
39.15
36.5
36.65
42.45
44.4
45.4
48.9
37.7
44.1
44.65
41.0
39.6
49.35
40.4
42.25
37.05
44.15
47.35
42.95
33.7
31.95
36.4
46.95
35.25
42.3
35.5
41.1
44.55
33.3
41.65
30.3
42.75
43.05
40.6
43.65
40.0
44.45
39.1
35.95
36.8
33.7
38.8
37.2
44.4
38.85
34.8
47.2
36.35
40.7
38.6
34.05
37.55
43.05
41.85
42.95
44.05
35.15
39.5
36.8
38.5
32.95
42.8
39.9
30.55
41.95
29.8
36.0
34.7
34.45
32.55
38.85
32.65
42.8
36.85
40.4
45.9
37.45
39.3
48.0
44.95
41.95
43.5
48.95
42.2
39.35
32.5
44.05
43.25
44.25
51.6
33.45
45.8
37.9
41.3
36.6
43.6
44.1
46.1
37.4
36.2
45.9
40.75
31.9
39.55
39.5
31.05
41.0
36.85
37.3
41.1
31.1
40.25
34.4
38.65
42.6
38.75
40.0
37.75
39.6
38.4
38.05
37.7
41.45
38.3
37.2
41.05
37.65
45.1
40.4
37.0
46.1
41.3
40.95
31.55
39.6
44.35
36.8
37.35
38.2
41.9
40.6
43.3
38.5
41.15
36.2
40.05
32.75
38.85
41.75
47.25
40.55
42.7
38.75
34.6
37.95
44.45
46.6
30.3
38.55
39.1
41.8
37.2
34.2
47.6
50.35
37.4
47.9
41.35
35.5
43.15
39.1
41.95
35.45
47.6
37.3
46.7
43.35
37.55
49.95
40.95
40.05
34.95
44.75
42.55
40.5
31.5
43.55
37.85
40.1
41.45
36.0
43.6
42.55
38.25
41.7
42.35
45.1
36.85
47.85
34.65
49.2
35.45
36.75
43.3
35.6
38.5
43.3
34.9
50.75
42.15
37.15
39.6
46.05
40.8
47.5
40.15
37.2
38.15
42.0
36.1
41.0
39.7
44.1
44.6
28.85
38.35
46.3
40.85
39.45
37.65
36.8
43.6
38.65
38.5
51.75
43.9
45.7
45.85
46.3
45.5
43.95
42.7
38.75
36.0
36.2
39.9
41.6
36.9
39.9
39.0
50.3
41.9
42.15
41.1
39.6
34.05
50.5
42.1
40.45
41.2
38.55
39.35
47.85
44.6
46.5
45.6
30.15
41.65
38.2
36.3
41.65
42.35
40.0
40.15
44.5
43.95
38.5
41.7
42.8
36.85
43.6
32.05
43.7
31.65
38.7
49.65
38.95
42.2
45.35
36.7
39.1
41.4
37.15
35.1
35.7
38.05
35.2
40.55
41.45
44.55
45.25
40.25
35.95
39.8
48.85
48.95
46.75
43.7
42.8
50.8
45.35
39.7
42.95
35.8
43.85
35.5
34.35
37.85
39.2
39.75
39.05
38.85
37.75
42.75
41.75
43.35
45.15
45.35
30.55
39.4
43.2
48.45
38.2
35.95
42.9
36.4
39.2
36.3
47.25
45.25
34.3
37.25
47.9
45.9
45.5
42.25
41.1
48.55
38.0
44.55
48.65
39.05
39.8
48.3
46.25
40.7
38.5
36.5
38.15
29.35
43.85
41.6
42.45
39.65
37.6
39.2
36.05
43.15
47.25
37.45
47.35
42.35
47.75
38.95
35.1
37.4
41.95
38.3
39.45
37.6
40.65
38.4
42.35
46.0
43.35
38.4
39.25
40.15
40.9
36.6
34.9
40.8
31.2
39.65
40.05
46.7
39.35
34.85
41.05
39.45
35.3
43.8
38.75
45.75
34.85
45.25
43.25
31.55
35.9
33.85
49.4
47.0
44.95
37.35
40.2
43.65
42.7
37.35
42.5
36.85
42.75
40.65
36.9
39.3
35.5
30.2
31.5
40.0
42.95
30.6
32.8
43.1
35.0
48.35
33.45
38.55
43.1
46.45
35.05
35.2
39.2
33.1
38.0
38.3
48.55
41.95
40.75
46.3
35.25
36.5
35.05
38.35
38.2
38.7
43.95
46.3
31.45
46.65
39.35
36.85
33.0
41.15
38.2
44.75
37.9
38.35
45.7
33.05
41.1
40.35
45.7
33.85
35.85
30.25
41.5
43.7
43.9
34.9
42.85
30.9
34.95
40.95
37.0
42.75
42.9
48.6
39.4
43.3
37.75
44.25
44.7
45.25
39.95
44.4
39.7
41.95
46.7
40.6
37.5
39.2
46.3
36.7
39.05
40.35
46.05
43.1
40.3
30.7
34.8
35.55
50.6
41.35
42.15
33.05
38.7
37.05
42.15
38.05
47.55
46.2
38.5
43.05
32.75
47.75
44.7
43.75
31.85
42.9
49.45
38.2
44.1
33.1
45.9
42.0
46.6
44.25
45.55
39.1
38.2
41.95
41.3
44.7
48.15
51.15
44.8
36.25
43.15
40.8
36.45
35.25
39.9
43.35
50.0
39.65
38.65
41.95
43.35
38.45
54.35
43.25
45.9
41.7
43.05
41.0
42.9
35.2
38.1
42.7
40.4
37.95
42.85
44.4
40.4
39.25
45.9
48.8
40.05
45.15
38.75
42.95
45.25
34.25
42.05
34.05
44.95
37.75
42.2
40.3
36.7
35.65
43.1
31.7
32.25
39.7
44.45
44.05
40.35
44.8
46.2
34.45
43.5
47.45
39.9
44.7
42.4
31.6
36.3
45.85
40.15
38.65
34.0
38.15
36.2
43.55
34.95
37.5
43.1
36.3
41.3
38.75
39.75
45.35
42.05
33.6
39.3
46.65
45.35
44.55
35.3
41.4
39.05
41.25
29.5
41.85
42.35
36.6
35.05
41.95
39.55
38.6
32.7
47.95
44.05
41.9
38.6
35.1
39.05
39.95
44.25
44.15
35.1
38.7
29.75
43.1
34.85
41.4
34.5
42.35
37.95
36.45
41.8
37.2
46.1
48.1
36.4
39.85
43.35
42.2
42.75
42.95
43.0
35.35
46.6
37.5
36.5
42.4
46.9
40.55
40.2
42.3
46.35
37.0
35.7
39.9
41.2
43.35
48.65
40.1
39.3
40.6
35.85
41.2
40.55
38.7
44.6
38.1
39.05
33.05
46.3
40.25
41.25
41.25
41.4
37.9
34.7
43.95
40.0
38.45
44.85
43.0
46.55
45.0
44.8
45.55
39.7
43.25
47.15
37.35
41.55
38.3
38.2
37.25
39.1
43.8
40.25
37.15
40.95
44.45
42.85
42.9
42.7
39.75
38.3
38.9
36.4
40.45
45.15
43.6
40.2
44.05
34.7
50.15
42.8
50.5
42.6
41.8
37.0
39.75
40.4
45.9
39.1
34.95
40.5
42.8
43.55
45.35
42.55
30.55
43.55
43.3
34.35
35.0
40.35
31.5
40.3
37.95
40.3
31.4
39.95
33.0
32.75
41.7
46.0
38.35
34.6
43.25
44.45
38.4
38.95
37.55
36.7
35.95
38.15
42.5
43.35
46.1
41.6
39.35
47.45
32.85
38.25
39.6
44.95
36.15
37.1
40.55
38.45
36.2
34.35
43.95
43.4
41.25
44.05
41.05
41.7
48.3
38.75
46.3
44.25
37.1
44.25
44.55
43.6
39.7
38.95
44.25
35.15
35.6
35.3
33.85
38.0
43.85
38.1
33.0
45.7
41.0
47.75
41.45
43.65
39.4
46.2
34.6
48.1
42.65
42.95
35.2
42.75
32.95
37.9
42.45
38.0
41.2
38.0
42.05
29.3
47.55
36.2
32.95
41.15
46.7
44.4
42.55
42.9
41.3
32.65
41.4
36.2
35.0
44.5
46.7
41.95
36.85
37.6
30.15
41.15
34.3
35.95
43.6
41.1
50.5
39.3
48.55
35.1
38.3
37.95
37.5
40.7
48.75
34.0
38.45
37.65
38.45
35.95
39.65
40.3
39.6
34.05
45.45
28.95
39.4
35.75
43.3
38.6
41.55
38.7
43.1
44.3
32.25
38.65
45.45
45.65
40.5
44.15
36.15
47.05
35.9
47.55
45.3
34.1
38.2
36.85
39.25
37.2
43.2
41.35
36.75
42.75
39.75
38.9
46.1
41.4
41.7
40.9
45.1
38.7
41.2
48.85
46.05
39.5
36.0
38.9
50.95
37.75
37.0
41.65
39.15
36.05
44.65
43.0
33.85
30.85
34.2
35.2
32.3
40.35
37.4
31.7
39.65
45.75
43.15
39.5
33.85
50.35
42.3
50.25
44.4
50.4
39.2
44.9
42.5
47.35
46.45
45.25
38.0
32.95
42.05
45.4
41.9
47.85
31.35
37.5
40.3
45.2
49.0
42.0
39.2
43.9
42.25
38.8
50.7
34.15
41.05
42.2
43.25
39.65
38.4
43.1
45.2
45.55
37.7
32.0
44.75
41.25
44.95
40.85
49.25
45.65
41.8
40.7
33.15
41.7
45.05
38.8
39.2
36.9
42.2
46.65
43.15
32.8
45.2
42.95
41.75
39.2
44.2
46.0
38.55
31.3
40.55
40.75
46.2
45.8
40.75
36.9
41.85
36.5
37.35
43.0
35.55
43.0
46.3
42.1
37.55
35.1
34.25
49.25
38.65
45.4
45.3
39.6
43.9
38.35
39.15
42.3
38.5
39.65
43.25
37.9
39.8
42.0
44.15
39.0
36.75
36.65
47.15
38.15
34.55
43.95
35.5
42.0
38.95
51.05
38.45
41.95
46.2
39.05
38.1
45.75
43.6
41.2
42.75
35.25
43.2
49.4
37.1
35.5
50.45
43.4
31.1
46.0
39.2
46.75
45.4
38.3
42.9
45.2
39.85
51.6
35.1
37.75
36.15
39.1
45.6
42.2
42.45
34.3
39.4
43.9
34.4
39.8
50.25
43.35
41.55
41.15
44.55
45.55
40.9
49.95
36.6
48.35
39.9
40.9
35.05
42.7
41.4
34.8
43.65
50.5
38.25
40.6
35.75
38.05
47.1
32.5
39.6
42.15
35.5
36.4
38.5
41.55
43.7
37.2
36.2
48.7
37.4
39.0
46.4
47.15
45.2
32.55
39.05
36.95
44.6
46.55
38.8
44.75
35.45
39.9
35.55
40.9
38.35
46.8
35.45
42.45
47.0
42.45
38.15
31.6
39.35
46.45
34.15
34.2
37.2
39.9
44.9
44.75
44.35
39.6
46.25
39.95
43.6
37.4
46.3
38.75
40.8
38.9
41.0
42.5
42.15
37.1
50.3
44.15
42.95
38.3
39.1
44.0
43.75
47.9
45.45
35.1
42.0
35.85
33.2
36.65
42.25
41.9
42.85
43.35
45.95
47.8
42.8
39.0
51.65
34.6
33.4
36.85
48.85
42.85
45.2
39.05
38.3
39.4
39.05
31.1
41.7
44.75
39.2
50.0
42.8
41.45
38.3
35.7
37.2
38.1
38.0
44.45
34.6
44.65
46.4
52.45
45.95
51.4
34.75
35.95
39.15
39.05
43.55
31.2
36.1
43.05
35.25
42.85
41.15
47.55
36.05
39.85
40.25
34.4
33.15
41.3
41.8
44.05
41.4
45.85
37.4
42.05
49.3
33.35
43.9
37.9
43.1
37.25
46.3
40.3
37.5
46.75
39.3
34.05
40.75
33.5
49.45
39.6
37.7
40.65
33.8
42.45
40.65
41.2
39.55
43.7
39.55
36.55
46.6
37.4
37.9
38.55
39.9
35.8
41.95
40.55
41.45
43.0
46.8
50.6
43.65
45.2
36.95
41.0
42.8
39.55
38.5
37.7
36.35
40.15
40.7
42.5
40.1
43.95
37.95
34.6
34.3
31.4
39.75
44.05
32.65
37.75
50.7
43.4
48.95
41.75
42.5
43.4
38.7
41.9
34.6
38.4
38.6
40.75
41.8
41.85
38.15
39.4
34.75
45.15
37.05
35.85
42.9
31.8
37.6
41.45
45.15
42.05
35.2
32.25
47.3
45.05
47.3
44.1
35.4
38.05
32.2
34.2
40.75
39.7
36.9
35.9
40.05
39.95
34.55
37.45
40.65
42.45
41.3
35.5
35.95
30.3
37.05
41.5
37.2
43.85
36.1
33.15
39.0
30.7
36.2
35.05
36.5
43.7
39.15
42.8
35.05
39.25
40.6
35.8
50.0
34.2
46.1
40.45
45.9
46.85
42.4
37.9
38.6
39.6
43.75
49.2
45.15
33.75
42.1
41.85
41.35
37.55
35.1
49.4
40.05
40.45
38.2
49.55
39.25
44.55
36.75
34.85
41.95
37.45
35.75
37.1
43.1
40.75
34.4
35.4
33.25
45.95
40.1
46.9
40.3
41.7
44.7
39.85
42.5
49.15
45.45
34.05
39.25
42.1
36.3
25.95
41.7
43.1
46.6
41.35
42.9
35.95
41.75
46.85
40.55
40.15
28.9
39.8
38.75
40.3
45.6
42.35
41.4
33.8
38.45
40.5
44.25
40.55
32.05
42.25
43.8
38.15
29.95
37.25
41.5
40.7
36.4
35.75
38.5
43.7
43.55
34.3
36.55
32.35
40.5
40.7
33.0
36.15
40.7
35.7
40.9
37.45
42.55
38.4
42.1
33.85
45.3
49.1
43.15
42.9
47.9
47.1
38.65
40.25
32.4
38.55
45.25
44.95
36.35
45.8
45.5
40.0
36.3
44.4
43.5
41.4
43.55
44.4
38.65
37.7
36.35
38.95
33.3
30.65
39.25
36.15
48.4
52.7
36.05
37.25
36.9
48.6
34.6
32.35
41.7
38.2
41.2
39.7
40.4
35.3
38.85
43.8
40.85
37.85
31.2
34.1
31.8
43.9
38.15
37.15
45.7
46.8
29.95
37.05
46.55
31.5
36.0
40.15
39.25
50.55
43.55
34.6
47.6
47.55
45.75
42.5
44.95
48.2
39.1
39.8
43.85
42.05
38.8
42.1
48.95
45.65
40.5
41.3
42.3
44.85
46.95
38.6
49.05
40.2
36.5
45.4
38.2
40.55
34.9
42.45
47.0
41.05
36.55
41.25
40.95
45.4
39.7
39.45
36.1
35.9
41.5
38.15
39.55
40.85
40.45
38.8
44.0
40.8
34.35
38.65
41.15
44.4
37.65
42.25
31.75
38.5
39.6
35.5
43.2
35.05
43.55
36.75
46.4
40.0
34.15
39.5
30.45
36.25
43.25
39.8
41.15
50.65
38.2
39.35
36.25
33.4
32.2
44.9
43.65
41.45
38.05
32.05
39.65
40.4
32.1
42.3
39.6
43.15
37.95
38.6
37.85
39.9
41.9
42.65
38.45
46.55
43.4
35.5
36.1
37.5
32.95
44.6
41.95
48.2
45.1
39.05
47.6
43.35
36.7
40.8
39.4
40.1
42.75
38.15
40.1
39.25
44.95
42.15
47.7
32.2
42.45
42.0
38.5
37.0
41.65
48.5
43.7
41.5
41.9
32.55
38.35
35.25
45.1
41.3
39.8
44.6
38.7
45.45
37.8
42.05
33.6
37.4
41.25
35.8
36.75
33.15
40.55
38.7
40.9
39.0
38.65
39.85
47.9
45.4
46.35
36.6
44.05
40.85
44.6
35.0
40.05
39.6
44.9
46.05
48.4
46.45
36.05
37.3
40.3
33.85
45.9
52.15
33.6
47.45
36.75
43.9
38.3
39.9
41.1
43.45
33.7
46.75
44.75
43.85
47.45
45.75
41.9
47.15
38.3
40.25
35.9
42.35
33.95
38.0
44.0
44.2
42.1
40.1
43.45
39.8
38.05
39.85
41.95
42.3
41.25
43.9
35.9
48.65
40.05
41.05
37.85
45.0
39.1
45.7
40.7
44.0
33.1
41.2
39.9
46.65
41.65
35.25
24.8
36.7
40.2
39.4
42.2
38.45
35.4
42.7
44.8
33.05
39.9
34.0
45.4
53.7
37.0
42.65
47.3
38.3
41.65
42.7
35.9
42.3
37.55
33.35
42.15
41.95
37.15
42.0
42.65
43.05
42.95
39.35
40.6
44.65
40.7
36.95
38.95
48.1
40.2
40.55
44.15
43.65
39.8
41.75
45.3
41.45
43.8
39.9
42.4
45.75
45.45
41.65
46.0
41.25
38.05
36.4
44.9
39.2
44.95
40.15
43.0
43.15
34.1
42.0
43.2
43.7
40.7
42.95
37.35
