Overall Mean: 13.099056603773585
14
14
10
15
10
15
10
13
12
11
11
13
9
9
16
11
11
12
12
15
16
13
14
10
9
13
12
10
11
11
11
11
10
13
12
14
14
13
12
13
13
14
12
16
15
11
20
11
18
11
13
13
15
14
16
11
17
11
10
8
12
12
17
13
13
13
9
12
11
12
14
15
14
15
12
13
14
15
14
11
16
10
11
24
13
15
15
16
17
11
15
13
9
11
14
13
12
11
14
10
9
13
14
10
17
12
12
16
14
15
20
13
15
12
9
12
14
14
11
13
12
12
13
15
15
9
12
12
13
12
16
17
13
13
14
17
11
14
14
14
9
16
11
17
13
14
15
14
10
15
19
18
18
16
11
10
12
9
10
10
11
11
14
12
13
14
12
15
9
12
15
14
12
13
14
15
10
15
13
15
15
10
12
16
15
13
12
10
11
15
13
15
16
12
23
15
10
15
13
15
13
15
10
12
13
15
14
16
15
11
12
11
