Overall Mean: 0.24807032012854696
0.3333333333333333
0.42857142857142855
0.23076923076923078
0.09090909090909091
0.35714285714285715
0.25
0.15
0.3
0.2631578947368421
0.17647058823529413
0.4117647058823529
0.06666666666666667
0.3333333333333333
0.08333333333333333
0.17647058823529413
0.10526315789473684
0.25
0.4
0.07142857142857142
0.21428571428571427
0.3333333333333333
0.23076923076923078
0.26666666666666666
0.14285714285714285
0.25
0.09090909090909091
0.3076923076923077
0.2
0.0625
0.47368421052631576
0.18181818181818182
0.4166666666666667
0.2
0.1111111111111111
0.23076923076923078
0.26666666666666666
0.14285714285714285
0.2857142857142857
0.3
0.2727272727272727
0.2
0.45454545454545453
0.125
0.3076923076923077
0.23076923076923078
0.2
0.4
0.3333333333333333
0.4166666666666667
0.18181818181818182
0.3333333333333333
0.07142857142857142
0.3333333333333333
0.23529411764705882
0.06666666666666667
0.3157894736842105
0.3333333333333333
0.09090909090909091
0.3076923076923077
0.4166666666666667
0.25
0.2857142857142857
0.3076923076923077
0.4
0.3
0.18181818181818182
0.3333333333333333
0.2727272727272727
0.0625
0.47058823529411764
0.7
0.25
0.125
0.3333333333333333
0.16666666666666666
0.36363636363636365
0.3076923076923077
0.16666666666666666
0.15384615384615385
0.07142857142857142
0.125
0.17647058823529413
0.2631578947368421
0.11764705882352941
0.35294117647058826
0.2857142857142857
0.3333333333333333
0.25
0.35714285714285715
0.42857142857142855
0.16666666666666666
0.42857142857142855
0.3076923076923077
0.38461538461538464
0.16666666666666666
0.3076923076923077
0.23076923076923078
0.14285714285714285
0.3125
0.26666666666666666
0.17647058823529413
0.125
0.1875
0.3888888888888889
0.07692307692307693
0.25
0.2222222222222222
0.11764705882352941
0.1875
0.2
0.2
0.3125
0.3333333333333333
0.14285714285714285
0.17647058823529413
0.3333333333333333
0.25
0.2857142857142857
0.23076923076923078
0.16666666666666666
0.25
0.5454545454545454
0.18181818181818182
0.3333333333333333
0.18181818181818182
0.26666666666666666
0.23529411764705882
0.3125
0.21428571428571427
0.16666666666666666
0.13333333333333333
0.3888888888888889
0.07142857142857142
0.4666666666666667
0.26666666666666666
0.3076923076923077
0.3333333333333333
0.2857142857142857
0.18181818181818182
0.23076923076923078
0.1
0.3076923076923077
0.4166666666666667
0.25
0.18181818181818182
0.07142857142857142
0.26666666666666666
0.16666666666666666
0.35714285714285715
0.3333333333333333
0.16666666666666666
0.36363636363636365
0.3333333333333333
0.09090909090909091
0.36363636363636365
0.2
0.16666666666666666
0.07142857142857142
0.26666666666666666
0.4
0.18181818181818182
0.21428571428571427
0.2857142857142857
0.18181818181818182
0.46153846153846156
0.2222222222222222
0.16666666666666666
0.4666666666666667
0.4166666666666667
0.4444444444444444
0.2
0.25
0.18181818181818182
0.3333333333333333
0.4166666666666667
0.18181818181818182
0.36363636363636365
0.2
0.2727272727272727
0.5555555555555556
0.3333333333333333
0.2222222222222222
0.18181818181818182
0.08333333333333333
0.3333333333333333
0.21428571428571427
0.375
0.09090909090909091
0.16666666666666666
0.3125
0.125
0.2777777777777778
0.125
0.2777777777777778
0.3125
0.3076923076923077
0.2727272727272727
0.2727272727272727
0.35714285714285715
0.3076923076923077
0.46153846153846156
0.25
0.18181818181818182
0.35714285714285715
0.4
0.25
0.08333333333333333
0.3333333333333333
0.35714285714285715
0.21428571428571427
0.0
0.3333333333333333
0.4166666666666667
0.09090909090909091
0.3125
0.3125
0.2
0.29411764705882354
0.26666666666666666
0.3076923076923077
0.2727272727272727
0.23076923076923078
0.2857142857142857
0.3125
0.23076923076923078
0.125
0.1875
0.25
0.3333333333333333
0.07142857142857142
0.13333333333333333
0.5
0.5
0.2
0.45454545454545453
0.0
0.4166666666666667
0.3076923076923077
0.15384615384615385
0.26666666666666666
0.16666666666666666
0.26666666666666666
0.23076923076923078
0.14285714285714285
0.42857142857142855
0.4166666666666667
0.4166666666666667
0.08333333333333333
0.3333333333333333
0.21052631578947367
0.23529411764705882
0.1875
0.125
0.15
0.3157894736842105
0.3333333333333333
0.21428571428571427
0.21428571428571427
0.06666666666666667
0.3125
0.21428571428571427
0.13333333333333333
0.23529411764705882
0.4666666666666667
0.2727272727272727
0.18181818181818182
0.2
0.15789473684210525
0.25
0.13333333333333333
0.3333333333333333
0.2727272727272727
0.3
0.3333333333333333
0.2
0.2727272727272727
0.2727272727272727
0.36363636363636365
0.07692307692307693
0.21428571428571427
0.4117647058823529
0.3
0.0
0.06666666666666667
0.4117647058823529
0.1875
0.25
0.38461538461538464
0.16666666666666666
0.25
0.17647058823529413
0.23529411764705882
0.3333333333333333
0.3333333333333333
0.3076923076923077
0.2727272727272727
0.3333333333333333
0.14285714285714285
0.3333333333333333
0.25
0.2777777777777778
0.07692307692307693
0.35714285714285715
0.3333333333333333
0.35714285714285715
0.23076923076923078
0.14285714285714285
0.38461538461538464
0.3333333333333333
0.2727272727272727
0.3333333333333333
0.14285714285714285
0.4444444444444444
0.3125
0.2
0.375
0.3333333333333333
0.2727272727272727
0.25
0.3076923076923077
0.15384615384615385
0.125
0.4444444444444444
0.3333333333333333
0.46153846153846156
0.2222222222222222
0.25
0.3333333333333333
0.2727272727272727
0.38461538461538464
0.14285714285714285
0.3125
0.1875
0.25
0.058823529411764705
0.21052631578947367
0.17647058823529413
0.375
0.3333333333333333
0.1
0.3333333333333333
0.42857142857142855
0.15384615384615385
0.13333333333333333
0.125
0.36363636363636365
0.2777777777777778
0.3333333333333333
0.3076923076923077
0.25
0.18181818181818182
0.4
0.2857142857142857
0.15384615384615385
0.23529411764705882
0.25
0.4375
0.2727272727272727
0.18181818181818182
0.2857142857142857
0.2
0.125
0.2777777777777778
0.4375
0.26666666666666666
0.26666666666666666
0.16666666666666666
0.46153846153846156
0.18181818181818182
0.3333333333333333
0.18181818181818182
0.26666666666666666
0.26666666666666666
0.35294117647058826
0.42857142857142855
0.3
0.21428571428571427
0.3888888888888889
0.5
0.3
0.3333333333333333
0.3333333333333333
0.125
0.1
0.23076923076923078
0.21428571428571427
0.29411764705882354
0.3125
0.18181818181818182
0.35714285714285715
0.26666666666666666
0.14285714285714285
0.23076923076923078
0.5384615384615384
0.3333333333333333
0.2727272727272727
0.09090909090909091
0.38461538461538464
0.2222222222222222
0.4166666666666667
0.4
0.0
0.13333333333333333
0.4666666666666667
0.35714285714285715
0.2727272727272727
0.1111111111111111
0.1
0.3076923076923077
0.3076923076923077
0.2727272727272727
0.15384615384615385
0.15384615384615385
0.16666666666666666
0.058823529411764705
0.2
0.2222222222222222
0.3125
0.2857142857142857
0.07692307692307693
0.3333333333333333
0.23076923076923078
0.36363636363636365
0.16666666666666666
0.35714285714285715
0.07692307692307693
0.2777777777777778
0.35294117647058826
0.26666666666666666
0.3333333333333333
0.4166666666666667
0.1111111111111111
0.35714285714285715
0.23076923076923078
0.13333333333333333
0.16666666666666666
0.125
0.06666666666666667
0.3333333333333333
0.26666666666666666
0.35714285714285715
0.3333333333333333
0.38461538461538464
0.16666666666666666
0.21428571428571427
0.07142857142857142
0.3157894736842105
0.1111111111111111
0.23529411764705882
0.07142857142857142
0.2857142857142857
0.3333333333333333
0.35714285714285715
0.14285714285714285
0.21428571428571427
0.14285714285714285
0.3888888888888889
0.21428571428571427
0.26666666666666666
0.3333333333333333
0.18181818181818182
0.14285714285714285
0.2631578947368421
0.29411764705882354
0.21428571428571427
0.35294117647058826
0.15384615384615385
0.1875
0.25
0.25
0.13333333333333333
0.3333333333333333
0.23076923076923078
0.36363636363636365
0.36363636363636365
0.08333333333333333
0.23076923076923078
0.15384615384615385
0.29411764705882354
0.25
0.15
0.2631578947368421
0.3333333333333333
0.3333333333333333
0.2
0.08333333333333333
0.0625
0.25
0.23529411764705882
0.35294117647058826
0.21428571428571427
0.26666666666666666
0.14285714285714285
0.21428571428571427
0.21428571428571427
0.2
0.35294117647058826
0.42857142857142855
0.1
0.15384615384615385
0.3333333333333333
0.25
0.2727272727272727
0.2857142857142857
0.26666666666666666
0.21428571428571427
0.21428571428571427
0.17647058823529413
0.25
0.21428571428571427
0.29411764705882354
0.42857142857142855
0.35714285714285715
0.16666666666666666
0.14285714285714285
0.23076923076923078
0.13333333333333333
0.23529411764705882
0.35294117647058826
0.5
0.09090909090909091
0.3333333333333333
0.35714285714285715
0.2
0.3333333333333333
0.2
0.13333333333333333
0.2
0.15384615384615385
0.2857142857142857
0.4
0.2727272727272727
0.2727272727272727
0.07692307692307693
0.3157894736842105
0.25
0.2857142857142857
0.0
0.4375
0.25
0.25
0.4
0.16666666666666666
0.16666666666666666
0.2857142857142857
0.125
0.2631578947368421
0.3333333333333333
0.06666666666666667
0.3125
0.1875
0.29411764705882354
0.3125
0.1875
0.29411764705882354
0.07142857142857142
0.13333333333333333
0.11764705882352941
0.1875
0.4
0.23076923076923078
0.16666666666666666
0.25
0.4166666666666667
0.3
0.46153846153846156
0.3333333333333333
0.1111111111111111
0.25
0.38461538461538464
0.2
0.23076923076923078
0.23076923076923078
0.3333333333333333
0.0
0.17647058823529413
0.11764705882352941
0.3333333333333333
0.0625
0.3125
0.3076923076923077
0.23076923076923078
0.21428571428571427
0.29411764705882354
0.1875
0.3684210526315789
0.35714285714285715
0.3333333333333333
0.0
0.21428571428571427
0.26666666666666666
0.29411764705882354
0.25
0.11764705882352941
0.2222222222222222
0.375
0.3076923076923077
0.16666666666666666
0.42857142857142855
0.4
0.14285714285714285
0.06666666666666667
0.2631578947368421
0.23529411764705882
0.4
0.15384615384615385
0.35714285714285715
0.25
0.38461538461538464
0.3333333333333333
0.3
0.36363636363636365
0.2727272727272727
0.25
0.4166666666666667
0.25
0.25
0.16666666666666666
0.3076923076923077
0.14285714285714285
0.4
0.2857142857142857
0.0
0.1875
0.2
0.16666666666666666
0.2857142857142857
0.1875
0.0625
0.23529411764705882
0.2
0.14285714285714285
0.3157894736842105
0.25
0.3684210526315789
0.2
0.125
0.29411764705882354
0.42857142857142855
0.3333333333333333
0.1111111111111111
0.16666666666666666
0.2727272727272727
0.3076923076923077
0.3333333333333333
0.4666666666666667
0.2
0.1
0.2857142857142857
0.11764705882352941
0.4444444444444444
0.5
0.0
0.13333333333333333
0.125
0.25
0.2222222222222222
0.11764705882352941
0.25
0.2222222222222222
0.15789473684210525
0.29411764705882354
0.2
0.15384615384615385
0.06666666666666667
0.125
0.2222222222222222
0.3333333333333333
0.3333333333333333
0.3076923076923077
0.25
0.2857142857142857
0.25
0.09090909090909091
0.07142857142857142
0.3
0.3125
0.14285714285714285
0.11764705882352941
0.25
0.11764705882352941
0.16666666666666666
0.25
0.26666666666666666
0.058823529411764705
0.3157894736842105
0.375
0.15384615384615385
0.1875
0.1875
0.1111111111111111
0.2222222222222222
0.058823529411764705
0.29411764705882354
0.2
0.4375
0.07692307692307693
0.35294117647058826
0.058823529411764705
0.23529411764705882
0.3333333333333333
0.23076923076923078
0.3333333333333333
0.4666666666666667
0.2727272727272727
0.0
0.4666666666666667
0.1
0.2727272727272727
0.3333333333333333
0.25
0.3125
0.15384615384615385
0.21428571428571427
0.26666666666666666
0.2
0.21052631578947367
0.17647058823529413
0.3125
0.42857142857142855
0.2727272727272727
0.1111111111111111
0.14285714285714285
0.21428571428571427
0.14285714285714285
0.2
0.3076923076923077
0.38461538461538464
0.09090909090909091
0.0625
0.15789473684210525
0.3888888888888889
0.26666666666666666
0.23076923076923078
0.42857142857142855
0.2727272727272727
0.16666666666666666
0.4166666666666667
0.2
0.25
0.2727272727272727
0.45454545454545453
0.36363636363636365
0.16666666666666666
0.07692307692307693
0.29411764705882354
0.21428571428571427
0.07142857142857142
0.13333333333333333
0.29411764705882354
0.4375
0.18181818181818182
0.14285714285714285
0.17647058823529413
0.3125
0.16666666666666666
0.21428571428571427
0.25
0.2857142857142857
0.38461538461538464
0.4
0.2222222222222222
0.25
0.3333333333333333
0.14285714285714285
0.3076923076923077
0.4166666666666667
0.3333333333333333
0.2727272727272727
0.5
0.1
0.07692307692307693
0.375
0.23076923076923078
0.2857142857142857
0.18181818181818182
0.08333333333333333
0.1875
0.26666666666666666
0.2
0.21428571428571427
0.2857142857142857
0.23076923076923078
0.0625
0.42105263157894735
0.3333333333333333
0.3076923076923077
0.09090909090909091
0.4166666666666667
0.1111111111111111
0.21428571428571427
0.2857142857142857
0.14285714285714285
0.4
0.14285714285714285
0.05263157894736842
0.3333333333333333
0.375
0.3076923076923077
0.09090909090909091
0.36363636363636365
0.1111111111111111
0.16666666666666666
0.42857142857142855
0.3333333333333333
0.21428571428571427
0.5
0.25
0.2
0.46153846153846156
0.42857142857142855
0.3333333333333333
0.0
0.4166666666666667
0.15384615384615385
0.21428571428571427
0.2
0.1875
0.2
0.2
0.4
0.2857142857142857
0.23076923076923078
0.23076923076923078
0.2
0.2857142857142857
0.38461538461538464
0.2857142857142857
0.1111111111111111
0.23529411764705882
0.25
0.15384615384615385
0.3125
0.3076923076923077
0.4166666666666667
0.36363636363636365
0.0
0.14285714285714285
0.2631578947368421
0.2222222222222222
0.23529411764705882
0.25
0.21428571428571427
0.21428571428571427
0.1111111111111111
0.23809523809523808
0.1111111111111111
0.2631578947368421
0.21052631578947367
0.2631578947368421
0.13333333333333333
0.3333333333333333
0.26666666666666666
0.42857142857142855
0.2
0.16666666666666666
0.2
0.35714285714285715
0.2727272727272727
0.07692307692307693
0.14285714285714285
0.17647058823529413
0.3888888888888889
0.07692307692307693
0.21428571428571427
0.2
0.3333333333333333
0.38461538461538464
0.2222222222222222
0.2
0.36363636363636365
0.5
0.5
0.14285714285714285
0.15384615384615385
0.2857142857142857
0.26666666666666666
0.13333333333333333
0.4117647058823529
0.16666666666666666
0.13333333333333333
0.3157894736842105
0.35294117647058826
0.35294117647058826
0.14285714285714285
0.3076923076923077
0.15384615384615385
0.125
0.11764705882352941
0.25
0.15
0.21052631578947367
0.17647058823529413
0.3125
0.3333333333333333
0.21428571428571427
0.35294117647058826
0.17647058823529413
0.17647058823529413
0.35294117647058826
0.3125
0.3333333333333333
0.15384615384615385
0.3076923076923077
0.2
0.2727272727272727
0.25
0.2857142857142857
0.15384615384615385
0.3076923076923077
0.3076923076923077
0.2
0.3125
0.3333333333333333
0.18181818181818182
0.4166666666666667
0.4166666666666667
0.2727272727272727
0.25
0.23076923076923078
0.2
0.21428571428571427
0.35294117647058826
0.25
0.23076923076923078
0.18181818181818182
0.3
0.15384615384615385
0.2857142857142857
0.35714285714285715
0.3076923076923077
0.25
0.25
0.36363636363636365
0.36363636363636365
0.18181818181818182
0.25
0.23076923076923078
0.38461538461538464
0.0625
0.3157894736842105
0.2
0.1875
0.23529411764705882
0.23529411764705882
0.5
0.25
0.25
0.18181818181818182
0.07692307692307693
0.23529411764705882
0.16666666666666666
0.35294117647058826
0.125
0.26666666666666666
0.29411764705882354
0.26666666666666666
0.2
0.3684210526315789
0.07142857142857142
0.2222222222222222
0.13333333333333333
0.29411764705882354
0.2222222222222222
0.2222222222222222
0.35294117647058826
0.15384615384615385
0.3333333333333333
0.4166666666666667
0.2857142857142857
0.21428571428571427
0.2857142857142857
0.21428571428571427
0.23076923076923078
0.0625
0.3888888888888889
0.3333333333333333
0.18181818181818182
0.36363636363636365
0.4444444444444444
0.1111111111111111
0.4166666666666667
0.15384615384615385
0.23076923076923078
0.3333333333333333
0.1875
0.16666666666666666
0.3684210526315789
0.25
0.21428571428571427
0.2
0.2
0.3333333333333333
0.08333333333333333
0.23529411764705882
0.13333333333333333
0.35714285714285715
0.3076923076923077
0.08333333333333333
0.15384615384615385
0.2857142857142857
0.125
0.17647058823529413
0.23529411764705882
0.13333333333333333
0.2777777777777778
0.05263157894736842
0.22727272727272727
0.3888888888888889
0.3333333333333333
0.375
0.3076923076923077
0.18181818181818182
0.23076923076923078
0.2727272727272727
0.0
0.21428571428571427
0.13333333333333333
0.3125
0.2631578947368421
0.23529411764705882
0.3125
0.35714285714285715
0.45454545454545453
0.2222222222222222
0.5384615384615384
0.2222222222222222
0.4
0.45454545454545453
0.25
0.09090909090909091
0.2
0.29411764705882354
0.07692307692307693
0.2
0.2
0.38461538461538464
0.2
0.08333333333333333
0.3333333333333333
0.25
0.3125
0.1875
0.26666666666666666
0.23076923076923078
0.25
0.21428571428571427
0.29411764705882354
0.2
0.25
0.06666666666666667
0.3157894736842105
0.35714285714285715
0.47058823529411764
0.4
0.125
0.2
0.25
0.0625
0.29411764705882354
0.25
0.14285714285714285
0.15384615384615385
0.2857142857142857
0.15384615384615385
0.3125
0.2857142857142857
0.2857142857142857
0.09090909090909091
0.23076923076923078
0.125
0.35294117647058826
0.23529411764705882
0.3333333333333333
0.0
0.0625
0.21052631578947367
0.11764705882352941
0.2
0.2777777777777778
0.2
0.375
0.2857142857142857
0.2
0.14285714285714285
0.23529411764705882
0.23076923076923078
0.23076923076923078
0.15384615384615385
0.26666666666666666
0.21428571428571427
0.46153846153846156
0.08333333333333333
0.16666666666666666
0.46153846153846156
0.3
0.25
0.21428571428571427
0.2777777777777778
0.2
0.15384615384615385
0.38461538461538464
0.2222222222222222
0.25
0.26666666666666666
0.15384615384615385
0.14285714285714285
0.1875
0.26666666666666666
0.06666666666666667
0.2222222222222222
0.2
0.2
0.1875
0.25
0.26666666666666666
0.23076923076923078
0.2
0.14285714285714285
0.25
0.47058823529411764
0.08333333333333333
0.3888888888888889
0.25
0.08333333333333333
0.17647058823529413
0.29411764705882354
0.42857142857142855
0.3333333333333333
0.3076923076923077
0.3076923076923077
0.23076923076923078
0.36363636363636365
0.18181818181818182
0.15384615384615385
0.3125
0.2857142857142857
0.21428571428571427
0.23076923076923078
0.15384615384615385
0.17647058823529413
0.2
0.16666666666666666
0.2631578947368421
0.3157894736842105
0.1875
0.1875
0.2222222222222222
0.125
0.3125
0.1875
0.3333333333333333
0.21428571428571427
0.21428571428571427
0.3333333333333333
0.25
0.08333333333333333
0.35714285714285715
0.3333333333333333
0.375
0.15384615384615385
0.3076923076923077
0.16666666666666666
0.125
0.16666666666666666
0.23529411764705882
0.1875
0.2
0.0625
0.2777777777777778
0.4
0.3076923076923077
0.16666666666666666
0.35294117647058826
0.3076923076923077
0.16666666666666666
0.25
0.3076923076923077
0.2857142857142857
0.23076923076923078
0.13333333333333333
0.3125
0.26666666666666666
0.23076923076923078
0.23076923076923078
0.42857142857142855
0.23076923076923078
0.36363636363636365
0.2
0.2857142857142857
0.15384615384615385
0.4
0.5
0.08333333333333333
0.23076923076923078
0.2
0.4
0.15384615384615385
0.21428571428571427
0.25
0.2631578947368421
0.13333333333333333
0.4
0.38461538461538464
0.18181818181818182
0.2857142857142857
0.23076923076923078
0.21428571428571427
0.2857142857142857
0.21428571428571427
0.07142857142857142
0.11764705882352941
0.2777777777777778
0.3333333333333333
0.375
0.3076923076923077
0.42857142857142855
0.2
0.25
0.3
0.35714285714285715
0.21428571428571427
0.35714285714285715
0.375
0.15384615384615385
0.14285714285714285
0.2
0.2857142857142857
0.23076923076923078
0.13333333333333333
0.4444444444444444
0.4166666666666667
0.2222222222222222
0.18181818181818182
0.23076923076923078
0.21428571428571427
0.4
0.2
0.42857142857142855
0.0625
0.2631578947368421
0.11764705882352941
0.3157894736842105
0.125
0.3684210526315789
0.21428571428571427
0.14285714285714285
0.125
0.15789473684210525
0.2777777777777778
0.23529411764705882
0.1875
0.2777777777777778
0.26666666666666666
0.38461538461538464
0.2
0.2
0.08333333333333333
0.21428571428571427
0.125
0.3125
0.2857142857142857
0.15384615384615385
0.21428571428571427
0.0625
0.2
0.16666666666666666
0.21052631578947367
0.2777777777777778
0.3333333333333333
0.15384615384615385
0.26666666666666666
0.23076923076923078
0.23076923076923078
0.0
0.3157894736842105
0.26666666666666666
0.2
0.21428571428571427
0.15384615384615385
0.0
0.5
0.15384615384615385
0.07692307692307693
0.3125
0.4166666666666667
0.36363636363636365
0.09090909090909091
0.42857142857142855
0.18181818181818182
0.45454545454545453
0.08333333333333333
0.46153846153846156
0.2727272727272727
0.4166666666666667
0.2
0.2
0.21428571428571427
0.4666666666666667
0.16666666666666666
0.35714285714285715
0.2857142857142857
0.14285714285714285
0.26666666666666666
0.23076923076923078
0.2727272727272727
0.2727272727272727
0.2727272727272727
0.08333333333333333
0.17647058823529413
0.2631578947368421
0.23529411764705882
0.375
0.2727272727272727
0.16666666666666666
0.1875
0.3125
0.3125
0.16666666666666666
0.2857142857142857
0.21428571428571427
0.3333333333333333
0.2857142857142857
0.25
0.23076923076923078
0.1875
0.17647058823529413
0.3888888888888889
0.125
0.2631578947368421
0.23529411764705882
0.4375
0.36363636363636365
0.2727272727272727
0.18181818181818182
0.3333333333333333
0.25
0.2
0.125
0.10526315789473684
0.4
0.4
0.14285714285714285
0.25
0.1111111111111111
0.1111111111111111
0.2777777777777778
0.25
0.25
0.2857142857142857
0.2857142857142857
0.18181818181818182
0.3333333333333333
0.15384615384615385
0.21428571428571427
0.23529411764705882
0.35
0.15384615384615385
0.4
0.25
0.2
0.26666666666666666
0.23076923076923078
0.3333333333333333
0.35714285714285715
0.23076923076923078
0.4
0.3
0.18181818181818182
0.25
0.25
0.17647058823529413
0.1875
0.35294117647058826
0.11764705882352941
0.3333333333333333
0.42857142857142855
0.15384615384615385
0.35294117647058826
0.21428571428571427
0.23076923076923078
0.4666666666666667
0.38461538461538464
0.4
0.7777777777777778
0.4444444444444444
0.14285714285714285
0.2222222222222222
0.3
0.4
0.3333333333333333
0.42857142857142855
0.18181818181818182
0.3333333333333333
0.45454545454545453
0.2222222222222222
0.16666666666666666
0.15384615384615385
0.25
0.2222222222222222
0.3125
0.25
0.21428571428571427
0.375
0.14285714285714285
0.23529411764705882
0.07142857142857142
0.17647058823529413
0.3333333333333333
0.3
0.2727272727272727
0.3333333333333333
0.4
0.45454545454545453
0.6666666666666666
0.0
0.14285714285714285
0.14285714285714285
0.1111111111111111
0.2631578947368421
0.25
0.15384615384615385
0.3333333333333333
0.18181818181818182
0.2
0.11764705882352941
0.29411764705882354
0.1875
0.3333333333333333
0.23076923076923078
0.16666666666666666
0.25
0.46153846153846156
0.2727272727272727
0.3
0.2222222222222222
0.4
0.3333333333333333
0.1111111111111111
0.1
0.2
0.25
0.2631578947368421
0.17647058823529413
0.4
0.15384615384615385
0.13333333333333333
0.2222222222222222
0.4444444444444444
0.2
0.13333333333333333
0.25
0.4
0.5384615384615384
0.46153846153846156
0.3
0.1
0.3333333333333333
0.09090909090909091
0.4
0.42857142857142855
0.25
0.25
0.15384615384615385
0.3333333333333333
0.2857142857142857
0.06666666666666667
0.16666666666666666
0.16666666666666666
0.2777777777777778
0.35714285714285715
0.35714285714285715
0.1
0.1875
0.26666666666666666
0.35714285714285715
0.25
0.15384615384615385
0.3125
0.2
0.11764705882352941
0.26666666666666666
0.08333333333333333
0.1875
0.11764705882352941
0.2222222222222222
0.2
0.1875
0.21052631578947367
0.06666666666666667
0.29411764705882354
0.35294117647058826
0.26666666666666666
0.23076923076923078
0.46153846153846156
0.3333333333333333
0.0
0.3333333333333333
0.3333333333333333
0.23076923076923078
0.09090909090909091
0.2
0.2
0.3333333333333333
0.4666666666666667
0.25
0.2727272727272727
0.3
0.3076923076923077
0.2857142857142857
0.13333333333333333
0.3125
0.4
0.3333333333333333
0.16666666666666666
0.4375
0.36363636363636365
0.21428571428571427
0.16666666666666666
0.15789473684210525
0.15789473684210525
0.2222222222222222
0.35294117647058826
0.3076923076923077
0.5
0.16666666666666666
0.35714285714285715
0.3125
0.25
0.15384615384615385
0.2857142857142857
0.08333333333333333
0.3333333333333333
0.11764705882352941
0.3
0.2222222222222222
0.2222222222222222
0.2857142857142857
0.36363636363636365
0.3
0.0
0.26666666666666666
0.26666666666666666
0.3125
0.15384615384615385
0.375
0.5333333333333333
0.3
0.36363636363636365
0.2727272727272727
0.38461538461538464
0.3333333333333333
0.26666666666666666
0.2222222222222222
0.21052631578947367
0.21052631578947367
0.17647058823529413
0.3333333333333333
0.26666666666666666
0.0625
0.3684210526315789
0.375
0.08333333333333333
0.2
0.2
0.35714285714285715
0.06666666666666667
0.2
0.23529411764705882
0.25
0.42857142857142855
0.2727272727272727
0.15384615384615385
0.15384615384615385
0.2
0.2222222222222222
0.13333333333333333
0.2
0.14285714285714285
0.3076923076923077
0.16666666666666666
0.15384615384615385
0.13333333333333333
0.11764705882352941
0.23529411764705882
0.4117647058823529
0.13333333333333333
0.17647058823529413
0.21052631578947367
0.29411764705882354
0.2
0.26666666666666666
0.21428571428571427
0.3125
0.25
0.38461538461538464
0.35714285714285715
0.18181818181818182
0.23076923076923078
0.42857142857142855
0.2857142857142857
0.2857142857142857
0.07142857142857142
0.3333333333333333
0.3333333333333333
0.15384615384615385
0.35714285714285715
0.3333333333333333
0.36363636363636365
0.4
0.2
0.21052631578947367
0.2777777777777778
0.17647058823529413
0.17647058823529413
0.4
0.15384615384615385
0.23076923076923078
0.125
0.25
0.125
0.23529411764705882
0.14285714285714285
0.21428571428571427
0.3125
0.21428571428571427
0.23529411764705882
0.21428571428571427
0.23076923076923078
0.23076923076923078
0.15384615384615385
0.0625
0.38095238095238093
0.17647058823529413
0.23529411764705882
0.25
0.13333333333333333
0.2857142857142857
0.15384615384615385
0.17647058823529413
0.2222222222222222
0.375
0.16666666666666666
0.2777777777777778
0.2857142857142857
0.1875
0.17647058823529413
0.25
0.2
0.35294117647058826
0.38461538461538464
0.2857142857142857
0.2857142857142857
0.21428571428571427
0.21428571428571427
0.14285714285714285
0.2
0.2
0.3333333333333333
0.36363636363636365
0.38461538461538464
0.09090909090909091
0.15384615384615385
0.35714285714285715
0.06666666666666667
0.15789473684210525
0.3333333333333333
0.14285714285714285
0.1875
0.2777777777777778
0.3125
0.1875
0.25
0.5
0.4444444444444444
0.2
0.3333333333333333
0.3076923076923077
0.17647058823529413
0.29411764705882354
0.16666666666666666
0.15789473684210525
0.3333333333333333
0.35294117647058826
0.08333333333333333
0.3076923076923077
0.21428571428571427
0.25
0.38461538461538464
0.6
0.25
0.08333333333333333
0.2857142857142857
0.21428571428571427
0.2
0.2857142857142857
0.2
0.4375
0.14285714285714285
0.4
0.36363636363636365
0.1111111111111111
0.3333333333333333
0.09090909090909091
0.3333333333333333
0.35714285714285715
0.16666666666666666
0.0625
0.23529411764705882
0.3157894736842105
0.3333333333333333
0.15384615384615385
0.15384615384615385
0.23076923076923078
0.3076923076923077
0.15384615384615385
0.375
0.25
0.3333333333333333
0.38461538461538464
0.2727272727272727
0.3076923076923077
0.0
0.14285714285714285
0.29411764705882354
0.35714285714285715
0.16666666666666666
0.2857142857142857
0.42857142857142855
0.4444444444444444
0.18181818181818182
0.2857142857142857
0.2
0.23529411764705882
0.35294117647058826
0.2
0.23529411764705882
0.2857142857142857
0.2
0.25
0.17647058823529413
0.25
0.4117647058823529
0.25
0.2857142857142857
0.09090909090909091
0.2727272727272727
0.26666666666666666
0.38461538461538464
0.4166666666666667
0.38461538461538464
0.15384615384615385
0.14285714285714285
0.2
0.26666666666666666
0.25
0.4117647058823529
0.38461538461538464
0.2727272727272727
0.23076923076923078
0.38461538461538464
0.3333333333333333
0.3333333333333333
0.45454545454545453
0.125
0.15384615384615385
0.2
0.2857142857142857
0.2857142857142857
0.25
0.1875
0.2857142857142857
0.26666666666666666
0.35714285714285715
0.14285714285714285
0.11764705882352941
0.2631578947368421
0.35294117647058826
0.08333333333333333
0.2
0.13333333333333333
0.4
0.35714285714285715
0.36363636363636365
0.09090909090909091
0.35714285714285715
0.25
0.5454545454545454
0.25
0.1
0.21428571428571427
0.2857142857142857
0.23529411764705882
0.21428571428571427
0.21428571428571427
0.375
0.23076923076923078
0.35714285714285715
0.4166666666666667
0.17647058823529413
0.3157894736842105
0.3333333333333333
0.2857142857142857
0.3076923076923077
0.3888888888888889
0.15384615384615385
0.14285714285714285
0.26666666666666666
0.3333333333333333
0.3
0.25
0.23076923076923078
0.38461538461538464
0.1
0.3076923076923077
0.08333333333333333
0.2857142857142857
0.21428571428571427
0.2
0.21428571428571427
0.3076923076923077
0.2857142857142857
0.4166666666666667
0.09090909090909091
0.35714285714285715
0.09090909090909091
0.3125
0.23076923076923078
0.15384615384615385
0.14285714285714285
0.23529411764705882
0.16666666666666666
0.2222222222222222
0.3333333333333333
0.1
0.2
0.16666666666666666
0.25
0.4
0.26666666666666666
0.1875
0.2
0.21428571428571427
0.26666666666666666
0.17647058823529413
0.3157894736842105
0.29411764705882354
0.11764705882352941
0.3333333333333333
0.42857142857142855
0.1
0.1
0.3333333333333333
0.4166666666666667
0.15384615384615385
0.13333333333333333
0.14285714285714285
0.23809523809523808
0.13636363636363635
0.2857142857142857
0.3333333333333333
0.26666666666666666
0.25
0.18181818181818182
0.35714285714285715
0.14285714285714285
0.23529411764705882
0.2857142857142857
0.15384615384615385
0.2857142857142857
0.07692307692307693
0.16666666666666666
0.23529411764705882
0.23529411764705882
0.35714285714285715
0.18181818181818182
0.1875
0.2777777777777778
0.23529411764705882
0.3125
0.21428571428571427
0.3125
0.4166666666666667
0.36363636363636365
0.25
0.14285714285714285
0.17647058823529413
0.2
0.23529411764705882
0.0625
0.23529411764705882
0.1875
0.3333333333333333
0.14285714285714285
0.2
0.375
0.15384615384615385
0.06666666666666667
0.21052631578947367
0.29411764705882354
0.2
0.25
0.16666666666666666
0.07692307692307693
0.2
0.1875
0.35294117647058826
0.16666666666666666
0.17647058823529413
0.29411764705882354
0.2
0.15384615384615385
0.13333333333333333
0.35294117647058826
0.46153846153846156
0.2
0.08333333333333333
0.14285714285714285
0.4
0.14285714285714285
0.2
0.25
0.375
0.07142857142857142
0.21428571428571427
0.3076923076923077
0.2
0.21428571428571427
0.3125
0.3333333333333333
0.23076923076923078
0.15384615384615385
0.2
0.21428571428571427
0.23076923076923078
0.4166666666666667
0.4
0.25
0.1111111111111111
0.08333333333333333
0.25
0.14285714285714285
0.17647058823529413
0.1111111111111111
0.2631578947368421
0.3125
0.26666666666666666
0.1875
0.375
0.21428571428571427
0.2
0.23076923076923078
0.2
0.21428571428571427
0.4117647058823529
0.2857142857142857
0.35714285714285715
0.45454545454545453
0.0
0.16666666666666666
0.21428571428571427
0.25
0.125
0.3333333333333333
0.2857142857142857
0.3333333333333333
0.15384615384615385
0.5
0.1
0.3333333333333333
0.2
0.25
0.38461538461538464
0.15384615384615385
0.3125
0.2
0.14285714285714285
0.2777777777777778
0.1875
0.15
0.2631578947368421
0.06666666666666667
0.2777777777777778
0.16666666666666666
0.21052631578947367
0.23529411764705882
0.23529411764705882
0.2857142857142857
0.5
0.125
0.2727272727272727
0.25
0.13333333333333333
0.0625
0.25
0.2
0.26666666666666666
0.25
0.38461538461538464
0.25
0.08333333333333333
0.25
0.3333333333333333
0.14285714285714285
0.2
0.46153846153846156
0.23076923076923078
0.15384615384615385
0.1875
0.23529411764705882
0.2
0.17647058823529413
0.17647058823529413
0.16666666666666666
0.2631578947368421
0.16666666666666666
0.17647058823529413
0.21428571428571427
0.15384615384615385
0.16666666666666666
0.08333333333333333
0.25
0.3076923076923077
0.16666666666666666
0.15384615384615385
0.3076923076923077
0.25
0.35714285714285715
0.21428571428571427
0.26666666666666666
0.06666666666666667
0.2777777777777778
0.3333333333333333
0.25
0.23076923076923078
0.21428571428571427
0.14285714285714285
0.15384615384615385
0.26666666666666666
0.4
0.3076923076923077
0.13333333333333333
0.29411764705882354
0.2
0.42857142857142855
0.45454545454545453
0.25
0.3333333333333333
0.35714285714285715
0.2
0.17647058823529413
0.3125
0.21428571428571427
0.2
0.16666666666666666
0.13333333333333333
0.35714285714285715
0.2
0.17647058823529413
0.29411764705882354
0.3076923076923077
0.14285714285714285
0.2777777777777778
0.3125
0.35714285714285715
0.08333333333333333
0.125
0.3157894736842105
0.23529411764705882
0.3333333333333333
0.21428571428571427
0.0
0.2
0.18181818181818182
0.13636363636363635
0.2
0.2222222222222222
0.3333333333333333
0.26666666666666666
0.15384615384615385
0.21428571428571427
0.42857142857142855
0.2
0.2727272727272727
0.45454545454545453
0.375
0.3333333333333333
0.42857142857142855
0.2857142857142857
0.07692307692307693
0.23529411764705882
0.19047619047619047
0.21052631578947367
0.2222222222222222
0.3125
0.4
0.07692307692307693
0.2
0.35714285714285715
0.2727272727272727
0.15384615384615385
0.2
0.3076923076923077
0.2857142857142857
0.2857142857142857
0.26666666666666666
0.07142857142857142
0.13333333333333333
0.16666666666666666
0.375
0.07692307692307693
0.23076923076923078
0.25
0.21428571428571427
0.3333333333333333
0.13333333333333333
0.25
0.35714285714285715
0.3125
0.3157894736842105
0.2
0.3333333333333333
0.2727272727272727
0.25
0.3333333333333333
0.36363636363636365
0.375
0.2
0.3076923076923077
0.07142857142857142
0.2857142857142857
0.1875
0.25
0.07142857142857142
0.17647058823529413
0.13333333333333333
0.2
0.11764705882352941
0.1111111111111111
0.29411764705882354
0.3333333333333333
0.21428571428571427
0.23076923076923078
0.13333333333333333
0.4117647058823529
0.3333333333333333
0.07142857142857142
0.11764705882352941
0.2222222222222222
0.3125
0.13333333333333333
0.06666666666666667
0.2777777777777778
0.25
0.3076923076923077
0.23076923076923078
0.15384615384615385
0.4166666666666667
0.4
0.4444444444444444
0.2857142857142857
0.18181818181818182
0.1875
0.1875
0.125
0.2777777777777778
0.35714285714285715
0.09090909090909091
0.1875
0.25
0.14285714285714285
0.25
0.16666666666666666
0.4117647058823529
0.23076923076923078
0.25
0.2222222222222222
0.29411764705882354
0.42857142857142855
0.14285714285714285
0.21428571428571427
0.2857142857142857
0.2857142857142857
0.21428571428571427
0.3333333333333333
0.25
0.4375
0.14285714285714285
0.21428571428571427
0.3333333333333333
0.5454545454545454
0.2222222222222222
0.5
0.1
0.5833333333333334
0.4444444444444444
0.16666666666666666
0.46153846153846156
0.3
0.2727272727272727
0.2857142857142857
0.21428571428571427
0.3076923076923077
0.2857142857142857
0.5
0.4444444444444444
0.25
0.3333333333333333
0.0
0.25
0.0
0.2777777777777778
0.2
0.3125
0.1875
0.26666666666666666
0.2857142857142857
0.2857142857142857
0.16666666666666666
0.18181818181818182
0.2
0.3888888888888889
0.4166666666666667
0.38461538461538464
0.2
0.21428571428571427
0.2
0.2857142857142857
0.23076923076923078
0.15384615384615385
0.3333333333333333
0.4
0.25
0.15384615384615385
0.25
0.23529411764705882
0.125
0.2857142857142857
0.08333333333333333
0.21428571428571427
0.3125
0.2857142857142857
0.6153846153846154
0.5
0.25
0.18181818181818182
0.14285714285714285
0.13333333333333333
0.17647058823529413
0.4375
0.2
0.2222222222222222
0.36363636363636365
0.36363636363636365
0.1
0.15384615384615385
0.29411764705882354
0.26666666666666666
0.21428571428571427
0.23076923076923078
0.21428571428571427
0.08333333333333333
0.4
0.35714285714285715
0.18181818181818182
0.3333333333333333
0.16666666666666666
0.23076923076923078
0.13333333333333333
0.35294117647058826
0.3333333333333333
0.3076923076923077
0.0
0.10526315789473684
0.2857142857142857
0.4444444444444444
0.21428571428571427
0.16666666666666666
0.25
0.29411764705882354
0.14285714285714285
0.23076923076923078
0.38461538461538464
0.36363636363636365
0.3333333333333333
0.23076923076923078
0.15384615384615385
0.2
0.2777777777777778
0.14285714285714285
0.4375
0.4
0.1111111111111111
0.1
0.08333333333333333
0.3125
0.2
0.15384615384615385
0.0
0.21052631578947367
0.11764705882352941
0.21052631578947367
0.29411764705882354
0.2857142857142857
0.3076923076923077
0.0
0.17647058823529413
0.35294117647058826
0.2857142857142857
0.15384615384615385
0.35714285714285715
0.25
0.16666666666666666
0.16666666666666666
0.23076923076923078
0.5
0.3
0.09090909090909091
0.14285714285714285
0.23076923076923078
0.125
0.2777777777777778
0.2
0.2
0.23529411764705882
0.23529411764705882
0.23076923076923078
0.18181818181818182
0.23076923076923078
0.13333333333333333
0.125
0.2857142857142857
0.23529411764705882
0.2857142857142857
0.16666666666666666
0.21428571428571427
0.058823529411764705
0.2727272727272727
0.2631578947368421
0.125
0.13333333333333333
0.23529411764705882
0.2857142857142857
0.08333333333333333
0.35714285714285715
0.38461538461538464
0.3333333333333333
0.08333333333333333
0.23076923076923078
0.23076923076923078
0.13333333333333333
0.26666666666666666
0.2222222222222222
0.25
0.2857142857142857
0.36363636363636365
0.2222222222222222
0.3333333333333333
0.18181818181818182
0.16666666666666666
0.38461538461538464
0.2727272727272727
0.1111111111111111
0.2857142857142857
0.35294117647058826
0.6470588235294118
0.2857142857142857
0.375
0.2727272727272727
0.0
0.3
0.17647058823529413
0.2222222222222222
0.2222222222222222
0.2777777777777778
0.4375
0.16666666666666666
0.21428571428571427
0.26666666666666666
0.17647058823529413
0.47058823529411764
0.23076923076923078
0.4166666666666667
0.1111111111111111
0.1875
0.2222222222222222
0.2222222222222222
0.21052631578947367
0.17647058823529413
0.2777777777777778
0.25
0.25
0.23076923076923078
0.5384615384615384
0.2
0.2727272727272727
0.2
0.3333333333333333
0.14285714285714285
0.2857142857142857
0.4375
0.23076923076923078
0.16666666666666666
0.25
0.26666666666666666
0.3125
0.15384615384615385
0.3333333333333333
0.3076923076923077
0.2631578947368421
0.2
0.21428571428571427
0.25
0.38461538461538464
0.5
0.3076923076923077
0.26666666666666666
0.14285714285714285
0.0625
0.2222222222222222
0.17647058823529413
0.15
0.21739130434782608
0.2222222222222222
0.21428571428571427
0.14285714285714285
0.42857142857142855
0.09090909090909091
0.2857142857142857
0.21428571428571427
0.38461538461538464
0.16666666666666666
0.36363636363636365
0.14285714285714285
0.26666666666666666
0.3125
0.25
0.14285714285714285
0.1875
0.35294117647058826
0.26666666666666666
0.38461538461538464
0.13333333333333333
0.1875
0.25
0.26666666666666666
0.15384615384615385
0.2857142857142857
0.35714285714285715
0.21428571428571427
0.14285714285714285
0.21428571428571427
0.4
0.26666666666666666
0.2857142857142857
0.2857142857142857
0.38461538461538464
0.2727272727272727
0.3076923076923077
0.25
0.09090909090909091
0.2
0.26666666666666666
0.07692307692307693
0.23529411764705882
0.2
0.14285714285714285
0.2631578947368421
0.17647058823529413
0.125
0.17647058823529413
0.3
0.35294117647058826
0.3333333333333333
0.46153846153846156
0.2
0.5454545454545454
0.18181818181818182
0.29411764705882354
0.25
0.2857142857142857
0.18181818181818182
0.35714285714285715
0.25
0.07692307692307693
0.3125
0.21428571428571427
0.2
0.25
0.3333333333333333
0.13333333333333333
0.29411764705882354
0.35714285714285715
0.2
0.2
0.2857142857142857
0.35714285714285715
0.2
0.14285714285714285
0.25
0.21428571428571427
0.21428571428571427
0.23529411764705882
0.3888888888888889
0.4166666666666667
0.2222222222222222
0.5
0.2
0.18181818181818182
0.13333333333333333
0.23529411764705882
0.15789473684210525
0.25
0.16666666666666666
0.3333333333333333
0.3125
0.11764705882352941
0.25
0.125
0.4
0.25
0.46153846153846156
0.2
0.06666666666666667
0.3888888888888889
0.15384615384615385
0.3076923076923077
0.3333333333333333
0.09090909090909091
0.25
0.3125
0.07142857142857142
0.17647058823529413
0.17647058823529413
0.2222222222222222
0.17647058823529413
0.2
0.2
0.2777777777777778
0.23076923076923078
0.3076923076923077
0.2727272727272727
0.2727272727272727
0.3333333333333333
0.0
0.25
0.3076923076923077
0.2727272727272727
0.3
0.2857142857142857
0.42857142857142855
0.45454545454545453
0.3333333333333333
0.3
0.3333333333333333
0.2727272727272727
0.1
0.21428571428571427
0.25
0.35714285714285715
0.13333333333333333
0.2222222222222222
0.21052631578947367
0.3125
0.15384615384615385
0.23076923076923078
0.2857142857142857
0.15384615384615385
0.11764705882352941
0.16666666666666666
0.17647058823529413
0.06666666666666667
0.0625
0.3157894736842105
0.3125
0.42857142857142855
0.2
0.18181818181818182
0.35714285714285715
0.3076923076923077
0.3333333333333333
0.3333333333333333
0.09090909090909091
0.3333333333333333
0.2222222222222222
0.0
0.13333333333333333
0.3333333333333333
0.0
0.3333333333333333
0.21428571428571427
0.14285714285714285
0.13333333333333333
0.23529411764705882
0.3333333333333333
0.26666666666666666
0.26666666666666666
0.1875
0.35294117647058826
0.21428571428571427
0.2
0.2
0.1875
0.2857142857142857
0.3125
0.14285714285714285
0.2
0.13333333333333333
0.2
0.1875
0.1875
0.4375
0.23076923076923078
0.13333333333333333
0.2857142857142857
0.2222222222222222
0.29411764705882354
0.13333333333333333
0.2777777777777778
0.5625
0.4
0.3333333333333333
0.16666666666666666
0.23076923076923078
0.1875
0.42857142857142855
0.07692307692307693
0.1111111111111111
0.42105263157894735
0.2
0.07692307692307693
0.3157894736842105
0.4117647058823529
0.2857142857142857
0.23076923076923078
0.16666666666666666
0.2857142857142857
0.38461538461538464
0.5454545454545454
0.5
0.18181818181818182
0.35714285714285715
0.23076923076923078
0.2857142857142857
0.3076923076923077
0.11764705882352941
0.29411764705882354
0.23529411764705882
0.35294117647058826
0.3125
0.3076923076923077
0.3076923076923077
0.2857142857142857
0.35714285714285715
0.36363636363636365
0.09090909090909091
0.29411764705882354
0.38461538461538464
0.18181818181818182
0.18181818181818182
0.18181818181818182
0.125
0.11764705882352941
0.23809523809523808
0.2
0.15
0.3684210526315789
0.2
0.38461538461538464
0.21428571428571427
0.3125
0.15384615384615385
0.14285714285714285
0.2777777777777778
0.26666666666666666
0.125
0.1875
0.125
0.15
0.21739130434782608
0.0
0.22727272727272727
0.3684210526315789
0.3125
0.25
0.17647058823529413
0.35714285714285715
0.2857142857142857
0.3076923076923077
0.08333333333333333
0.06666666666666667
0.4117647058823529
0.3076923076923077
0.25
0.2727272727272727
0.35714285714285715
0.4166666666666667
0.25
0.14285714285714285
0.23076923076923078
0.3076923076923077
0.08333333333333333
0.07692307692307693
0.3125
0.3333333333333333
0.15384615384615385
0.21428571428571427
0.2
0.3157894736842105
0.2777777777777778
0.35294117647058826
0.4666666666666667
0.46153846153846156
0.1
0.2727272727272727
0.3076923076923077
0.21428571428571427
0.29411764705882354
0.07692307692307693
0.2
0.25
0.29411764705882354
0.14285714285714285
0.14285714285714285
0.125
0.17647058823529413
0.2222222222222222
0.15789473684210525
0.14285714285714285
0.3157894736842105
0.23529411764705882
0.2777777777777778
0.14285714285714285
0.13333333333333333
0.07692307692307693
0.14285714285714285
0.21428571428571427
0.2
0.2857142857142857
0.18181818181818182
0.18181818181818182
0.15384615384615385
0.23529411764705882
0.21428571428571427
0.3333333333333333
0.23076923076923078
0.23076923076923078
0.0
0.2
0.375
0.21428571428571427
0.2857142857142857
0.13333333333333333
0.17647058823529413
0.125
0.14285714285714285
0.2631578947368421
0.3125
0.23076923076923078
0.14285714285714285
0.21428571428571427
0.13333333333333333
0.11764705882352941
0.35294117647058826
0.21428571428571427
0.08333333333333333
0.375
0.1875
0.4
0.09090909090909091
0.35714285714285715
0.46153846153846156
0.125
0.25
0.2857142857142857
0.36363636363636365
0.16666666666666666
0.23529411764705882
0.2222222222222222
0.21428571428571427
0.3125
0.1875
0.25
0.3333333333333333
0.13333333333333333
0.1875
0.125
0.3157894736842105
0.17647058823529413
0.4375
0.3
0.4
0.18181818181818182
0.16666666666666666
0.18181818181818182
0.25
0.13333333333333333
0.1875
0.2222222222222222
0.1875
0.0625
0.4117647058823529
0.3333333333333333
0.25
0.3333333333333333
0.08333333333333333
0.26666666666666666
0.17647058823529413
0.19047619047619047
0.1111111111111111
0.35
0.1111111111111111
0.23529411764705882
0.13333333333333333
0.2222222222222222
0.15789473684210525
0.4117647058823529
0.0
0.3333333333333333
0.1875
0.3333333333333333
0.2727272727272727
0.25
0.23076923076923078
0.2
0.4117647058823529
0.16666666666666666
0.3333333333333333
0.5
0.23076923076923078
0.2
0.47058823529411764
0.23076923076923078
0.3333333333333333
0.09090909090909091
0.3333333333333333
0.23076923076923078
0.4
0.4
0.18181818181818182
0.25
0.3076923076923077
0.21428571428571427
0.23529411764705882
0.1875
0.375
0.23076923076923078
0.25
0.25
0.36363636363636365
0.35714285714285715
0.23076923076923078
0.0
0.11764705882352941
0.23529411764705882
0.5333333333333333
0.36363636363636365
0.2222222222222222
0.3076923076923077
0.5
0.2727272727272727
0.3076923076923077
0.23076923076923078
0.3076923076923077
0.26666666666666666
0.23529411764705882
0.25
0.2857142857142857
0.23076923076923078
0.2857142857142857
0.07142857142857142
0.2222222222222222
0.2777777777777778
0.35294117647058826
0.29411764705882354
0.07692307692307693
0.42857142857142855
0.06666666666666667
0.4
0.4
0.23076923076923078
0.16666666666666666
0.2857142857142857
0.23076923076923078
0.21428571428571427
0.26666666666666666
0.15384615384615385
0.25
0.21428571428571427
0.2857142857142857
0.13333333333333333
0.25
0.25
0.06666666666666667
0.17647058823529413
0.4117647058823529
0.16666666666666666
0.2
0.29411764705882354
0.23076923076923078
0.14285714285714285
0.2777777777777778
0.23529411764705882
0.16666666666666666
0.17647058823529413
0.375
0.16666666666666666
0.16666666666666666
0.2
0.15384615384615385
0.3076923076923077
0.2
0.26666666666666666
0.2
0.2857142857142857
0.26666666666666666
0.3333333333333333
0.16666666666666666
0.4166666666666667
0.2222222222222222
0.25
0.08333333333333333
0.2631578947368421
0.47058823529411764
0.16666666666666666
0.23529411764705882
0.17647058823529413
0.11764705882352941
0.2222222222222222
0.2
0.1875
0.25
0.16666666666666666
0.16666666666666666
0.3157894736842105
0.35714285714285715
0.07692307692307693
0.2222222222222222
0.13333333333333333
0.25
0.07692307692307693
0.21052631578947367
0.2222222222222222
0.26666666666666666
0.14285714285714285
0.21428571428571427
0.25
0.375
0.3076923076923077
0.2857142857142857
0.0625
0.23529411764705882
0.25
0.21428571428571427
0.21428571428571427
0.125
0.29411764705882354
0.21428571428571427
0.25
0.35294117647058826
0.3333333333333333
0.46153846153846156
0.14285714285714285
0.23076923076923078
0.26666666666666666
0.21428571428571427
0.14285714285714285
0.125
0.2
0.5
0.15384615384615385
0.23076923076923078
0.2
0.35714285714285715
0.23076923076923078
0.3076923076923077
0.4166666666666667
0.6
0.3333333333333333
0.1
0.3333333333333333
0.2
0.13333333333333333
0.21428571428571427
0.23076923076923078
0.2
0.3125
0.13333333333333333
0.4117647058823529
