Overall Mean: 0.2496627592410038
0.2631578947368421
0.38095238095238093
0.3125
0.125
0.3684210526315789
0.13043478260869565
0.13043478260869565
0.24
0.22727272727272727
0.19047619047619047
0.34782608695652173
0.0625
0.29411764705882354
0.19047619047619047
0.17391304347826086
0.13043478260869565
0.2
0.36363636363636365
0.17647058823529413
0.21052631578947367
0.2777777777777778
0.21052631578947367
0.2631578947368421
0.29411764705882354
0.3125
0.1875
0.25
0.15789473684210525
0.13636363636363635
0.5
0.2
0.375
0.25
0.23529411764705882
0.2857142857142857
0.2631578947368421
0.2222222222222222
0.375
0.21428571428571427
0.3333333333333333
0.21428571428571427
0.4666666666666667
0.1875
0.23529411764705882
0.16666666666666666
0.21052631578947367
0.2857142857142857
0.3333333333333333
0.3125
0.14285714285714285
0.3333333333333333
0.11764705882352941
0.22727272727272727
0.2857142857142857
0.09523809523809523
0.34782608695652173
0.35294117647058826
0.07142857142857142
0.3333333333333333
0.29411764705882354
0.17647058823529413
0.35
0.3333333333333333
0.4117647058823529
0.3125
0.25
0.3125
0.23809523809523808
0.19047619047619047
0.4444444444444444
0.6666666666666666
0.3333333333333333
0.2
0.25
0.3125
0.23529411764705882
0.3333333333333333
0.2777777777777778
0.2222222222222222
0.15789473684210525
0.15
0.17391304347826086
0.2608695652173913
0.15
0.3333333333333333
0.2857142857142857
0.3333333333333333
0.17647058823529413
0.2631578947368421
0.3333333333333333
0.17647058823529413
0.3157894736842105
0.3157894736842105
0.29411764705882354
0.23529411764705882
0.35
0.17647058823529413
0.15789473684210525
0.25
0.2608695652173913
0.2
0.15789473684210525
0.18181818181818182
0.35
0.1111111111111111
0.18181818181818182
0.22727272727272727
0.1111111111111111
0.3181818181818182
0.21052631578947367
0.23809523809523808
0.2857142857142857
0.3
0.15
0.14285714285714285
0.30434782608695654
0.2222222222222222
0.2777777777777778
0.29411764705882354
0.29411764705882354
0.21428571428571427
0.3888888888888889
0.14285714285714285
0.35294117647058826
0.16666666666666666
0.2608695652173913
0.23809523809523808
0.3
0.25
0.25
0.1
0.391304347826087
0.11764705882352941
0.3181818181818182
0.3157894736842105
0.29411764705882354
0.3333333333333333
0.42105263157894735
0.3157894736842105
0.2857142857142857
0.07142857142857142
0.3684210526315789
0.42857142857142855
0.21428571428571427
0.2631578947368421
0.11764705882352941
0.3333333333333333
0.2222222222222222
0.3684210526315789
0.29411764705882354
0.26666666666666666
0.25
0.3888888888888889
0.3125
0.4444444444444444
0.2
0.17647058823529413
0.16666666666666666
0.25
0.47619047619047616
0.17647058823529413
0.2222222222222222
0.35294117647058826
0.23529411764705882
0.5
0.2
0.16666666666666666
0.3684210526315789
0.4375
0.3333333333333333
0.2
0.3125
0.2
0.3333333333333333
0.35294117647058826
0.26666666666666666
0.375
0.15384615384615385
0.35714285714285715
0.5
0.35714285714285715
0.26666666666666666
0.25
0.05263157894736842
0.3333333333333333
0.23809523809523808
0.45
0.14285714285714285
0.2
0.30434782608695654
0.14285714285714285
0.30434782608695654
0.14285714285714285
0.3333333333333333
0.35
0.35294117647058826
0.21428571428571427
0.17647058823529413
0.3157894736842105
0.35
0.5
0.26666666666666666
0.17647058823529413
0.25
0.42857142857142855
0.29411764705882354
0.11764705882352941
0.3
0.3
0.2777777777777778
0.11764705882352941
0.3333333333333333
0.45
0.2
0.23809523809523808
0.25
0.15
0.2857142857142857
0.3157894736842105
0.35294117647058826
0.1875
0.2222222222222222
0.23809523809523808
0.2777777777777778
0.15789473684210525
0.15789473684210525
0.23809523809523808
0.3181818181818182
0.3
0.16666666666666666
0.18181818181818182
0.4782608695652174
0.375
0.21428571428571427
0.4
0.07692307692307693
0.35
0.23529411764705882
0.21052631578947367
0.18181818181818182
0.25
0.2777777777777778
0.3
0.17647058823529413
0.3684210526315789
0.3333333333333333
0.29411764705882354
0.1
0.24
0.22727272727272727
0.23809523809523808
0.23809523809523808
0.13043478260869565
0.20833333333333334
0.3181818181818182
0.3
0.2631578947368421
0.16666666666666666
0.1111111111111111
0.3
0.21052631578947367
0.19047619047619047
0.25
0.42105263157894735
0.21428571428571427
0.25
0.20833333333333334
0.2
0.3181818181818182
0.21052631578947367
0.42105263157894735
0.2857142857142857
0.3076923076923077
0.2857142857142857
0.21428571428571427
0.26666666666666666
0.35294117647058826
0.3157894736842105
0.125
0.19047619047619047
0.5
0.26666666666666666
0.11764705882352941
0.10526315789473684
0.30434782608695654
0.23809523809523808
0.3157894736842105
0.3684210526315789
0.25
0.15
0.19047619047619047
0.25
0.25
0.2777777777777778
0.3125
0.35714285714285715
0.2222222222222222
0.21052631578947367
0.2727272727272727
0.21739130434782608
0.3157894736842105
0.2222222222222222
0.3333333333333333
0.2222222222222222
0.3157894736842105
0.2222222222222222
0.23529411764705882
0.3684210526315789
0.3125
0.16666666666666666
0.2631578947368421
0.14285714285714285
0.3333333333333333
0.3181818181818182
0.23809523809523808
0.3684210526315789
0.3125
0.29411764705882354
0.23529411764705882
0.3157894736842105
0.1111111111111111
0.1
0.4
0.3157894736842105
0.47058823529411764
0.25
0.3333333333333333
0.3888888888888889
0.1875
0.3
0.23809523809523808
0.23809523809523808
0.15789473684210525
0.22727272727272727
0.05
0.2608695652173913
0.15789473684210525
0.45454545454545453
0.3333333333333333
0.21052631578947367
0.2631578947368421
0.3157894736842105
0.11764705882352941
0.1111111111111111
0.15384615384615385
0.3076923076923077
0.25
0.3157894736842105
0.29411764705882354
0.26666666666666666
0.21052631578947367
0.3
0.35
0.19047619047619047
0.23809523809523808
0.23809523809523808
0.42105263157894735
0.26666666666666666
0.17647058823529413
0.21052631578947367
0.15789473684210525
0.18181818181818182
0.30434782608695654
0.3181818181818182
0.25
0.25
0.13333333333333333
0.42105263157894735
0.25
0.3125
0.21052631578947367
0.25
0.2608695652173913
0.3
0.375
0.17647058823529413
0.14285714285714285
0.3684210526315789
0.4444444444444444
0.29411764705882354
0.4
0.3333333333333333
0.23076923076923078
0.2777777777777778
0.2631578947368421
0.22727272727272727
0.23809523809523808
0.35294117647058826
0.125
0.2857142857142857
0.2222222222222222
0.23529411764705882
0.23529411764705882
0.4
0.35294117647058826
0.3125
0.23529411764705882
0.4
0.2
0.375
0.3076923076923077
0.16666666666666666
0.16666666666666666
0.36363636363636365
0.35294117647058826
0.4
0.2857142857142857
0.2777777777777778
0.23529411764705882
0.3125
0.23529411764705882
0.1875
0.14285714285714285
0.2608695652173913
0.047619047619047616
0.21739130434782608
0.30434782608695654
0.3
0.23529411764705882
0.16666666666666666
0.35
0.26666666666666666
0.25
0.125
0.35
0.18181818181818182
0.22727272727272727
0.34782608695652173
0.3333333333333333
0.29411764705882354
0.4
0.06666666666666667
0.2777777777777778
0.21052631578947367
0.18181818181818182
0.15789473684210525
0.21052631578947367
0.11764705882352941
0.25
0.36363636363636365
0.2857142857142857
0.2777777777777778
0.4
0.17647058823529413
0.2222222222222222
0.09523809523809523
0.3076923076923077
0.10526315789473684
0.2222222222222222
0.17647058823529413
0.21052631578947367
0.3
0.3333333333333333
0.2222222222222222
0.17647058823529413
0.18181818181818182
0.3333333333333333
0.21052631578947367
0.29411764705882354
0.3125
0.2222222222222222
0.09523809523809523
0.2608695652173913
0.2631578947368421
0.19047619047619047
0.38095238095238093
0.15789473684210525
0.15789473684210525
0.2
0.2857142857142857
0.25
0.3157894736842105
0.3125
0.26666666666666666
0.29411764705882354
0.2777777777777778
0.1875
0.10526315789473684
0.2727272727272727
0.2
0.13636363636363635
0.2857142857142857
0.3333333333333333
0.2857142857142857
0.25
0.058823529411764705
0.15789473684210525
0.19047619047619047
0.19047619047619047
0.3
0.25
0.3333333333333333
0.17647058823529413
0.2631578947368421
0.25
0.22727272727272727
0.3333333333333333
0.375
0.13333333333333333
0.16666666666666666
0.3333333333333333
0.3125
0.17647058823529413
0.21052631578947367
0.2631578947368421
0.2222222222222222
0.15
0.2
0.3
0.22727272727272727
0.2631578947368421
0.3
0.3333333333333333
0.17647058823529413
0.1875
0.21052631578947367
0.15
0.22727272727272727
0.3333333333333333
0.42105263157894735
0.2
0.2631578947368421
0.4117647058823529
0.25
0.375
0.21052631578947367
0.25
0.2777777777777778
0.2631578947368421
0.21052631578947367
0.3888888888888889
0.21428571428571427
0.2777777777777778
0.05
0.30434782608695654
0.2631578947368421
0.3333333333333333
0.15789473684210525
0.45454545454545453
0.2
0.2857142857142857
0.3333333333333333
0.25
0.2222222222222222
0.23809523809523808
0.13636363636363635
0.21739130434782608
0.3181818181818182
0.15789473684210525
0.30434782608695654
0.19047619047619047
0.2727272727272727
0.2727272727272727
0.2608695652173913
0.2631578947368421
0.0625
0.22727272727272727
0.2
0.21052631578947367
0.35
0.25
0.2
0.3333333333333333
0.4117647058823529
0.1875
0.47058823529411764
0.35714285714285715
0.2
0.2777777777777778
0.375
0.23529411764705882
0.23529411764705882
0.29411764705882354
0.35294117647058826
0.19047619047619047
0.15
0.14285714285714285
0.2727272727272727
0.2
0.3157894736842105
0.23529411764705882
0.17647058823529413
0.15
0.2727272727272727
0.17391304347826086
0.36363636363636365
0.29411764705882354
0.25
0.125
0.25
0.19047619047619047
0.23809523809523808
0.19047619047619047
0.21739130434782608
0.23809523809523808
0.3157894736842105
0.25
0.17647058823529413
0.375
0.3333333333333333
0.11764705882352941
0.17391304347826086
0.2608695652173913
0.2857142857142857
0.3157894736842105
0.2631578947368421
0.3684210526315789
0.1875
0.3333333333333333
0.3333333333333333
0.26666666666666666
0.35294117647058826
0.3333333333333333
0.2
0.3684210526315789
0.25
0.25
0.23529411764705882
0.2631578947368421
0.2857142857142857
0.36363636363636365
0.2857142857142857
0.058823529411764705
0.21052631578947367
0.25
0.125
0.30434782608695654
0.15789473684210525
0.10526315789473684
0.2857142857142857
0.2222222222222222
0.13636363636363635
0.23076923076923078
0.20833333333333334
0.3181818181818182
0.2
0.19047619047619047
0.2631578947368421
0.4
0.3076923076923077
0.07692307692307693
0.21428571428571427
0.23529411764705882
0.29411764705882354
0.21052631578947367
0.4444444444444444
0.375
0.06666666666666667
0.2916666666666667
0.1
0.391304347826087
0.42105263157894735
0.0625
0.2
0.15789473684210525
0.21739130434782608
0.22727272727272727
0.1111111111111111
0.18181818181818182
0.17391304347826086
0.19047619047619047
0.25
0.2777777777777778
0.16666666666666666
0.2
0.14285714285714285
0.21739130434782608
0.28
0.35
0.29411764705882354
0.3
0.29411764705882354
0.26666666666666666
0.2631578947368421
0.047619047619047616
0.30434782608695654
0.3333333333333333
0.22727272727272727
0.09090909090909091
0.2608695652173913
0.14285714285714285
0.23809523809523808
0.25
0.22727272727272727
0.09523809523809523
0.30434782608695654
0.35
0.1111111111111111
0.23809523809523808
0.18181818181818182
0.14285714285714285
0.22727272727272727
0.10526315789473684
0.25
0.2
0.35
0.10526315789473684
0.2916666666666667
0.05555555555555555
0.18181818181818182
0.35
0.21052631578947367
0.25
0.42105263157894735
0.25
0.16666666666666666
0.47368421052631576
0.15384615384615385
0.29411764705882354
0.3333333333333333
0.15789473684210525
0.2777777777777778
0.125
0.21052631578947367
0.21052631578947367
0.17391304347826086
0.22727272727272727
0.15789473684210525
0.3333333333333333
0.3888888888888889
0.3076923076923077
0.06666666666666667
0.2631578947368421
0.2222222222222222
0.2857142857142857
0.2777777777777778
0.2777777777777778
0.3888888888888889
0.1111111111111111
0.13636363636363635
0.21739130434782608
0.3181818181818182
0.23529411764705882
0.2631578947368421
0.42105263157894735
0.2
0.29411764705882354
0.4444444444444444
0.29411764705882354
0.3125
0.21428571428571427
0.35294117647058826
0.25
0.23529411764705882
0.10526315789473684
0.2631578947368421
0.2222222222222222
0.16666666666666666
0.15
0.23809523809523808
0.42105263157894735
0.2222222222222222
0.15
0.2727272727272727
0.3333333333333333
0.17647058823529413
0.3684210526315789
0.17647058823529413
0.35
0.3333333333333333
0.35714285714285715
0.2
0.29411764705882354
0.2631578947368421
0.23529411764705882
0.29411764705882354
0.3684210526315789
0.35294117647058826
0.2631578947368421
0.4444444444444444
0.2777777777777778
0.1111111111111111
0.38095238095238093
0.2631578947368421
0.3125
0.2
0.058823529411764705
0.21052631578947367
0.2857142857142857
0.2222222222222222
0.2222222222222222
0.2777777777777778
0.15789473684210525
0.13636363636363635
0.34782608695652173
0.2777777777777778
0.42105263157894735
0.29411764705882354
0.35714285714285715
0.2222222222222222
0.2631578947368421
0.3
0.11764705882352941
0.3
0.17391304347826086
0.045454545454545456
0.3333333333333333
0.4090909090909091
0.35294117647058826
0.15384615384615385
0.4
0.25
0.2222222222222222
0.3333333333333333
0.2222222222222222
0.2222222222222222
0.4
0.3333333333333333
0.1875
0.5
0.45454545454545453
0.3076923076923077
0.14285714285714285
0.35
0.2222222222222222
0.25
0.23809523809523808
0.21052631578947367
0.25
0.16666666666666666
0.3333333333333333
0.3157894736842105
0.23529411764705882
0.16666666666666666
0.3
0.23529411764705882
0.2631578947368421
0.21739130434782608
0.15
0.2
0.2777777777777778
0.15789473684210525
0.3157894736842105
0.25
0.35294117647058826
0.4444444444444444
0.06666666666666667
0.09523809523809523
0.25
0.19047619047619047
0.30434782608695654
0.2631578947368421
0.2222222222222222
0.21739130434782608
0.08695652173913043
0.28
0.17391304347826086
0.20833333333333334
0.20833333333333334
0.25
0.1
0.2857142857142857
0.2631578947368421
0.4444444444444444
0.2
0.16666666666666666
0.17647058823529413
0.45
0.2777777777777778
0.125
0.10526315789473684
0.25
0.38095238095238093
0.06666666666666667
0.21052631578947367
0.3333333333333333
0.23529411764705882
0.4375
0.23076923076923078
0.3125
0.375
0.5384615384615384
0.4166666666666667
0.13333333333333333
0.3
0.21052631578947367
0.25
0.19047619047619047
0.4
0.11764705882352941
0.20833333333333334
0.32
0.2916666666666667
0.3
0.2777777777777778
0.2777777777777778
0.2
0.10526315789473684
0.23076923076923078
0.25925925925925924
0.20833333333333334
0.19047619047619047
0.2
0.2857142857142857
0.2631578947368421
0.19047619047619047
0.2608695652173913
0.19047619047619047
0.19047619047619047
0.30434782608695654
0.3181818181818182
0.3157894736842105
0.2777777777777778
0.2857142857142857
0.21428571428571427
0.29411764705882354
0.2222222222222222
0.3157894736842105
0.3157894736842105
0.3157894736842105
0.21052631578947367
0.23809523809523808
0.25
0.35294117647058826
0.25
0.3333333333333333
0.42105263157894735
0.25
0.1875
0.3181818181818182
0.2222222222222222
0.2608695652173913
0.4
0.1875
0.26666666666666666
0.3333333333333333
0.2777777777777778
0.2222222222222222
0.2631578947368421
0.35
0.29411764705882354
0.25
0.35294117647058826
0.3125
0.35294117647058826
0.25
0.3157894736842105
0.1875
0.2727272727272727
0.05
0.2857142857142857
0.2727272727272727
0.15
0.19047619047619047
0.2
0.4
0.25
0.3125
0.1875
0.05555555555555555
0.25
0.15
0.2727272727272727
0.21052631578947367
0.22727272727272727
0.2857142857142857
0.2857142857142857
0.17391304347826086
0.3333333333333333
0.18181818181818182
0.21052631578947367
0.10526315789473684
0.21739130434782608
0.18181818181818182
0.19047619047619047
0.35
0.16666666666666666
0.3684210526315789
0.3333333333333333
0.3
0.2222222222222222
0.2631578947368421
0.2777777777777778
0.2
0.14285714285714285
0.34782608695652173
0.35294117647058826
0.3125
0.35714285714285715
0.35714285714285715
0.2
0.38095238095238093
0.23529411764705882
0.21739130434782608
0.2727272727272727
0.18181818181818182
0.20833333333333334
0.30434782608695654
0.3
0.16666666666666666
0.21052631578947367
0.16666666666666666
0.4
0.10526315789473684
0.25
0.2631578947368421
0.2777777777777778
0.3333333333333333
0.1875
0.125
0.2
0.19047619047619047
0.22727272727272727
0.25
0.18181818181818182
0.20833333333333334
0.08333333333333333
0.25
0.28
0.30434782608695654
0.3157894736842105
0.35294117647058826
0.13333333333333333
0.3125
0.25
0.125
0.21052631578947367
0.1111111111111111
0.24
0.2608695652173913
0.23809523809523808
0.3
0.3888888888888889
0.4
0.1875
0.5263157894736842
0.23076923076923078
0.35294117647058826
0.5
0.26666666666666666
0.21052631578947367
0.15
0.2777777777777778
0.0625
0.25
0.3157894736842105
0.4444444444444444
0.2
0.16666666666666666
0.3684210526315789
0.2
0.2727272727272727
0.25
0.2777777777777778
0.2
0.2631578947368421
0.19047619047619047
0.375
0.15789473684210525
0.25
0.17391304347826086
0.3333333333333333
0.2608695652173913
0.47368421052631576
0.38461538461538464
0.23076923076923078
0.29411764705882354
0.2
0.22727272727272727
0.3333333333333333
0.3
0.1875
0.125
0.2777777777777778
0.1111111111111111
0.2631578947368421
0.2222222222222222
0.3125
0.13333333333333333
0.2
0.15
0.2608695652173913
0.2857142857142857
0.35294117647058826
0.23809523809523808
0.09523809523809523
0.22727272727272727
0.16666666666666666
0.18181818181818182
0.2857142857142857
0.23809523809523808
0.3
0.4117647058823529
0.125
0.22727272727272727
0.3157894736842105
0.2777777777777778
0.23529411764705882
0.16666666666666666
0.2631578947368421
0.35
0.4
0.07692307692307693
0.1875
0.375
0.25
0.2222222222222222
0.18181818181818182
0.2857142857142857
0.23529411764705882
0.13333333333333333
0.4375
0.14285714285714285
0.25
0.3157894736842105
0.17647058823529413
0.15789473684210525
0.16666666666666666
0.34782608695652173
0.14285714285714285
0.2857142857142857
0.25
0.2
0.2
0.25
0.3157894736842105
0.16666666666666666
0.2222222222222222
0.1111111111111111
0.19047619047619047
0.42857142857142855
0.05263157894736842
0.3684210526315789
0.25
0.10526315789473684
0.15
0.3333333333333333
0.3684210526315789
0.3157894736842105
0.23529411764705882
0.3157894736842105
0.26666666666666666
0.3125
0.23529411764705882
0.15789473684210525
0.3
0.2631578947368421
0.35
0.1875
0.15
0.2
0.18181818181818182
0.13636363636363635
0.20833333333333334
0.3333333333333333
0.23809523809523808
0.14285714285714285
0.23809523809523808
0.15789473684210525
0.2727272727272727
0.14285714285714285
0.3333333333333333
0.2631578947368421
0.3333333333333333
0.42857142857142855
0.2
0.17647058823529413
0.29411764705882354
0.5294117647058824
0.1875
0.13333333333333333
0.3333333333333333
0.15789473684210525
0.18181818181818182
0.15
0.2
0.25
0.2727272727272727
0.18181818181818182
0.2857142857142857
0.35
0.18181818181818182
0.19047619047619047
0.35
0.29411764705882354
0.25
0.23529411764705882
0.2222222222222222
0.3157894736842105
0.16666666666666666
0.1111111111111111
0.2857142857142857
0.2777777777777778
0.23529411764705882
0.2222222222222222
0.4090909090909091
0.21428571428571427
0.21052631578947367
0.2631578947368421
0.3157894736842105
0.16666666666666666
0.3333333333333333
0.3684210526315789
0.23529411764705882
0.25
0.25
0.35
0.17647058823529413
0.15789473684210525
0.24
0.2857142857142857
0.25
0.3157894736842105
0.35294117647058826
0.125
0.3157894736842105
0.2222222222222222
0.2222222222222222
0.2222222222222222
0.2631578947368421
0.10526315789473684
0.25
0.2857142857142857
0.3333333333333333
0.35
0.2222222222222222
0.375
0.25
0.2857142857142857
0.17647058823529413
0.3
0.2631578947368421
0.2727272727272727
0.38095238095238093
0.17647058823529413
0.25
0.2222222222222222
0.2777777777777778
0.21052631578947367
0.14285714285714285
0.45454545454545453
0.35714285714285715
0.26666666666666666
0.13333333333333333
0.2631578947368421
0.21052631578947367
0.3181818181818182
0.17647058823529413
0.36
0.05
0.22727272727272727
0.13636363636363635
0.30434782608695654
0.09523809523809523
0.36363636363636365
0.2631578947368421
0.2
0.13636363636363635
0.18181818181818182
0.22727272727272727
0.2
0.18181818181818182
0.25
0.35
0.375
0.375
0.25
0.125
0.23809523809523808
0.2
0.2631578947368421
0.3157894736842105
0.17647058823529413
0.2
0.13043478260869565
0.25
0.17391304347826086
0.21739130434782608
0.2857142857142857
0.3157894736842105
0.21052631578947367
0.2777777777777778
0.2777777777777778
0.2222222222222222
0.0
0.34782608695652173
0.25
0.2631578947368421
0.23529411764705882
0.2
0.1
0.4583333333333333
0.1875
0.1111111111111111
0.29411764705882354
0.3125
0.3125
0.17647058823529413
0.45
0.3125
0.3333333333333333
0.1875
0.45
0.25
0.3333333333333333
0.25
0.17647058823529413
0.25
0.3684210526315789
0.17647058823529413
0.3333333333333333
0.2222222222222222
0.16666666666666666
0.23529411764705882
0.21428571428571427
0.26666666666666666
0.3125
0.2
0.15
0.17391304347826086
0.22727272727272727
0.2727272727272727
0.35294117647058826
0.3333333333333333
0.15789473684210525
0.15789473684210525
0.30434782608695654
0.29411764705882354
0.2222222222222222
0.2631578947368421
0.16666666666666666
0.2631578947368421
0.29411764705882354
0.3157894736842105
0.15789473684210525
0.15
0.21739130434782608
0.30434782608695654
0.13636363636363635
0.22727272727272727
0.2
0.42105263157894735
0.3125
0.26666666666666666
0.25
0.29411764705882354
0.21052631578947367
0.15789473684210525
0.17391304347826086
0.13043478260869565
0.4
0.3
0.15789473684210525
0.21739130434782608
0.14285714285714285
0.21739130434782608
0.2727272727272727
0.23809523809523808
0.3
0.2631578947368421
0.26666666666666666
0.16666666666666666
0.2777777777777778
0.2222222222222222
0.15
0.23076923076923078
0.35
0.21052631578947367
0.4
0.375
0.11764705882352941
0.2777777777777778
0.25
0.2631578947368421
0.2777777777777778
0.21052631578947367
0.4444444444444444
0.3125
0.2
0.25
0.15
0.23809523809523808
0.22727272727272727
0.32
0.16666666666666666
0.3
0.3157894736842105
0.15
0.3333333333333333
0.1875
0.16666666666666666
0.38095238095238093
0.4117647058823529
0.4
0.4375
0.4166666666666667
0.18181818181818182
0.23076923076923078
0.23076923076923078
0.4375
0.36363636363636365
0.3888888888888889
0.3076923076923077
0.21428571428571427
0.35714285714285715
0.25
0.23529411764705882
0.15789473684210525
0.25
0.2727272727272727
0.23809523809523808
0.2222222222222222
0.2727272727272727
0.3333333333333333
0.15
0.3333333333333333
0.10526315789473684
0.25
0.375
0.21428571428571427
0.29411764705882354
0.4117647058823529
0.26666666666666666
0.4
0.4117647058823529
0.06666666666666667
0.3
0.21739130434782608
0.24
0.23809523809523808
0.23529411764705882
0.16666666666666666
0.3125
0.16666666666666666
0.15
0.19047619047619047
0.2727272727272727
0.21052631578947367
0.3157894736842105
0.3684210526315789
0.15789473684210525
0.2777777777777778
0.3888888888888889
0.2857142857142857
0.4
0.3333333333333333
0.35714285714285715
0.3076923076923077
0.2857142857142857
0.0625
0.2727272727272727
0.20833333333333334
0.2608695652173913
0.21052631578947367
0.4090909090909091
0.16666666666666666
0.1
0.18181818181818182
0.375
0.2857142857142857
0.1111111111111111
0.25
0.3157894736842105
0.4090909090909091
0.4117647058823529
0.3333333333333333
0.11764705882352941
0.3125
0.21052631578947367
0.36363636363636365
0.3333333333333333
0.25
0.3157894736842105
0.21052631578947367
0.3
0.21052631578947367
0.1
0.18181818181818182
0.18181818181818182
0.2631578947368421
0.3333333333333333
0.375
0.15789473684210525
0.21052631578947367
0.2631578947368421
0.3684210526315789
0.23529411764705882
0.15789473684210525
0.25
0.2608695652173913
0.25
0.25
0.1111111111111111
0.15
0.18181818181818182
0.34782608695652173
0.2
0.13636363636363635
0.2857142857142857
0.15
0.22727272727272727
0.2857142857142857
0.35
0.23529411764705882
0.4375
0.4
0.07692307692307693
0.3684210526315789
0.2777777777777778
0.3125
0.0625
0.21052631578947367
0.18181818181818182
0.2857142857142857
0.42857142857142855
0.26666666666666666
0.4117647058823529
0.1875
0.2631578947368421
0.3181818181818182
0.2
0.2857142857142857
0.3684210526315789
0.25
0.15789473684210525
0.42105263157894735
0.2631578947368421
0.14285714285714285
0.17391304347826086
0.17391304347826086
0.18181818181818182
0.22727272727272727
0.35
0.2857142857142857
0.3333333333333333
0.17647058823529413
0.2727272727272727
0.30434782608695654
0.2777777777777778
0.17647058823529413
0.3333333333333333
0.16666666666666666
0.2916666666666667
0.16666666666666666
0.28
0.21739130434782608
0.2631578947368421
0.26666666666666666
0.2857142857142857
0.23076923076923078
0.11764705882352941
0.21052631578947367
0.23809523809523808
0.3157894736842105
0.2
0.34782608695652173
0.47368421052631576
0.26666666666666666
0.35294117647058826
0.3157894736842105
0.2857142857142857
0.25
0.21739130434782608
0.17391304347826086
0.24
0.22727272727272727
0.16666666666666666
0.2857142857142857
0.2
0.09523809523809523
0.38461538461538464
0.42857142857142855
0.16666666666666666
0.21052631578947367
0.2222222222222222
0.3181818181818182
0.0625
0.22727272727272727
0.23809523809523808
0.3333333333333333
0.3888888888888889
0.23529411764705882
0.23529411764705882
0.11764705882352941
0.18181818181818182
0.2857142857142857
0.21052631578947367
0.17647058823529413
0.23529411764705882
0.29411764705882354
0.23529411764705882
0.16666666666666666
0.19047619047619047
0.19047619047619047
0.22727272727272727
0.34782608695652173
0.15
0.17391304347826086
0.19047619047619047
0.34782608695652173
0.16666666666666666
0.2222222222222222
0.2727272727272727
0.3684210526315789
0.1875
0.3
0.3888888888888889
0.3157894736842105
0.2222222222222222
0.3
0.2631578947368421
0.2222222222222222
0.05263157894736842
0.34782608695652173
0.2777777777777778
0.17647058823529413
0.3333333333333333
0.3125
0.3333333333333333
0.21052631578947367
0.13636363636363635
0.18181818181818182
0.2608695652173913
0.19047619047619047
0.25
0.38095238095238093
0.13333333333333333
0.15789473684210525
0.15789473684210525
0.23809523809523808
0.15
0.2631578947368421
0.2222222222222222
0.2
0.3
0.22727272727272727
0.3
0.2777777777777778
0.2777777777777778
0.2777777777777778
0.15789473684210525
0.08695652173913043
0.34615384615384615
0.22727272727272727
0.2727272727272727
0.2857142857142857
0.125
0.35
0.15
0.14285714285714285
0.23809523809523808
0.3333333333333333
0.18181818181818182
0.3
0.2
0.15
0.2
0.2857142857142857
0.15
0.3157894736842105
0.3333333333333333
0.2631578947368421
0.2631578947368421
0.2222222222222222
0.2222222222222222
0.16666666666666666
0.2857142857142857
0.3333333333333333
0.3888888888888889
0.3157894736842105
0.3125
0.07142857142857142
0.17647058823529413
0.2857142857142857
0.09523809523809523
0.18181818181818182
0.3333333333333333
0.15789473684210525
0.14285714285714285
0.2727272727272727
0.2727272727272727
0.23809523809523808
0.2222222222222222
0.5
0.375
0.14285714285714285
0.2777777777777778
0.19047619047619047
0.15
0.21739130434782608
0.13636363636363635
0.18181818181818182
0.2608695652173913
0.3684210526315789
0.13333333333333333
0.2631578947368421
0.2
0.2777777777777778
0.4117647058823529
0.42857142857142855
0.2
0.06666666666666667
0.3
0.21052631578947367
0.2222222222222222
0.2857142857142857
0.2
0.3333333333333333
0.11764705882352941
0.45
0.35714285714285715
0.29411764705882354
0.3125
0.2
0.2631578947368421
0.3684210526315789
0.15789473684210525
0.15
0.17391304347826086
0.2857142857142857
0.2777777777777778
0.2777777777777778
0.23529411764705882
0.23529411764705882
0.3157894736842105
0.2
0.3333333333333333
0.25
0.2777777777777778
0.35294117647058826
0.1875
0.26666666666666666
0.125
0.22727272727272727
0.3333333333333333
0.3684210526315789
0.17647058823529413
0.2631578947368421
0.4
0.3888888888888889
0.17647058823529413
0.2857142857142857
0.15
0.19047619047619047
0.34782608695652173
0.15
0.2631578947368421
0.21052631578947367
0.15789473684210525
0.19047619047619047
0.23809523809523808
0.2608695652173913
0.30434782608695654
0.2222222222222222
0.26666666666666666
0.21428571428571427
0.21052631578947367
0.2777777777777778
0.3684210526315789
0.35
0.35
0.125
0.21052631578947367
0.16666666666666666
0.2727272727272727
0.22727272727272727
0.4090909090909091
0.3125
0.23529411764705882
0.23529411764705882
0.4375
0.2
0.35294117647058826
0.5
0.3157894736842105
0.16666666666666666
0.17647058823529413
0.2222222222222222
0.2
0.23809523809523808
0.17647058823529413
0.21052631578947367
0.2631578947368421
0.2631578947368421
0.10526315789473684
0.13636363636363635
0.2608695652173913
0.3684210526315789
0.11764705882352941
0.16666666666666666
0.16666666666666666
0.3
0.35294117647058826
0.3125
0.17647058823529413
0.4
0.3125
0.5
0.23076923076923078
0.17647058823529413
0.2631578947368421
0.2608695652173913
0.2222222222222222
0.2222222222222222
0.15789473684210525
0.3157894736842105
0.2631578947368421
0.3333333333333333
0.22727272727272727
0.20833333333333334
0.2857142857142857
0.2631578947368421
0.3157894736842105
0.18181818181818182
0.38095238095238093
0.2222222222222222
0.16666666666666666
0.3181818181818182
0.3333333333333333
0.2
0.23529411764705882
0.1875
0.375
0.13333333333333333
0.25
0.17647058823529413
0.3
0.25
0.2222222222222222
0.23529411764705882
0.2631578947368421
0.29411764705882354
0.35294117647058826
0.06666666666666667
0.3125
0.1111111111111111
0.35
0.2777777777777778
0.2222222222222222
0.19047619047619047
0.25
0.14285714285714285
0.21739130434782608
0.25925925925925924
0.09090909090909091
0.21739130434782608
0.23809523809523808
0.2857142857142857
0.2857142857142857
0.2
0.21052631578947367
0.17647058823529413
0.21052631578947367
0.19047619047619047
0.17391304347826086
0.32
0.22727272727272727
0.3181818181818182
0.3333333333333333
0.4117647058823529
0.09090909090909091
0.14285714285714285
0.3333333333333333
0.2777777777777778
0.11764705882352941
0.08695652173913043
0.125
0.18518518518518517
0.125
0.25
0.2857142857142857
0.29411764705882354
0.26666666666666666
0.2222222222222222
0.3333333333333333
0.19047619047619047
0.2222222222222222
0.23529411764705882
0.2222222222222222
0.2777777777777778
0.05263157894736842
0.22727272727272727
0.2608695652173913
0.2222222222222222
0.35294117647058826
0.15789473684210525
0.18181818181818182
0.2916666666666667
0.2
0.3333333333333333
0.15789473684210525
0.4
0.3125
0.3333333333333333
0.2631578947368421
0.15
0.21052631578947367
0.19047619047619047
0.2727272727272727
0.05555555555555555
0.23809523809523808
0.25
0.3333333333333333
0.11764705882352941
0.2
0.3157894736842105
0.11764705882352941
0.17391304347826086
0.22727272727272727
0.25
0.25
0.2
0.2777777777777778
0.16666666666666666
0.23809523809523808
0.19047619047619047
0.3684210526315789
0.10526315789473684
0.19047619047619047
0.25
0.23529411764705882
0.25
0.10526315789473684
0.3157894736842105
0.4117647058823529
0.14285714285714285
0.125
0.21052631578947367
0.36363636363636365
0.16666666666666666
0.2
0.2
0.3
0.17647058823529413
0.35
0.25
0.2222222222222222
0.15789473684210525
0.25
0.35
0.2777777777777778
0.16666666666666666
0.3
0.1875
0.3333333333333333
0.375
0.5
0.3076923076923077
0.2
0.058823529411764705
0.2631578947368421
0.22727272727272727
0.14285714285714285
0.13636363636363635
0.23809523809523808
0.3181818181818182
0.23809523809523808
0.2
0.3333333333333333
0.21052631578947367
0.23529411764705882
0.21052631578947367
0.2222222222222222
0.19047619047619047
0.36363636363636365
0.2631578947368421
0.3125
0.5625
0.07692307692307693
0.2222222222222222
0.23809523809523808
0.2727272727272727
0.16666666666666666
0.3
0.21052631578947367
0.38095238095238093
0.1111111111111111
0.4444444444444444
0.0625
0.2857142857142857
0.23809523809523808
0.3157894736842105
0.3157894736842105
0.15789473684210525
0.2857142857142857
0.2222222222222222
0.1
0.23809523809523808
0.13043478260869565
0.13636363636363635
0.2857142857142857
0.05263157894736842
0.25
0.20833333333333334
0.22727272727272727
0.2916666666666667
0.2631578947368421
0.29411764705882354
0.4666666666666667
0.15384615384615385
0.29411764705882354
0.25
0.2
0.1111111111111111
0.2857142857142857
0.21052631578947367
0.23809523809523808
0.3157894736842105
0.3333333333333333
0.25
0.058823529411764705
0.25
0.36363636363636365
0.11764705882352941
0.2777777777777778
0.35
0.23529411764705882
0.1111111111111111
0.15
0.25
0.19047619047619047
0.19047619047619047
0.21739130434782608
0.13636363636363635
0.21739130434782608
0.19047619047619047
0.2631578947368421
0.23529411764705882
0.3333333333333333
0.29411764705882354
0.07692307692307693
0.3157894736842105
0.3684210526315789
0.23529411764705882
0.13333333333333333
0.25
0.2222222222222222
0.3
0.21052631578947367
0.2857142857142857
0.05263157894736842
0.25
0.3333333333333333
0.2777777777777778
0.2631578947368421
0.17647058823529413
0.13333333333333333
0.25
0.25
0.3157894736842105
0.2857142857142857
0.15
0.25
0.3
0.35294117647058826
0.38461538461538464
0.25
0.2631578947368421
0.2857142857142857
0.15
0.2
0.2631578947368421
0.25
0.2
0.11764705882352941
0.2222222222222222
0.25
0.15
0.22727272727272727
0.35
0.3
0.18181818181818182
0.23809523809523808
0.3
0.3684210526315789
0.058823529411764705
0.13636363636363635
0.2608695652173913
0.18181818181818182
0.3
0.1875
0.0
0.18518518518518517
0.15384615384615385
0.23076923076923078
0.21739130434782608
0.18181818181818182
0.2857142857142857
0.2777777777777778
0.3333333333333333
0.2631578947368421
0.4117647058823529
0.3125
0.21428571428571427
0.5555555555555556
0.35714285714285715
0.17647058823529413
0.3333333333333333
0.23529411764705882
0.05555555555555555
0.19230769230769232
0.24
0.18181818181818182
0.2
0.25
0.38095238095238093
0.0625
0.17647058823529413
0.3125
0.23529411764705882
0.25
0.1875
0.2631578947368421
0.2222222222222222
0.3181818181818182
0.3333333333333333
0.0625
0.18181818181818182
0.2
0.38095238095238093
0.23529411764705882
0.25
0.17647058823529413
0.25
0.2857142857142857
0.1111111111111111
0.2631578947368421
0.23809523809523808
0.20833333333333334
0.3181818181818182
0.16666666666666666
0.35294117647058826
0.4666666666666667
0.3076923076923077
0.3125
0.38461538461538464
0.2857142857142857
0.23529411764705882
0.2222222222222222
0.17647058823529413
0.23809523809523808
0.23809523809523808
0.3
0.19047619047619047
0.25
0.16666666666666666
0.22727272727272727
0.14285714285714285
0.19047619047619047
0.2857142857142857
0.3333333333333333
0.1875
0.21052631578947367
0.15
0.3181818181818182
0.3
0.19047619047619047
0.1
0.2727272727272727
0.25
0.16666666666666666
0.1
0.23809523809523808
0.2777777777777778
0.23529411764705882
0.23529411764705882
0.2
0.4117647058823529
0.3076923076923077
0.46153846153846156
0.26666666666666666
0.15789473684210525
0.15789473684210525
0.23809523809523808
0.18181818181818182
0.2631578947368421
0.3888888888888889
0.058823529411764705
0.2
0.2631578947368421
0.1111111111111111
0.18181818181818182
0.19047619047619047
0.38095238095238093
0.2
0.25
0.19047619047619047
0.2631578947368421
0.3
0.17647058823529413
0.2222222222222222
0.2631578947368421
0.2631578947368421
0.16666666666666666
0.3684210526315789
0.15789473684210525
0.391304347826087
0.17647058823529413
0.3333333333333333
0.3125
0.4
0.14285714285714285
0.375
0.25
0.47058823529411764
0.29411764705882354
0.13333333333333333
0.375
0.35294117647058826
0.2222222222222222
0.2222222222222222
0.2777777777777778
0.2631578947368421
0.2222222222222222
0.5263157894736842
0.38461538461538464
0.25
0.2857142857142857
0.14285714285714285
0.25
0.0
0.2857142857142857
0.2727272727272727
0.2727272727272727
0.25
0.2222222222222222
0.2631578947368421
0.25
0.3125
0.16666666666666666
0.18181818181818182
0.4
0.2777777777777778
0.3333333333333333
0.17647058823529413
0.2857142857142857
0.3333333333333333
0.23529411764705882
0.1875
0.16666666666666666
0.2857142857142857
0.3333333333333333
0.1875
0.2
0.2916666666666667
0.2727272727272727
0.2222222222222222
0.29411764705882354
0.06666666666666667
0.2727272727272727
0.3
0.35
0.5555555555555556
0.38461538461538464
0.15384615384615385
0.2222222222222222
0.16666666666666666
0.19047619047619047
0.2
0.5652173913043478
0.3076923076923077
0.21428571428571427
0.26666666666666666
0.3333333333333333
0.13333333333333333
0.15
0.2857142857142857
0.2631578947368421
0.23529411764705882
0.2631578947368421
0.25
0.16666666666666666
0.3
0.35294117647058826
0.29411764705882354
0.3333333333333333
0.1875
0.21052631578947367
0.10526315789473684
0.28
0.38095238095238093
0.2
0.09523809523809523
0.08695652173913043
0.28
0.36363636363636365
0.25
0.1111111111111111
0.22727272727272727
0.3
0.2777777777777778
0.23529411764705882
0.3125
0.29411764705882354
0.23529411764705882
0.2777777777777778
0.16666666666666666
0.18181818181818182
0.3
0.2
0.4444444444444444
0.4
0.16666666666666666
0.14285714285714285
0.2
0.2857142857142857
0.23529411764705882
0.2
0.09523809523809523
0.32
0.09523809523809523
0.19047619047619047
0.2631578947368421
0.35
0.3
0.10526315789473684
0.19047619047619047
0.36363636363636365
0.23529411764705882
0.2631578947368421
0.3684210526315789
0.25
0.2
0.1875
0.25
0.375
0.3125
0.2222222222222222
0.13333333333333333
0.2
0.18181818181818182
0.34782608695652173
0.16666666666666666
0.19047619047619047
0.22727272727272727
0.2777777777777778
0.21428571428571427
0.2777777777777778
0.2857142857142857
0.15789473684210525
0.125
0.2916666666666667
0.2631578947368421
0.29411764705882354
0.17647058823529413
0.15
0.08333333333333333
0.2692307692307692
0.23809523809523808
0.21052631578947367
0.15
0.3
0.29411764705882354
0.17647058823529413
0.2777777777777778
0.29411764705882354
0.25
0.23529411764705882
0.23529411764705882
0.21052631578947367
0.25
0.18181818181818182
0.23809523809523808
0.36363636363636365
0.3888888888888889
0.35714285714285715
0.2
0.26666666666666666
0.25
0.13333333333333333
0.3125
0.3076923076923077
0.17647058823529413
0.22727272727272727
0.32
0.6111111111111112
0.2
0.21428571428571427
0.17647058823529413
0.13043478260869565
0.32
0.14285714285714285
0.21739130434782608
0.18181818181818182
0.2727272727272727
0.3684210526315789
0.17647058823529413
0.16666666666666666
0.2608695652173913
0.22727272727272727
0.4583333333333333
0.29411764705882354
0.35714285714285715
0.1111111111111111
0.14285714285714285
0.18181818181818182
0.20833333333333334
0.22727272727272727
0.14285714285714285
0.23809523809523808
0.3333333333333333
0.2777777777777778
0.23529411764705882
0.47368421052631576
0.21428571428571427
0.2857142857142857
0.2
0.3
0.3
0.2
0.35
0.29411764705882354
0.2
0.25
0.23809523809523808
0.2777777777777778
0.11764705882352941
0.35
0.17391304347826086
0.2857142857142857
0.3
0.2
0.3157894736842105
0.2631578947368421
0.35
0.2857142857142857
0.2222222222222222
0.15789473684210525
0.1
0.22727272727272727
0.16666666666666666
0.11538461538461539
0.21739130434782608
0.2222222222222222
0.17647058823529413
0.17647058823529413
0.35294117647058826
0.2631578947368421
0.2631578947368421
0.1875
0.3333333333333333
0.35294117647058826
0.3
0.21052631578947367
0.2727272727272727
0.29411764705882354
0.2222222222222222
0.15789473684210525
0.22727272727272727
0.34782608695652173
0.2777777777777778
0.3181818181818182
0.15789473684210525
0.2
0.25
0.2777777777777778
0.125
0.2631578947368421
0.3
0.17647058823529413
0.3
0.21052631578947367
0.3181818181818182
0.2631578947368421
0.2222222222222222
0.23529411764705882
0.35294117647058826
0.23529411764705882
0.29411764705882354
0.21428571428571427
0.16666666666666666
0.2857142857142857
0.23529411764705882
0.15
0.21052631578947367
0.17647058823529413
0.13636363636363635
0.2608695652173913
0.2
0.10526315789473684
0.13043478260869565
0.2916666666666667
0.375
0.3157894736842105
0.375
0.21428571428571427
0.35294117647058826
0.15
0.2727272727272727
0.2631578947368421
0.3125
0.17647058823529413
0.3684210526315789
0.23529411764705882
0.2
0.3
0.16666666666666666
0.15789473684210525
0.25
0.25
0.10526315789473684
0.3333333333333333
0.375
0.11764705882352941
0.17647058823529413
0.2222222222222222
0.375
0.2222222222222222
0.2
0.3
0.2222222222222222
0.19047619047619047
0.21739130434782608
0.4
0.4
0.4117647058823529
0.4117647058823529
0.26666666666666666
0.16666666666666666
0.19047619047619047
0.20833333333333334
0.13043478260869565
0.25
0.18181818181818182
0.3333333333333333
0.2608695652173913
0.1111111111111111
0.2
0.21052631578947367
0.42857142857142855
0.1875
0.375
0.11764705882352941
0.14285714285714285
0.38095238095238093
0.2777777777777778
0.3333333333333333
0.3125
0.058823529411764705
0.23809523809523808
0.3
0.05555555555555555
0.2608695652173913
0.18181818181818182
0.19047619047619047
0.2857142857142857
0.25
0.18181818181818182
0.2777777777777778
0.3157894736842105
0.26666666666666666
0.21428571428571427
0.2
0.4
0.058823529411764705
0.38095238095238093
0.3888888888888889
0.3333333333333333
0.2222222222222222
0.3333333333333333
0.35294117647058826
0.4
0.375
0.4375
0.21428571428571427
0.2857142857142857
0.06666666666666667
0.2
0.2222222222222222
0.2857142857142857
0.21739130434782608
0.2692307692307692
0.2727272727272727
0.3157894736842105
0.1875
0.17647058823529413
0.2777777777777778
0.19047619047619047
0.18181818181818182
0.19047619047619047
0.25
0.1111111111111111
0.13636363636363635
0.2727272727272727
0.36363636363636365
0.4117647058823529
0.21428571428571427
0.2222222222222222
0.3157894736842105
0.3333333333333333
0.4
0.26666666666666666
0.2
0.35714285714285715
0.18181818181818182
0.11764705882352941
0.18181818181818182
0.35
0.05263157894736842
0.36363636363636365
0.2222222222222222
0.16666666666666666
0.15
0.19230769230769232
0.34782608695652173
0.21052631578947367
0.2
0.19047619047619047
0.3333333333333333
0.16666666666666666
0.25
0.2
0.17647058823529413
0.23809523809523808
0.3
0.16666666666666666
0.21052631578947367
0.11764705882352941
0.23809523809523808
0.15789473684210525
0.2
0.4090909090909091
0.16666666666666666
0.17647058823529413
0.21739130434782608
0.22727272727272727
0.25
0.1
0.2727272727272727
0.5
0.25
0.29411764705882354
0.2777777777777778
0.2
0.2222222222222222
0.38095238095238093
0.14285714285714285
0.09523809523809523
0.34782608695652173
0.1875
0.20833333333333334
0.2608695652173913
0.3333333333333333
0.3157894736842105
0.3333333333333333
0.2222222222222222
0.3157894736842105
0.35294117647058826
0.4117647058823529
0.35294117647058826
0.2222222222222222
0.3157894736842105
0.2222222222222222
0.3157894736842105
0.22727272727272727
0.10526315789473684
0.2608695652173913
0.2608695652173913
0.2727272727272727
0.3157894736842105
0.23529411764705882
0.2631578947368421
0.2631578947368421
0.3125
0.26666666666666666
0.15
0.2777777777777778
0.35294117647058826
0.3125
0.35294117647058826
0.23809523809523808
0.10526315789473684
0.08695652173913043
0.23076923076923078
0.23076923076923078
0.13636363636363635
0.34782608695652173
0.3157894736842105
0.3
0.15789473684210525
0.3157894736842105
0.2222222222222222
0.1
0.3181818181818182
0.2
0.15789473684210525
0.2
0.13043478260869565
0.14814814814814814
0.23076923076923078
0.0
0.20833333333333334
0.3333333333333333
0.23809523809523808
0.22727272727272727
0.2631578947368421
0.2631578947368421
0.23529411764705882
0.3333333333333333
0.11764705882352941
0.15
0.4090909090909091
0.25
0.26666666666666666
0.17647058823529413
0.42857142857142855
0.3684210526315789
0.2631578947368421
0.1875
0.3157894736842105
0.25
0.1875
0.15789473684210525
0.3181818181818182
0.38095238095238093
0.125
0.16666666666666666
0.24
0.25
0.22727272727272727
0.2857142857142857
0.38095238095238093
0.375
0.26666666666666666
0.1875
0.36363636363636365
0.19047619047619047
0.2777777777777778
0.21052631578947367
0.15789473684210525
0.19047619047619047
0.3333333333333333
0.17647058823529413
0.15789473684210525
0.15
0.14285714285714285
0.17391304347826086
0.16
0.13636363636363635
0.2916666666666667
0.25
0.3333333333333333
0.11764705882352941
0.1875
0.125
0.2631578947368421
0.21052631578947367
0.2222222222222222
0.26666666666666666
0.3125
0.1875
0.19047619047619047
0.3
0.25
0.3157894736842105
0.23529411764705882
0.25
0.16666666666666666
0.2
0.3333333333333333
0.2222222222222222
0.21052631578947367
0.15
0.2
0.08695652173913043
0.17391304347826086
0.23809523809523808
0.3157894736842105
0.3
0.125
0.25
0.22727272727272727
0.15
0.3333333333333333
0.25
0.058823529411764705
0.30434782608695654
0.25
0.35294117647058826
0.125
0.35
0.5
0.07692307692307693
0.2222222222222222
0.3125
0.29411764705882354
0.22727272727272727
0.18181818181818182
0.2222222222222222
0.23809523809523808
0.30434782608695654
0.15789473684210525
0.25
0.2857142857142857
0.2
0.15789473684210525
0.09523809523809523
0.2608695652173913
0.2
0.4117647058823529
0.3333333333333333
0.3888888888888889
0.2
0.26666666666666666
0.15789473684210525
0.21052631578947367
0.15789473684210525
0.18181818181818182
0.2727272727272727
0.2
0.10526315789473684
0.3684210526315789
0.3684210526315789
0.3333333333333333
0.3333333333333333
0.11764705882352941
0.19047619047619047
0.16
0.25
0.09090909090909091
0.3076923076923077
0.10526315789473684
0.25
0.1
0.20833333333333334
0.19047619047619047
0.47368421052631576
0.11764705882352941
0.30434782608695654
0.16666666666666666
0.35294117647058826
0.3333333333333333
0.23529411764705882
0.16666666666666666
0.22727272727272727
0.4
0.16666666666666666
0.2631578947368421
0.38095238095238093
0.25
0.19047619047619047
0.38095238095238093
0.29411764705882354
0.35294117647058826
0.11764705882352941
0.3157894736842105
0.25
0.4117647058823529
0.35294117647058826
0.14285714285714285
0.2777777777777778
0.2631578947368421
0.15
0.2727272727272727
0.23809523809523808
0.3157894736842105
0.3684210526315789
0.2
0.26666666666666666
0.3
0.3157894736842105
0.1875
0.10526315789473684
0.22727272727272727
0.25
0.5
0.35714285714285715
0.1875
0.29411764705882354
0.35294117647058826
0.2777777777777778
0.3157894736842105
0.1875
0.21052631578947367
0.19047619047619047
0.2
0.3333333333333333
0.3157894736842105
0.2631578947368421
0.2631578947368421
0.05263157894736842
0.25
0.2916666666666667
0.2608695652173913
0.3157894736842105
0.06666666666666667
0.2857142857142857
0.25
0.2857142857142857
0.35
0.25
0.17647058823529413
0.3157894736842105
0.2222222222222222
0.25
0.23529411764705882
0.1111111111111111
0.2222222222222222
0.2631578947368421
0.25
0.1111111111111111
0.2
0.21052631578947367
0.05555555555555555
0.19047619047619047
0.4
0.16666666666666666
0.15
0.2777777777777778
0.3
0.1
0.22727272727272727
0.18181818181818182
0.22727272727272727
0.15789473684210525
0.4
0.25
0.16666666666666666
0.1875
0.1875
0.25
0.2857142857142857
0.25
0.36363636363636365
0.3181818181818182
0.29411764705882354
0.25
0.14285714285714285
0.4375
0.14285714285714285
0.3333333333333333
0.09523809523809523
0.2608695652173913
0.3076923076923077
0.22727272727272727
0.2608695652173913
0.15
0.1
0.25
0.2
0.2
0.21739130434782608
0.18181818181818182
0.20833333333333334
0.3
0.35
0.05263157894736842
0.25
0.15789473684210525
0.2777777777777778
0.05
0.21739130434782608
0.25
0.2222222222222222
0.17647058823529413
0.15789473684210525
0.23809523809523808
0.35
0.2222222222222222
0.23809523809523808
0.10526315789473684
0.2
0.2222222222222222
0.2631578947368421
0.2
0.15
0.36363636363636365
0.2
0.2608695652173913
0.2857142857142857
0.38095238095238093
0.36363636363636365
0.1875
0.21052631578947367
0.3
0.17647058823529413
0.15789473684210525
0.21052631578947367
0.23809523809523808
0.43478260869565216
0.23529411764705882
0.25
0.2631578947368421
0.35
0.2777777777777778
0.3333333333333333
0.3333333333333333
0.4
0.23076923076923078
0.25
0.25
0.21052631578947367
0.17647058823529413
0.1875
0.21052631578947367
0.15789473684210525
0.2857142857142857
0.10526315789473684
0.4090909090909091
