Overall Mean: 0.24976671616445115
0.25
0.36
0.2727272727272727
0.13636363636363635
0.23333333333333334
0.11538461538461539
0.16666666666666666
0.2413793103448276
0.25
0.17857142857142858
0.36
0.19047619047619047
0.2222222222222222
0.14814814814814814
0.20689655172413793
0.16666666666666666
0.21428571428571427
0.41379310344827586
0.24
0.21739130434782608
0.20833333333333334
0.2962962962962963
0.2916666666666667
0.2727272727272727
0.30434782608695654
0.2
0.24
0.15384615384615385
0.18518518518518517
0.4230769230769231
0.2
0.3684210526315789
0.22727272727272727
0.19230769230769232
0.2962962962962963
0.3076923076923077
0.23809523809523808
0.3333333333333333
0.3181818181818182
0.2631578947368421
0.25
0.30434782608695654
0.22727272727272727
0.21739130434782608
0.2692307692307692
0.2222222222222222
0.3333333333333333
0.30434782608695654
0.36363636363636365
0.19230769230769232
0.2916666666666667
0.12
0.19230769230769232
0.27586206896551724
0.11538461538461539
0.37037037037037035
0.3
0.05263157894736842
0.32
0.2916666666666667
0.2
0.375
0.32
0.3333333333333333
0.3333333333333333
0.2
0.25
0.27586206896551724
0.28
0.45454545454545453
0.45454545454545453
0.21052631578947367
0.2727272727272727
0.36
0.34615384615384615
0.28
0.28
0.28
0.20833333333333334
0.3333333333333333
0.11538461538461539
0.17857142857142858
0.3103448275862069
0.19230769230769232
0.25
0.28
0.32
0.13636363636363635
0.28
0.2916666666666667
0.24
0.2962962962962963
0.2916666666666667
0.32
0.23076923076923078
0.32
0.17391304347826086
0.23076923076923078
0.23333333333333334
0.25925925925925924
0.20833333333333334
0.12
0.2857142857142857
0.3076923076923077
0.08333333333333333
0.2413793103448276
0.25
0.12
0.2962962962962963
0.25
0.2222222222222222
0.23076923076923078
0.25925925925925924
0.19230769230769232
0.20689655172413793
0.3076923076923077
0.28
0.2608695652173913
0.32
0.3333333333333333
0.18181818181818182
0.391304347826087
0.19047619047619047
0.3333333333333333
0.14814814814814814
0.25
0.23076923076923078
0.3333333333333333
0.25925925925925924
0.25925925925925924
0.11538461538461539
0.39285714285714285
0.12
0.2962962962962963
0.2916666666666667
0.25
0.2962962962962963
0.36666666666666664
0.391304347826087
0.3
0.20833333333333334
0.36363636363636365
0.44
0.17391304347826086
0.22727272727272727
0.18181818181818182
0.3076923076923077
0.2692307692307692
0.32
0.25
0.30434782608695654
0.25
0.36
0.28
0.4230769230769231
0.19047619047619047
0.21739130434782608
0.2
0.2222222222222222
0.39285714285714285
0.21739130434782608
0.32
0.2608695652173913
0.21739130434782608
0.4230769230769231
0.14285714285714285
0.17391304347826086
0.3333333333333333
0.34782608695652173
0.25
0.30434782608695654
0.3181818181818182
0.21739130434782608
0.2608695652173913
0.375
0.2727272727272727
0.4090909090909091
0.2631578947368421
0.25
0.391304347826087
0.375
0.30434782608695654
0.17391304347826086
0.19230769230769232
0.3
0.2857142857142857
0.391304347826087
0.13043478260869565
0.14814814814814814
0.25
0.11538461538461539
0.25
0.14285714285714285
0.2857142857142857
0.34615384615384615
0.3333333333333333
0.19047619047619047
0.24
0.3103448275862069
0.30434782608695654
0.34782608695652173
0.2608695652173913
0.2
0.25
0.37037037037037035
0.2608695652173913
0.13043478260869565
0.25925925925925924
0.3076923076923077
0.2608695652173913
0.25
0.25925925925925924
0.3333333333333333
0.19230769230769232
0.23076923076923078
0.2
0.16
0.2692307692307692
0.2916666666666667
0.3333333333333333
0.18181818181818182
0.2222222222222222
0.25
0.2692307692307692
0.13636363636363635
0.19230769230769232
0.2413793103448276
0.3103448275862069
0.28
0.18518518518518517
0.23333333333333334
0.42857142857142855
0.36363636363636365
0.2857142857142857
0.38095238095238093
0.09090909090909091
0.34615384615384615
0.24
0.21428571428571427
0.23076923076923078
0.21739130434782608
0.2
0.2916666666666667
0.20833333333333334
0.35714285714285715
0.2916666666666667
0.23076923076923078
0.13793103448275862
0.26666666666666666
0.19230769230769232
0.19230769230769232
0.23333333333333334
0.14285714285714285
0.26666666666666666
0.2857142857142857
0.2692307692307692
0.28
0.28
0.2
0.2962962962962963
0.19230769230769232
0.23076923076923078
0.24
0.391304347826087
0.13043478260869565
0.2
0.23076923076923078
0.18518518518518517
0.2962962962962963
0.24
0.4166666666666667
0.35
0.2631578947368421
0.391304347826087
0.2857142857142857
0.2608695652173913
0.2962962962962963
0.3333333333333333
0.2222222222222222
0.2857142857142857
0.4230769230769231
0.2608695652173913
0.17391304347826086
0.11538461538461539
0.3
0.32142857142857145
0.2692307692307692
0.36
0.2
0.2222222222222222
0.2
0.23076923076923078
0.25
0.2727272727272727
0.3
0.28
0.20833333333333334
0.21428571428571427
0.23333333333333334
0.2692307692307692
0.28
0.25
0.28
0.17391304347826086
0.28
0.32
0.24
0.3333333333333333
0.28
0.20833333333333334
0.19230769230769232
0.14285714285714285
0.2903225806451613
0.27586206896551724
0.24
0.3333333333333333
0.2916666666666667
0.2608695652173913
0.2692307692307692
0.3333333333333333
0.16666666666666666
0.2
0.2962962962962963
0.2916666666666667
0.36
0.28
0.25
0.3333333333333333
0.16666666666666666
0.25
0.19230769230769232
0.20833333333333334
0.15384615384615385
0.23076923076923078
0.041666666666666664
0.2962962962962963
0.15384615384615385
0.4444444444444444
0.20833333333333334
0.20833333333333334
0.24
0.32
0.14285714285714285
0.10344827586206896
0.16129032258064516
0.3103448275862069
0.2692307692307692
0.2608695652173913
0.3181818181818182
0.20833333333333334
0.16666666666666666
0.23076923076923078
0.27586206896551724
0.19230769230769232
0.19230769230769232
0.24
0.4
0.22727272727272727
0.17391304347826086
0.20833333333333334
0.15384615384615385
0.17857142857142858
0.26666666666666666
0.2857142857142857
0.3333333333333333
0.2857142857142857
0.17391304347826086
0.38461538461538464
0.3333333333333333
0.2692307692307692
0.2
0.23333333333333334
0.25925925925925924
0.2727272727272727
0.2916666666666667
0.16
0.24
0.28
0.32
0.3181818181818182
0.42857142857142855
0.38095238095238093
0.18181818181818182
0.2962962962962963
0.18518518518518517
0.27586206896551724
0.2608695652173913
0.30434782608695654
0.25
0.3076923076923077
0.22727272727272727
0.2608695652173913
0.25925925925925924
0.34615384615384615
0.3333333333333333
0.2916666666666667
0.3181818181818182
0.3181818181818182
0.2727272727272727
0.4090909090909091
0.18181818181818182
0.14285714285714285
0.12
0.41379310344827586
0.2857142857142857
0.36363636363636365
0.21739130434782608
0.32
0.2727272727272727
0.32
0.2727272727272727
0.125
0.17857142857142858
0.25
0.14814814814814814
0.20689655172413793
0.25925925925925924
0.2916666666666667
0.21739130434782608
0.2
0.375
0.30434782608695654
0.2
0.13043478260869565
0.26666666666666666
0.18518518518518517
0.17857142857142858
0.4
0.34615384615384615
0.2857142857142857
0.34782608695652173
0.25
0.2692307692307692
0.18518518518518517
0.24
0.20833333333333334
0.2608695652173913
0.13043478260869565
0.2413793103448276
0.27586206896551724
0.3076923076923077
0.23076923076923078
0.37037037037037035
0.21739130434782608
0.25
0.10344827586206896
0.36666666666666664
0.14285714285714285
0.2916666666666667
0.20833333333333334
0.25925925925925924
0.27586206896551724
0.3333333333333333
0.19047619047619047
0.15384615384615385
0.16
0.3448275862068966
0.2916666666666667
0.23809523809523808
0.25
0.2222222222222222
0.14814814814814814
0.2962962962962963
0.2222222222222222
0.25
0.32142857142857145
0.2692307692307692
0.2
0.2222222222222222
0.2857142857142857
0.2962962962962963
0.3333333333333333
0.2857142857142857
0.2916666666666667
0.28
0.3333333333333333
0.24
0.15384615384615385
0.21875
0.18518518518518517
0.125
0.28
0.3333333333333333
0.30434782608695654
0.2608695652173913
0.13636363636363635
0.16
0.2222222222222222
0.23076923076923078
0.25925925925925924
0.2222222222222222
0.2916666666666667
0.20833333333333334
0.23076923076923078
0.18518518518518517
0.25
0.30434782608695654
0.34782608695652173
0.21739130434782608
0.3333333333333333
0.3333333333333333
0.2608695652173913
0.13636363636363635
0.2692307692307692
0.25
0.23076923076923078
0.16666666666666666
0.25925925925925924
0.21428571428571427
0.24
0.25925925925925924
0.28
0.32
0.23809523809523808
0.2692307692307692
0.23076923076923078
0.21428571428571427
0.19230769230769232
0.2962962962962963
0.375
0.13636363636363635
0.32
0.3333333333333333
0.2727272727272727
0.2692307692307692
0.2
0.28
0.20833333333333334
0.2692307692307692
0.21739130434782608
0.36363636363636365
0.28
0.2
0.08
0.3448275862068966
0.25
0.2692307692307692
0.12
0.4230769230769231
0.3
0.21739130434782608
0.3333333333333333
0.25
0.19230769230769232
0.26666666666666666
0.23333333333333334
0.2413793103448276
0.2692307692307692
0.14814814814814814
0.25
0.15384615384615385
0.2413793103448276
0.25806451612903225
0.2692307692307692
0.2727272727272727
0.12
0.25925925925925924
0.2692307692307692
0.2
0.38461538461538464
0.3181818181818182
0.21739130434782608
0.2916666666666667
0.38461538461538464
0.19047619047619047
0.36363636363636365
0.34782608695652173
0.28
0.3333333333333333
0.2608695652173913
0.22727272727272727
0.2608695652173913
0.2608695652173913
0.25
0.2
0.16
0.18518518518518517
0.2857142857142857
0.24
0.37037037037037035
0.19047619047619047
0.16666666666666666
0.18518518518518517
0.25806451612903225
0.18518518518518517
0.37037037037037035
0.3333333333333333
0.2
0.13043478260869565
0.25
0.25
0.2222222222222222
0.14814814814814814
0.27586206896551724
0.20833333333333334
0.2727272727272727
0.2916666666666667
0.23809523809523808
0.27586206896551724
0.32
0.14814814814814814
0.20689655172413793
0.25
0.2692307692307692
0.24
0.2692307692307692
0.36
0.18181818181818182
0.375
0.3181818181818182
0.32
0.28
0.34782608695652173
0.24
0.36
0.2727272727272727
0.2608695652173913
0.17391304347826086
0.2222222222222222
0.21428571428571427
0.3
0.2608695652173913
0.24
0.14285714285714285
0.2
0.17857142857142858
0.32142857142857145
0.2692307692307692
0.125
0.3076923076923077
0.21428571428571427
0.13333333333333333
0.22580645161290322
0.18518518518518517
0.3333333333333333
0.19230769230769232
0.24
0.3333333333333333
0.4090909090909091
0.3157894736842105
0.3
0.2916666666666667
0.2608695652173913
0.24
0.21739130434782608
0.36
0.3181818181818182
0.1111111111111111
0.3103448275862069
0.14814814814814814
0.32142857142857145
0.36
0.047619047619047616
0.2692307692307692
0.17857142857142858
0.2413793103448276
0.28
0.12
0.23333333333333334
0.2222222222222222
0.25925925925925924
0.28
0.25
0.23076923076923078
0.2222222222222222
0.14814814814814814
0.1935483870967742
0.3103448275862069
0.32
0.2
0.34615384615384615
0.34782608695652173
0.20833333333333334
0.25
0.11538461538461539
0.3225806451612903
0.26666666666666666
0.18518518518518517
0.14814814814814814
0.2222222222222222
0.125
0.25925925925925924
0.2413793103448276
0.25
0.11538461538461539
0.25925925925925924
0.3793103448275862
0.16
0.21428571428571427
0.16
0.2413793103448276
0.24
0.16666666666666666
0.2
0.23076923076923078
0.2962962962962963
0.2
0.28
0.15384615384615385
0.2
0.3448275862068966
0.2
0.20833333333333334
0.38461538461538464
0.28
0.24
0.4090909090909091
0.15
0.25
0.24
0.21739130434782608
0.36
0.17391304347826086
0.24
0.20689655172413793
0.18518518518518517
0.2692307692307692
0.19230769230769232
0.28
0.4090909090909091
0.25
0.17391304347826086
0.3076923076923077
0.19230769230769232
0.3076923076923077
0.3076923076923077
0.21739130434782608
0.28
0.12
0.14814814814814814
0.21428571428571427
0.39285714285714285
0.17391304347826086
0.24
0.4
0.22727272727272727
0.3333333333333333
0.37037037037037035
0.30434782608695654
0.3
0.2916666666666667
0.3333333333333333
0.2916666666666667
0.20833333333333334
0.17391304347826086
0.28
0.25
0.2
0.2222222222222222
0.2692307692307692
0.3333333333333333
0.23076923076923078
0.15384615384615385
0.3333333333333333
0.32
0.17391304347826086
0.2916666666666667
0.23076923076923078
0.375
0.3333333333333333
0.3181818181818182
0.2916666666666667
0.2962962962962963
0.2916666666666667
0.2608695652173913
0.24
0.34615384615384615
0.2692307692307692
0.28
0.3333333333333333
0.3076923076923077
0.125
0.2962962962962963
0.3333333333333333
0.3181818181818182
0.22727272727272727
0.24
0.2222222222222222
0.28
0.25
0.18181818181818182
0.24
0.15384615384615385
0.17857142857142858
0.35714285714285715
0.24
0.37037037037037035
0.2631578947368421
0.25
0.24
0.2857142857142857
0.2608695652173913
0.13043478260869565
0.25806451612903225
0.15384615384615385
0.07692307692307693
0.2903225806451613
0.34615384615384615
0.38095238095238093
0.21052631578947367
0.3333333333333333
0.18181818181818182
0.28
0.25
0.25
0.16666666666666666
0.4230769230769231
0.3333333333333333
0.3
0.5
0.35
0.3
0.16666666666666666
0.35714285714285715
0.2
0.25
0.20833333333333334
0.3103448275862069
0.28
0.2222222222222222
0.2692307692307692
0.2916666666666667
0.21739130434782608
0.2
0.32
0.20833333333333334
0.20689655172413793
0.25925925925925924
0.2857142857142857
0.28
0.24
0.24
0.3333333333333333
0.22727272727272727
0.28
0.375
0.19230769230769232
0.1111111111111111
0.3
0.14814814814814814
0.2962962962962963
0.25
0.20689655172413793
0.23333333333333334
0.07407407407407407
0.25806451612903225
0.2
0.1724137931034483
0.2857142857142857
0.23076923076923078
0.08695652173913043
0.2692307692307692
0.28
0.34782608695652173
0.25
0.22727272727272727
0.2
0.3333333333333333
0.23809523809523808
0.17391304347826086
0.1724137931034483
0.2222222222222222
0.375
0.20833333333333334
0.28
0.2916666666666667
0.30434782608695654
0.4090909090909091
0.2727272727272727
0.38461538461538464
0.35
0.4
0.375
0.13043478260869565
0.32142857142857145
0.25925925925925924
0.25
0.25925925925925924
0.37037037037037035
0.1111111111111111
0.1935483870967742
0.2727272727272727
0.25925925925925924
0.25
0.28
0.23076923076923078
0.20833333333333334
0.13333333333333333
0.18181818181818182
0.25
0.27586206896551724
0.23076923076923078
0.19230769230769232
0.24
0.19230769230769232
0.14814814814814814
0.2222222222222222
0.27586206896551724
0.14814814814814814
0.26666666666666666
0.2692307692307692
0.3076923076923077
0.3
0.36363636363636365
0.2608695652173913
0.21739130434782608
0.2962962962962963
0.24
0.24
0.2962962962962963
0.2222222222222222
0.2857142857142857
0.32
0.30434782608695654
0.21739130434782608
0.32142857142857145
0.3333333333333333
0.23809523809523808
0.15384615384615385
0.28
0.17857142857142858
0.23076923076923078
0.36
0.34782608695652173
0.25
0.25
0.3076923076923077
0.24
0.2
0.39285714285714285
0.30434782608695654
0.2608695652173913
0.30434782608695654
0.2916666666666667
0.30434782608695654
0.2692307692307692
0.2727272727272727
0.12
0.2857142857142857
0.125
0.2413793103448276
0.2857142857142857
0.16
0.23076923076923078
0.2857142857142857
0.38461538461538464
0.2727272727272727
0.30434782608695654
0.3076923076923077
0.1724137931034483
0.2857142857142857
0.15384615384615385
0.2692307692307692
0.21428571428571427
0.19230769230769232
0.2222222222222222
0.23333333333333334
0.2222222222222222
0.2413793103448276
0.20833333333333334
0.2962962962962963
0.11538461538461539
0.2413793103448276
0.19230769230769232
0.2
0.3076923076923077
0.20833333333333334
0.25
0.2857142857142857
0.3076923076923077
0.24
0.25
0.3103448275862069
0.16
0.17857142857142858
0.37037037037037035
0.30434782608695654
0.3
0.3
0.3181818181818182
0.19230769230769232
0.32
0.14814814814814814
0.18518518518518517
0.2903225806451613
0.1724137931034483
0.20689655172413793
0.3333333333333333
0.28
0.17391304347826086
0.28
0.2
0.3448275862068966
0.16666666666666666
0.24
0.25
0.35714285714285715
0.3333333333333333
0.23809523809523808
0.13043478260869565
0.25
0.21428571428571427
0.23076923076923078
0.18518518518518517
0.1724137931034483
0.22580645161290322
0.1111111111111111
0.21875
0.23333333333333334
0.2692307692307692
0.34615384615384615
0.3181818181818182
0.23809523809523808
0.2727272727272727
0.3333333333333333
0.20833333333333334
0.28
0.10714285714285714
0.28125
0.25
0.25925925925925924
0.25
0.34782608695652173
0.3333333333333333
0.20833333333333334
0.48
0.22727272727272727
0.2727272727272727
0.34782608695652173
0.24
0.2
0.21739130434782608
0.2727272727272727
0.13043478260869565
0.2962962962962963
0.28
0.4
0.18181818181818182
0.20833333333333334
0.2857142857142857
0.2413793103448276
0.23076923076923078
0.3076923076923077
0.34782608695652173
0.17391304347826086
0.2222222222222222
0.1724137931034483
0.3448275862068966
0.25925925925925924
0.17857142857142858
0.2222222222222222
0.25806451612903225
0.2962962962962963
0.4583333333333333
0.35
0.19047619047619047
0.2857142857142857
0.21428571428571427
0.2
0.2857142857142857
0.30434782608695654
0.23809523809523808
0.28
0.25
0.24
0.3333333333333333
0.23809523809523808
0.34782608695652173
0.16666666666666666
0.25925925925925924
0.14814814814814814
0.2222222222222222
0.32
0.25
0.25
0.12
0.1724137931034483
0.15384615384615385
0.19230769230769232
0.25
0.2857142857142857
0.2608695652173913
0.30434782608695654
0.12
0.24
0.3076923076923077
0.2916666666666667
0.21739130434782608
0.17391304347826086
0.25925925925925924
0.3103448275862069
0.4090909090909091
0.2
0.2
0.2727272727272727
0.25
0.21428571428571427
0.16
0.34615384615384615
0.3181818181818182
0.2
0.391304347826087
0.13043478260869565
0.2962962962962963
0.34615384615384615
0.13636363636363635
0.21739130434782608
0.20689655172413793
0.3
0.16
0.3103448275862069
0.23076923076923078
0.2
0.2
0.2692307692307692
0.3333333333333333
0.28
0.28
0.16
0.19230769230769232
0.3448275862068966
0.24
0.30434782608695654
0.2692307692307692
0.2
0.125
0.2692307692307692
0.2692307692307692
0.34615384615384615
0.17391304347826086
0.34782608695652173
0.23809523809523808
0.2608695652173913
0.2962962962962963
0.16666666666666666
0.24
0.25925925925925924
0.3333333333333333
0.13043478260869565
0.13793103448275862
0.2413793103448276
0.18518518518518517
0.14285714285714285
0.22580645161290322
0.27586206896551724
0.25
0.125
0.2692307692307692
0.15384615384615385
0.25
0.16
0.36666666666666664
0.3333333333333333
0.3333333333333333
0.34782608695652173
0.22727272727272727
0.22727272727272727
0.22727272727272727
0.38461538461538464
0.2857142857142857
0.21739130434782608
0.2692307692307692
0.15384615384615385
0.23076923076923078
0.25925925925925924
0.16666666666666666
0.2413793103448276
0.21428571428571427
0.19230769230769232
0.25925925925925924
0.2413793103448276
0.19230769230769232
0.2857142857142857
0.32
0.2727272727272727
0.19047619047619047
0.25
0.24
0.3076923076923077
0.18181818181818182
0.16
0.3076923076923077
0.2916666666666667
0.25
0.2413793103448276
0.44
0.17391304347826086
0.24
0.24
0.28
0.21739130434782608
0.24
0.32
0.2
0.23076923076923078
0.2
0.34615384615384615
0.17391304347826086
0.10714285714285714
0.27586206896551724
0.23076923076923078
0.2962962962962963
0.2916666666666667
0.36
0.13636363636363635
0.28
0.28
0.21739130434782608
0.2962962962962963
0.2692307692307692
0.14285714285714285
0.2222222222222222
0.22580645161290322
0.3103448275862069
0.3076923076923077
0.2727272727272727
0.3333333333333333
0.3333333333333333
0.2916666666666667
0.16666666666666666
0.2692307692307692
0.18518518518518517
0.25
0.32
0.25925925925925924
0.28
0.25
0.2692307692307692
0.2222222222222222
0.18518518518518517
0.48148148148148145
0.2857142857142857
0.3181818181818182
0.20833333333333334
0.20833333333333334
0.18518518518518517
0.32
0.10714285714285714
0.3103448275862069
0.12
0.21428571428571427
0.17857142857142858
0.25
0.12
0.2962962962962963
0.23076923076923078
0.18518518518518517
0.15384615384615385
0.21428571428571427
0.2
0.2413793103448276
0.2857142857142857
0.23076923076923078
0.36
0.36
0.30434782608695654
0.2727272727272727
0.125
0.3103448275862069
0.24
0.2692307692307692
0.2916666666666667
0.13043478260869565
0.17857142857142858
0.1111111111111111
0.25806451612903225
0.17857142857142858
0.2222222222222222
0.32142857142857145
0.2692307692307692
0.21739130434782608
0.28
0.3076923076923077
0.20833333333333334
0.041666666666666664
0.2857142857142857
0.2692307692307692
0.22727272727272727
0.23076923076923078
0.23076923076923078
0.1111111111111111
0.4482758620689655
0.18181818181818182
0.19047619047619047
0.30434782608695654
0.36
0.2608695652173913
0.13043478260869565
0.38461538461538464
0.28
0.2727272727272727
0.16666666666666666
0.36
0.25
0.25925925925925924
0.2608695652173913
0.23076923076923078
0.2692307692307692
0.2916666666666667
0.16
0.3333333333333333
0.3076923076923077
0.19047619047619047
0.36363636363636365
0.25
0.2727272727272727
0.3181818181818182
0.16666666666666666
0.11538461538461539
0.18518518518518517
0.2413793103448276
0.32
0.3076923076923077
0.2962962962962963
0.13636363636363635
0.17857142857142858
0.34615384615384615
0.28
0.24
0.21739130434782608
0.13636363636363635
0.2608695652173913
0.24
0.2692307692307692
0.2
0.11538461538461539
0.23333333333333334
0.26666666666666666
0.12
0.23076923076923078
0.2692307692307692
0.42857142857142855
0.3181818181818182
0.2
0.2916666666666667
0.20833333333333334
0.20833333333333334
0.11538461538461539
0.14814814814814814
0.16666666666666666
0.3548387096774194
0.24
0.11538461538461539
0.27586206896551724
0.11538461538461539
0.18518518518518517
0.27586206896551724
0.25925925925925924
0.2692307692307692
0.3181818181818182
0.3076923076923077
0.25
0.25
0.25925925925925924
0.1875
0.2857142857142857
0.3448275862068966
0.16666666666666666
0.38461538461538464
0.34615384615384615
0.14285714285714285
0.25925925925925924
0.32142857142857145
0.25
0.2692307692307692
0.21739130434782608
0.38461538461538464
0.2857142857142857
0.23809523809523808
0.25925925925925924
0.19230769230769232
0.21428571428571427
0.1935483870967742
0.3333333333333333
0.23076923076923078
0.2692307692307692
0.2857142857142857
0.19230769230769232
0.3333333333333333
0.21739130434782608
0.125
0.39285714285714285
0.375
0.2727272727272727
0.3684210526315789
0.3888888888888889
0.35
0.2777777777777778
0.2
0.3888888888888889
0.28
0.38095238095238093
0.3
0.3333333333333333
0.30434782608695654
0.22727272727272727
0.20833333333333334
0.14285714285714285
0.21428571428571427
0.2222222222222222
0.21739130434782608
0.18518518518518517
0.25
0.2857142857142857
0.16
0.2962962962962963
0.16666666666666666
0.3333333333333333
0.36363636363636365
0.22727272727272727
0.2916666666666667
0.375
0.3181818181818182
0.34615384615384615
0.4
0.13043478260869565
0.20689655172413793
0.1935483870967742
0.2222222222222222
0.32
0.21739130434782608
0.2
0.25
0.2
0.25
0.21428571428571427
0.24
0.20833333333333334
0.2962962962962963
0.2962962962962963
0.18181818181818182
0.28
0.36363636363636365
0.2857142857142857
0.375
0.4166666666666667
0.4090909090909091
0.3
0.23809523809523808
0.08333333333333333
0.2
0.20689655172413793
0.2962962962962963
0.15384615384615385
0.35714285714285715
0.2
0.15384615384615385
0.1724137931034483
0.3225806451612903
0.3076923076923077
0.13043478260869565
0.24
0.21428571428571427
0.34615384615384615
0.34782608695652173
0.2916666666666667
0.30434782608695654
0.20833333333333334
0.18518518518518517
0.3333333333333333
0.3333333333333333
0.20833333333333334
0.24
0.16666666666666666
0.32142857142857145
0.23076923076923078
0.12
0.21428571428571427
0.24
0.19230769230769232
0.4074074074074074
0.2692307692307692
0.20833333333333334
0.2692307692307692
0.20833333333333334
0.37037037037037035
0.20833333333333334
0.2
0.20689655172413793
0.3333333333333333
0.2727272727272727
0.18181818181818182
0.13043478260869565
0.2413793103448276
0.20689655172413793
0.2857142857142857
0.18518518518518517
0.125
0.25925925925925924
0.12
0.27586206896551724
0.25925925925925924
0.34615384615384615
0.2727272727272727
0.34782608695652173
0.43478260869565216
0.05
0.3076923076923077
0.3333333333333333
0.2727272727272727
0.20833333333333334
0.21428571428571427
0.25
0.25
0.4
0.2916666666666667
0.38461538461538464
0.20833333333333334
0.18518518518518517
0.25925925925925924
0.16
0.2692307692307692
0.30434782608695654
0.20833333333333334
0.17391304347826086
0.2962962962962963
0.2222222222222222
0.14814814814814814
0.20689655172413793
0.21428571428571427
0.18518518518518517
0.23076923076923078
0.391304347826087
0.21739130434782608
0.34615384615384615
0.18518518518518517
0.23333333333333334
0.28
0.2608695652173913
0.25
0.25
0.1111111111111111
0.22580645161290322
0.21875
0.28125
0.24
0.34782608695652173
0.3
0.35
0.2916666666666667
0.09523809523809523
0.25
0.32142857142857145
0.23076923076923078
0.14814814814814814
0.3448275862068966
0.375
0.2608695652173913
0.2692307692307692
0.25
0.23076923076923078
0.17857142857142858
0.17857142857142858
0.1935483870967742
0.21428571428571427
0.21739130434782608
0.19230769230769232
0.25925925925925924
0.19230769230769232
0.07142857142857142
0.34375
0.3793103448275862
0.13636363636363635
0.28
0.21428571428571427
0.36
0.08333333333333333
0.19230769230769232
0.2222222222222222
0.3333333333333333
0.32
0.2608695652173913
0.2608695652173913
0.08333333333333333
0.25
0.32142857142857145
0.34615384615384615
0.2608695652173913
0.2916666666666667
0.2608695652173913
0.25
0.2222222222222222
0.19230769230769232
0.18518518518518517
0.23333333333333334
0.2857142857142857
0.14814814814814814
0.19230769230769232
0.14814814814814814
0.3076923076923077
0.21739130434782608
0.2413793103448276
0.2692307692307692
0.3333333333333333
0.2
0.25
0.2962962962962963
0.28
0.16666666666666666
0.2962962962962963
0.28
0.17391304347826086
0.20689655172413793
0.35714285714285715
0.2916666666666667
0.25
0.30434782608695654
0.3181818181818182
0.24
0.15384615384615385
0.15384615384615385
0.23333333333333334
0.25
0.23076923076923078
0.25
0.34782608695652173
0.09523809523809523
0.24
0.2222222222222222
0.23076923076923078
0.24
0.25
0.16666666666666666
0.25925925925925924
0.2413793103448276
0.2857142857142857
0.28
0.3333333333333333
0.25
0.24
0.14814814814814814
0.10344827586206896
0.3333333333333333
0.2413793103448276
0.2222222222222222
0.3333333333333333
0.09090909090909091
0.2857142857142857
0.16
0.19230769230769232
0.25
0.21428571428571427
0.2
0.23076923076923078
0.2
0.16666666666666666
0.16
0.25925925925925924
0.24
0.27586206896551724
0.2962962962962963
0.24
0.28
0.21739130434782608
0.3076923076923077
0.16
0.28
0.28
0.32142857142857145
0.3333333333333333
0.3
0.19047619047619047
0.16
0.25
0.21428571428571427
0.19230769230769232
0.2692307692307692
0.19230769230769232
0.15384615384615385
0.26666666666666666
0.25
0.21739130434782608
0.25
0.38461538461538464
0.4166666666666667
0.18181818181818182
0.19230769230769232
0.2
0.14814814814814814
0.2413793103448276
0.15384615384615385
0.25806451612903225
0.24
0.34782608695652173
0.17391304347826086
0.23076923076923078
0.3076923076923077
0.2916666666666667
0.391304347826087
0.34782608695652173
0.2857142857142857
0.047619047619047616
0.2692307692307692
0.25
0.2222222222222222
0.25925925925925924
0.2222222222222222
0.37037037037037035
0.09090909090909091
0.4166666666666667
0.22727272727272727
0.30434782608695654
0.34782608695652173
0.20833333333333334
0.20833333333333334
0.2692307692307692
0.16666666666666666
0.20689655172413793
0.2222222222222222
0.3076923076923077
0.25
0.2916666666666667
0.19047619047619047
0.20833333333333334
0.25925925925925924
0.21739130434782608
0.30434782608695654
0.3076923076923077
0.2916666666666667
0.36
0.25
0.3333333333333333
0.15384615384615385
0.3
0.2962962962962963
0.2916666666666667
0.17391304347826086
0.2857142857142857
0.25
0.32
0.16
0.2857142857142857
0.19230769230769232
0.20689655172413793
0.3548387096774194
0.20833333333333334
0.20833333333333334
0.17391304347826086
0.16
0.25
0.17857142857142858
0.25806451612903225
0.3333333333333333
0.25
0.3
0.17391304347826086
0.3076923076923077
0.24
0.2857142857142857
0.25925925925925924
0.36
0.20833333333333334
0.28
0.15384615384615385
0.21428571428571427
0.18518518518518517
0.42857142857142855
0.2608695652173913
0.2608695652173913
0.2727272727272727
0.375
0.22727272727272727
0.2727272727272727
0.32142857142857145
0.25
0.15
0.25
0.2
0.2222222222222222
0.2916666666666667
0.20833333333333334
0.2692307692307692
0.2692307692307692
0.2692307692307692
0.12
0.14814814814814814
0.3448275862068966
0.32
0.25
0.18181818181818182
0.23076923076923078
0.34615384615384615
0.30434782608695654
0.22727272727272727
0.23076923076923078
0.4074074074074074
0.2727272727272727
0.43478260869565216
0.19047619047619047
0.20833333333333334
0.17857142857142858
0.3333333333333333
0.21739130434782608
0.17391304347826086
0.2962962962962963
0.2692307692307692
0.25
0.2903225806451613
0.2
0.3
0.24
0.24
0.21428571428571427
0.19230769230769232
0.3333333333333333
0.21739130434782608
0.12
0.34782608695652173
0.2857142857142857
0.2608695652173913
0.2727272727272727
0.36
0.34782608695652173
0.2
0.22727272727272727
0.16666666666666666
0.3333333333333333
0.21739130434782608
0.2916666666666667
0.24
0.34615384615384615
0.2916666666666667
0.3181818181818182
0.15789473684210525
0.28
0.2
0.28
0.3333333333333333
0.16
0.14285714285714285
0.25
0.17857142857142858
0.15625
0.26666666666666666
0.20689655172413793
0.25
0.25
0.2222222222222222
0.23076923076923078
0.24
0.22727272727272727
0.17391304347826086
0.2222222222222222
0.17857142857142858
0.1935483870967742
0.3125
0.2413793103448276
0.27586206896551724
0.34615384615384615
0.42105263157894735
0.2222222222222222
0.25
0.3076923076923077
0.2608695652173913
0.08
0.14285714285714285
0.1
0.2
0.1724137931034483
0.25
0.32
0.2857142857142857
0.18181818181818182
0.2222222222222222
0.3225806451612903
0.28
0.2608695652173913
0.28
0.18181818181818182
0.20833333333333334
0.18518518518518517
0.28125
0.28
0.22727272727272727
0.24
0.15384615384615385
0.1724137931034483
0.2857142857142857
0.19230769230769232
0.2962962962962963
0.2
0.36
0.21739130434782608
0.24
0.2857142857142857
0.20833333333333334
0.2222222222222222
0.18518518518518517
0.28
0.125
0.2
0.2222222222222222
0.32
0.13043478260869565
0.20833333333333334
0.2608695652173913
0.11538461538461539
0.21428571428571427
0.3103448275862069
0.3333333333333333
0.34782608695652173
0.18181818181818182
0.21739130434782608
0.25
0.2222222222222222
0.2692307692307692
0.2692307692307692
0.19230769230769232
0.25925925925925924
0.2916666666666667
0.2
0.2692307692307692
0.24
0.2608695652173913
0.3333333333333333
0.2727272727272727
0.13636363636363635
0.21428571428571427
0.3333333333333333
0.23076923076923078
0.23076923076923078
0.2
0.34615384615384615
0.23076923076923078
0.25925925925925924
0.3076923076923077
0.24
0.16666666666666666
0.25925925925925924
0.3076923076923077
0.28
0.2
0.30434782608695654
0.18181818181818182
0.30434782608695654
0.30434782608695654
0.38095238095238093
0.3181818181818182
0.2916666666666667
0.20833333333333334
0.21428571428571427
0.2222222222222222
0.15384615384615385
0.19230769230769232
0.18518518518518517
0.3
0.25925925925925924
0.19230769230769232
0.32142857142857145
0.22727272727272727
0.24
0.21739130434782608
0.16
0.18518518518518517
0.3448275862068966
0.23809523809523808
0.30434782608695654
0.43478260869565216
0.1
0.19230769230769232
0.21428571428571427
0.3076923076923077
0.2
0.2962962962962963
0.3
0.3333333333333333
0.18181818181818182
0.38461538461538464
0.125
0.27586206896551724
0.2692307692307692
0.2692307692307692
0.2692307692307692
0.2222222222222222
0.3076923076923077
0.23076923076923078
0.19230769230769232
0.20689655172413793
0.18518518518518517
0.27586206896551724
0.24
0.04
0.2
0.21428571428571427
0.1724137931034483
0.32142857142857145
0.2916666666666667
0.25
0.4090909090909091
0.22727272727272727
0.3103448275862069
0.23076923076923078
0.28
0.125
0.2692307692307692
0.27586206896551724
0.24
0.28
0.30434782608695654
0.22727272727272727
0.04
0.2413793103448276
0.37037037037037035
0.14285714285714285
0.25925925925925924
0.34615384615384615
0.21739130434782608
0.2857142857142857
0.16666666666666666
0.19230769230769232
0.2222222222222222
0.17857142857142858
0.18518518518518517
0.14814814814814814
0.27586206896551724
0.2692307692307692
0.2608695652173913
0.28
0.32
0.3157894736842105
0.05
0.2692307692307692
0.32
0.2857142857142857
0.15789473684210525
0.3076923076923077
0.2
0.2962962962962963
0.2222222222222222
0.2692307692307692
0.16666666666666666
0.25
0.3076923076923077
0.2692307692307692
0.2608695652173913
0.3181818181818182
0.16666666666666666
0.23076923076923078
0.20833333333333334
0.2222222222222222
0.25925925925925924
0.2
0.3103448275862069
0.32
0.4583333333333333
0.2727272727272727
0.24
0.2222222222222222
0.2857142857142857
0.25925925925925924
0.20833333333333334
0.23076923076923078
0.34782608695652173
0.22727272727272727
0.18181818181818182
0.2
0.2
0.18518518518518517
0.25925925925925924
0.25925925925925924
0.21428571428571427
0.25
0.3103448275862069
0.2962962962962963
0.2916666666666667
0.21428571428571427
0.14814814814814814
0.2413793103448276
0.23076923076923078
0.4074074074074074
0.16666666666666666
0.0
0.1875
0.1875
0.23333333333333334
0.2413793103448276
0.16
0.3076923076923077
0.27586206896551724
0.2962962962962963
0.2916666666666667
0.38461538461538464
0.3333333333333333
0.21739130434782608
0.46153846153846156
0.2608695652173913
0.2222222222222222
0.32
0.21739130434782608
0.037037037037037035
0.1935483870967742
0.2413793103448276
0.25925925925925924
0.2
0.27586206896551724
0.38461538461538464
0.19047619047619047
0.2
0.22727272727272727
0.2
0.30434782608695654
0.20833333333333334
0.25
0.21428571428571427
0.27586206896551724
0.30434782608695654
0.12
0.2
0.19230769230769232
0.37037037037037035
0.30434782608695654
0.2916666666666667
0.13043478260869565
0.25
0.28
0.17391304347826086
0.19230769230769232
0.2
0.21428571428571427
0.3076923076923077
0.15
0.3181818181818182
0.38095238095238093
0.2727272727272727
0.35
0.3333333333333333
0.32
0.28
0.19047619047619047
0.19230769230769232
0.25
0.25925925925925924
0.27586206896551724
0.23076923076923078
0.28
0.15384615384615385
0.25
0.19230769230769232
0.25
0.2222222222222222
0.3333333333333333
0.13636363636363635
0.23076923076923078
0.15384615384615385
0.2857142857142857
0.25
0.2
0.12
0.3103448275862069
0.25
0.23076923076923078
0.2222222222222222
0.28
0.2916666666666667
0.2608695652173913
0.2857142857142857
0.2916666666666667
0.35
0.35
0.3181818181818182
0.24
0.13636363636363635
0.16
0.21428571428571427
0.20833333333333334
0.3333333333333333
0.32
0.13043478260869565
0.20833333333333334
0.28
0.18518518518518517
0.19230769230769232
0.16
0.2857142857142857
0.1724137931034483
0.25
0.24
0.23076923076923078
0.2916666666666667
0.28
0.20833333333333334
0.24
0.3076923076923077
0.13636363636363635
0.2692307692307692
0.11538461538461539
0.39285714285714285
0.21739130434782608
0.38461538461538464
0.34782608695652173
0.36363636363636365
0.23809523809523808
0.3333333333333333
0.32
0.34615384615384615
0.3181818181818182
0.15789473684210525
0.2916666666666667
0.3333333333333333
0.21739130434782608
0.28
0.24
0.28
0.24
0.48
0.29411764705882354
0.2631578947368421
0.36363636363636365
0.2
0.3076923076923077
0.0
0.2413793103448276
0.2413793103448276
0.23076923076923078
0.28
0.24
0.2727272727272727
0.2
0.21739130434782608
0.15384615384615385
0.2857142857142857
0.3076923076923077
0.2857142857142857
0.2608695652173913
0.125
0.3
0.39285714285714285
0.23809523809523808
0.18181818181818182
0.19230769230769232
0.3076923076923077
0.36
0.13043478260869565
0.14285714285714285
0.26666666666666666
0.28
0.2608695652173913
0.3181818181818182
0.08333333333333333
0.25925925925925924
0.2857142857142857
0.3333333333333333
0.5
0.38095238095238093
0.1
0.21739130434782608
0.16
0.25925925925925924
0.17857142857142858
0.5
0.3333333333333333
0.25
0.34782608695652173
0.3181818181818182
0.09090909090909091
0.16
0.2692307692307692
0.2608695652173913
0.20833333333333334
0.30434782608695654
0.25
0.23076923076923078
0.2916666666666667
0.32
0.3076923076923077
0.2727272727272727
0.20833333333333334
0.20833333333333334
0.07407407407407407
0.25
0.3333333333333333
0.2222222222222222
0.11538461538461539
0.16666666666666666
0.26666666666666666
0.38461538461538464
0.21739130434782608
0.15384615384615385
0.23076923076923078
0.3076923076923077
0.2608695652173913
0.23809523809523808
0.2916666666666667
0.2916666666666667
0.18181818181818182
0.25
0.15384615384615385
0.23076923076923078
0.25925925925925924
0.28
0.34782608695652173
0.45454545454545453
0.2222222222222222
0.2
0.19230769230769232
0.2916666666666667
0.2
0.19230769230769232
0.13793103448275862
0.3
0.125
0.17391304347826086
0.23076923076923078
0.25925925925925924
0.32142857142857145
0.19230769230769232
0.18518518518518517
0.34615384615384615
0.24
0.2962962962962963
0.3333333333333333
0.25
0.2727272727272727
0.23809523809523808
0.3333333333333333
0.36
0.3076923076923077
0.25
0.2
0.15384615384615385
0.14814814814814814
0.35714285714285715
0.16
0.18518518518518517
0.3076923076923077
0.3333333333333333
0.25
0.25
0.2962962962962963
0.14285714285714285
0.14285714285714285
0.32142857142857145
0.2608695652173913
0.22727272727272727
0.25925925925925924
0.1111111111111111
0.13333333333333333
0.3225806451612903
0.24
0.23076923076923078
0.23076923076923078
0.2608695652173913
0.34615384615384615
0.18181818181818182
0.2608695652173913
0.2727272727272727
0.32
0.2916666666666667
0.20833333333333334
0.23076923076923078
0.2413793103448276
0.2222222222222222
0.18518518518518517
0.35714285714285715
0.391304347826087
0.34782608695652173
0.25
0.2727272727272727
0.2857142857142857
0.23809523809523808
0.4090909090909091
0.2608695652173913
0.12
0.21875
0.3076923076923077
0.5454545454545454
0.2631578947368421
0.22727272727272727
0.11538461538461539
0.1935483870967742
0.27586206896551724
0.14814814814814814
0.21428571428571427
0.21428571428571427
0.32142857142857145
0.2916666666666667
0.18181818181818182
0.14814814814814814
0.2413793103448276
0.2
0.39285714285714285
0.3333333333333333
0.25
0.16
0.15384615384615385
0.2
0.18518518518518517
0.25
0.16
0.2
0.3076923076923077
0.2916666666666667
0.24
0.4166666666666667
0.17647058823529413
0.21052631578947367
0.16666666666666666
0.3103448275862069
0.25925925925925924
0.2857142857142857
0.2916666666666667
0.34782608695652173
0.13043478260869565
0.2222222222222222
0.25
0.2608695652173913
0.16666666666666666
0.23333333333333334
0.2222222222222222
0.23076923076923078
0.23076923076923078
0.20833333333333334
0.24
0.23076923076923078
0.25
0.3076923076923077
0.24
0.13043478260869565
0.21428571428571427
0.2
0.16129032258064516
0.17857142857142858
0.28
0.2608695652173913
0.2916666666666667
0.22727272727272727
0.2692307692307692
0.24
0.2727272727272727
0.21739130434782608
0.32
0.25925925925925924
0.2962962962962963
0.15384615384615385
0.34615384615384615
0.3076923076923077
0.17391304347826086
0.15384615384615385
0.20689655172413793
0.3076923076923077
0.21428571428571427
0.32142857142857145
0.2
0.23076923076923078
0.28
0.30434782608695654
0.24
0.25925925925925924
0.2916666666666667
0.2
0.32142857142857145
0.18518518518518517
0.2962962962962963
0.28
0.2608695652173913
0.19047619047619047
0.32
0.2608695652173913
0.3
0.25
0.125
0.2916666666666667
0.2
0.20833333333333334
0.19047619047619047
0.21428571428571427
0.14814814814814814
0.2857142857142857
0.24
0.14814814814814814
0.2
0.22580645161290322
0.3448275862068966
0.36
0.3
0.22727272727272727
0.23076923076923078
0.12
0.2962962962962963
0.42857142857142855
0.2608695652173913
0.13636363636363635
0.34615384615384615
0.2
0.23076923076923078
0.3076923076923077
0.17391304347826086
0.16666666666666666
0.25925925925925924
0.2692307692307692
0.16
0.36
0.2608695652173913
0.2608695652173913
0.21739130434782608
0.30434782608695654
0.25
0.2
0.2857142857142857
0.3076923076923077
0.19230769230769232
0.20689655172413793
0.25925925925925924
0.34782608695652173
0.2608695652173913
0.34615384615384615
0.375
0.21739130434782608
0.16
0.2
0.17857142857142858
0.14285714285714285
0.21428571428571427
0.14285714285714285
0.28125
0.28
0.13043478260869565
0.2692307692307692
0.2222222222222222
0.38461538461538464
0.2727272727272727
0.2916666666666667
0.125
0.16
0.35714285714285715
0.25
0.30434782608695654
0.32
0.125
0.2
0.25
0.11538461538461539
0.2413793103448276
0.25
0.19230769230769232
0.25925925925925924
0.21428571428571427
0.3076923076923077
0.2962962962962963
0.3181818181818182
0.36363636363636365
0.25
0.23076923076923078
0.37037037037037035
0.08695652173913043
0.3076923076923077
0.34782608695652173
0.25
0.2222222222222222
0.32
0.2857142857142857
0.36
0.2727272727272727
0.36363636363636365
0.36363636363636365
0.25
0.23076923076923078
0.21739130434782608
0.19230769230769232
0.20689655172413793
0.1875
0.26666666666666666
0.3448275862068966
0.3333333333333333
0.19047619047619047
0.18181818181818182
0.2222222222222222
0.18518518518518517
0.16
0.23076923076923078
0.21739130434782608
0.18518518518518517
0.18518518518518517
0.2413793103448276
0.32
0.391304347826087
0.14285714285714285
0.20833333333333334
0.3076923076923077
0.34782608695652173
0.3181818181818182
0.2857142857142857
0.36363636363636365
0.45
0.15
0.18518518518518517
0.2857142857142857
0.32142857142857145
0.08333333333333333
0.35714285714285715
0.18181818181818182
0.13043478260869565
0.16129032258064516
0.20689655172413793
0.2962962962962963
0.2
0.2222222222222222
0.2222222222222222
0.3076923076923077
0.25925925925925924
0.25925925925925924
0.2608695652173913
0.16
0.25925925925925924
0.3076923076923077
0.24
0.2608695652173913
0.08695652173913043
0.24
0.2
0.21428571428571427
0.3333333333333333
0.15
0.17857142857142858
0.21428571428571427
0.25925925925925924
0.25925925925925924
0.12
0.2857142857142857
0.38461538461538464
0.19047619047619047
0.25
0.2857142857142857
0.28
0.16
0.3
0.19230769230769232
0.14814814814814814
0.36
0.14285714285714285
0.17857142857142858
0.25
0.2962962962962963
0.28
0.3076923076923077
0.20833333333333334
0.2608695652173913
0.32
0.32
0.25
0.20833333333333334
0.28
0.24
0.2413793103448276
0.24
0.20689655172413793
0.23333333333333334
0.2413793103448276
0.24
0.32
0.24
0.20833333333333334
0.3333333333333333
0.3181818181818182
0.23076923076923078
0.25
0.2608695652173913
0.30434782608695654
0.2916666666666667
0.2222222222222222
0.20833333333333334
0.14814814814814814
0.10344827586206896
0.21212121212121213
0.26666666666666666
0.14814814814814814
0.32142857142857145
0.2857142857142857
0.24
0.2692307692307692
0.28
0.16666666666666666
0.12
0.3103448275862069
0.24
0.16666666666666666
0.14814814814814814
0.1
0.1875
0.2413793103448276
0.07692307692307693
0.22580645161290322
0.3
0.18518518518518517
0.2692307692307692
0.2692307692307692
0.22727272727272727
0.18181818181818182
0.2916666666666667
0.2
0.15384615384615385
0.4074074074074074
0.25
0.19047619047619047
0.19230769230769232
0.3448275862068966
0.2962962962962963
0.30434782608695654
0.17391304347826086
0.36
0.23809523809523808
0.24
0.12
0.25
0.3333333333333333
0.14285714285714285
0.10714285714285714
0.22580645161290322
0.21428571428571427
0.19230769230769232
0.2222222222222222
0.36
0.3181818181818182
0.23809523809523808
0.15384615384615385
0.3
0.25
0.24
0.24
0.19230769230769232
0.19230769230769232
0.2916666666666667
0.24
0.16666666666666666
0.125
0.14814814814814814
0.24242424242424243
0.21428571428571427
0.2
0.22580645161290322
0.25
0.37037037037037035
0.23809523809523808
0.15789473684210525
0.24
0.2962962962962963
0.21739130434782608
0.34782608695652173
0.23809523809523808
0.36
0.125
0.2
0.30434782608695654
0.20833333333333334
0.2916666666666667
0.2727272727272727
0.3076923076923077
0.13043478260869565
0.19230769230769232
0.3076923076923077
0.2692307692307692
0.23076923076923078
0.16666666666666666
0.17857142857142858
0.14814814814814814
0.2222222222222222
0.24
0.2857142857142857
0.3333333333333333
0.2
0.2413793103448276
0.25925925925925924
0.125
0.38461538461538464
0.19047619047619047
0.17857142857142858
0.2857142857142857
0.2608695652173913
0.2727272727272727
0.16666666666666666
0.4074074074074074
0.43478260869565216
0.14285714285714285
0.2727272727272727
0.2916666666666667
0.18518518518518517
0.2413793103448276
0.21739130434782608
0.19230769230769232
0.23333333333333334
0.2692307692307692
0.2
0.25
0.25925925925925924
0.2692307692307692
0.16
0.20689655172413793
0.25925925925925924
0.2916666666666667
0.34782608695652173
0.21739130434782608
0.34782608695652173
0.25
0.24
0.13636363636363635
0.20833333333333334
0.21428571428571427
0.21428571428571427
0.23076923076923078
0.20833333333333334
0.20833333333333334
0.32142857142857145
0.3333333333333333
0.28
0.2608695652173913
0.16
0.16666666666666666
0.2
0.21428571428571427
0.10344827586206896
0.2962962962962963
0.09090909090909091
0.23076923076923078
0.1724137931034483
0.25
0.17391304347826086
0.39285714285714285
0.11538461538461539
0.28
0.19047619047619047
0.28
0.32
0.21739130434782608
0.12
0.25925925925925924
0.3793103448275862
0.13636363636363635
0.2222222222222222
0.2857142857142857
0.25
0.19230769230769232
0.34615384615384615
0.2608695652173913
0.32
0.13636363636363635
0.3103448275862069
0.32
0.37037037037037035
0.3333333333333333
0.14285714285714285
0.2962962962962963
0.23076923076923078
0.18518518518518517
0.25
0.2692307692307692
0.2962962962962963
0.34782608695652173
0.2857142857142857
0.23076923076923078
0.32142857142857145
0.30434782608695654
0.17391304347826086
0.21428571428571427
0.23076923076923078
0.21428571428571427
0.44
0.2727272727272727
0.19047619047619047
0.2916666666666667
0.25
0.2692307692307692
0.3333333333333333
0.13636363636363635
0.19230769230769232
0.16666666666666666
0.16
0.2962962962962963
0.24
0.2692307692307692
0.24
0.1111111111111111
0.22580645161290322
0.28125
0.32142857142857145
0.3181818181818182
0.08695652173913043
0.23076923076923078
0.2222222222222222
0.25925925925925924
0.3333333333333333
0.2608695652173913
0.20833333333333334
0.3076923076923077
0.2
0.32
0.28
0.18181818181818182
0.20833333333333334
0.23076923076923078
0.25
0.2
0.24
0.25
0.16
0.25925925925925924
0.3076923076923077
0.16666666666666666
0.25
0.2
0.25925925925925924
0.15384615384615385
0.21428571428571427
0.2413793103448276
0.2692307692307692
0.2
0.38461538461538464
0.25
0.2
0.30434782608695654
0.16666666666666666
0.25
0.25925925925925924
0.2413793103448276
0.26666666666666666
0.37037037037037035
0.2727272727272727
0.3
0.23809523809523808
0.3333333333333333
0.14285714285714285
0.25
0.20689655172413793
0.21212121212121213
0.26666666666666666
0.20689655172413793
0.23076923076923078
0.16666666666666666
0.13043478260869565
0.2
0.2
0.14814814814814814
0.21428571428571427
0.14285714285714285
0.2857142857142857
0.23076923076923078
0.2962962962962963
0.16666666666666666
0.20833333333333334
0.28
0.25925925925925924
0.14814814814814814
0.2857142857142857
0.3333333333333333
0.19047619047619047
0.20833333333333334
0.25
0.25925925925925924
0.3333333333333333
0.2222222222222222
0.2962962962962963
0.09090909090909091
0.21739130434782608
0.20833333333333334
0.23076923076923078
0.2
0.18518518518518517
0.3333333333333333
0.14814814814814814
0.2222222222222222
0.2222222222222222
0.2903225806451613
0.4074074074074074
0.13636363636363635
0.25925925925925924
0.2608695652173913
0.17391304347826086
0.13636363636363635
0.16
0.17857142857142858
0.39285714285714285
0.23076923076923078
0.24
0.23076923076923078
0.3076923076923077
0.25
0.34782608695652173
0.25
0.35
0.2
0.25925925925925924
0.2692307692307692
0.32
0.30434782608695654
0.20833333333333334
0.24
0.16
0.32142857142857145
0.08333333333333333
0.35714285714285715
