Overall Mean: 40.44056666666667
34.3
37.25
47.9
45.9
45.5
42.25
41.1
48.55
38.0
44.55
48.65
39.05
39.8
48.3
46.25
40.7
38.5
36.5
38.15
29.35
43.85
41.6
42.45
39.65
37.6
39.2
36.05
43.15
47.25
37.45
47.35
42.35
47.75
38.95
35.1
37.4
41.95
38.3
39.45
37.6
40.65
38.4
42.35
46.0
43.35
38.4
39.25
40.15
40.9
36.6
34.9
40.8
31.2
39.65
40.05
46.7
39.35
34.85
41.05
39.45
35.3
43.8
38.75
45.75
34.85
45.25
43.25
31.55
35.9
33.85
49.4
47.0
44.95
37.35
40.2
43.65
42.7
37.35
42.5
36.85
42.75
40.65
36.9
39.3
35.5
30.2
31.5
40.0
42.95
30.6
32.8
43.1
35.0
48.35
33.45
38.55
43.1
46.45
35.05
35.2
39.2
33.1
38.0
38.3
48.55
41.95
40.75
46.3
35.25
36.5
35.05
38.35
38.2
38.7
43.95
46.3
31.45
46.65
39.35
36.85
33.0
41.15
38.2
44.75
37.9
38.35
45.7
33.05
41.1
40.35
45.7
33.85
35.85
30.25
41.5
43.7
43.9
34.9
42.85
30.9
34.95
40.95
37.0
42.75
42.9
48.6
39.4
43.3
37.75
44.25
44.7
45.25
39.95
44.4
39.7
41.95
46.7
40.6
37.5
39.2
46.3
36.7
39.05
40.35
46.05
43.1
40.3
30.7
34.8
35.55
50.6
41.35
42.15
33.05
38.7
37.05
42.15
38.05
47.55
46.2
38.5
43.05
32.75
47.75
44.7
43.75
31.85
42.9
49.45
38.2
44.1
33.1
45.9
42.0
46.6
44.25
45.55
39.1
38.2
41.95
41.3
44.7
48.15
51.15
44.8
36.25
43.15
40.8
36.45
35.25
39.9
43.35
50.0
39.65
38.65
41.95
43.35
38.45
54.35
43.25
45.9
41.7
43.05
41.0
42.9
35.2
38.1
42.7
40.4
37.95
42.85
44.4
40.4
39.25
45.9
48.8
40.05
45.15
38.75
42.95
45.25
34.25
42.05
34.05
44.95
37.75
42.2
40.3
36.7
35.65
43.1
31.7
32.25
39.7
44.45
44.05
40.35
44.8
46.2
34.45
43.5
47.45
39.9
44.7
42.4
31.6
36.3
45.85
40.15
38.65
34.0
38.15
36.2
43.55
34.95
37.5
43.1
36.3
41.3
38.75
39.75
45.35
42.05
33.6
39.3
46.65
45.35
44.55
35.3
41.4
39.05
41.25
29.5
41.85
42.35
36.6
35.05
41.95
39.55
38.6
32.7
47.95
44.05
41.9
38.6
35.1
39.05
39.95
44.25
44.15
35.1
38.7
29.75
43.1
34.85
41.4
34.5
42.35
37.95
36.45
41.8
37.2
46.1
48.1
36.4
39.85
43.35
42.2
42.75
42.95
43.0
35.35
46.6
37.5
36.5
42.4
46.9
40.55
40.2
42.3
46.35
37.0
35.7
39.9
41.2
43.35
48.65
40.1
39.3
40.6
35.85
41.2
40.55
38.7
44.6
38.1
39.05
33.05
46.3
40.25
41.25
41.25
41.4
37.9
34.7
43.95
40.0
38.45
44.85
43.0
46.55
45.0
44.8
45.55
39.7
43.25
47.15
37.35
41.55
38.3
38.2
37.25
39.1
43.8
40.25
37.15
40.95
44.45
42.85
42.9
42.7
39.75
38.3
38.9
36.4
40.45
45.15
43.6
40.2
44.05
34.7
50.15
42.8
50.5
42.6
41.8
37.0
39.75
40.4
45.9
39.1
34.95
40.5
42.8
43.55
45.35
42.55
30.55
43.55
43.3
34.35
35.0
40.35
31.5
40.3
37.95
40.3
31.4
39.95
33.0
32.75
41.7
46.0
38.35
34.6
43.25
44.45
38.4
38.95
37.55
36.7
35.95
38.15
42.5
43.35
46.1
41.6
39.35
47.45
32.85
38.25
39.6
44.95
36.15
37.1
40.55
38.45
36.2
34.35
43.95
43.4
41.25
44.05
41.05
41.7
48.3
38.75
46.3
44.25
37.1
44.25
44.55
43.6
39.7
38.95
44.25
35.15
35.6
35.3
33.85
38.0
43.85
38.1
33.0
45.7
41.0
47.75
41.45
43.65
39.4
46.2
34.6
48.1
42.65
42.95
35.2
42.75
32.95
37.9
42.45
38.0
41.2
38.0
42.05
29.3
47.55
36.2
32.95
41.15
46.7
44.4
42.55
42.9
41.3
32.65
41.4
36.2
35.0
44.5
46.7
41.95
36.85
37.6
30.15
41.15
34.3
35.95
43.6
41.1
50.5
39.3
48.55
35.1
38.3
37.95
37.5
40.7
48.75
34.0
38.45
37.65
38.45
35.95
39.65
40.3
39.6
34.05
45.45
28.95
39.4
35.75
43.3
38.6
41.55
38.7
43.1
44.3
32.25
38.65
45.45
45.65
40.5
44.15
36.15
47.05
35.9
47.55
45.3
34.1
38.2
36.85
39.25
37.2
43.2
41.35
36.75
42.75
39.75
38.9
46.1
41.4
41.7
40.9
45.1
38.7
41.2
48.85
46.05
39.5
36.0
38.9
50.95
37.75
37.0
41.65
39.15
36.05
44.65
43.0
33.85
30.85
34.2
35.2
32.3
40.35
37.4
31.7
39.65
45.75
43.15
39.5
33.85
50.35
42.3
50.25
44.4
50.4
39.2
44.9
42.5
47.35
46.45
45.25
38.0
32.95
42.05
45.4
41.9
47.85
31.35
37.5
40.3
45.2
49.0
42.0
39.2
43.9
42.25
38.8
50.7
34.15
41.05
42.2
43.25
39.65
38.4
43.1
45.2
45.55
37.7
32.0
44.75
41.25
44.95
40.85
49.25
45.65
41.8
40.7
33.15
41.7
45.05
38.8
39.2
36.9
42.2
46.65
43.15
32.8
45.2
42.95
41.75
39.2
44.2
46.0
38.55
31.3
40.55
40.75
46.2
45.8
40.75
36.9
41.85
36.5
37.35
43.0
35.55
43.0
46.3
42.1
37.55
35.1
34.25
49.25
38.65
45.4
45.3
39.6
43.9
38.35
39.15
42.3
38.5
39.65
43.25
37.9
39.8
42.0
44.15
39.0
36.75
36.65
47.15
38.15
34.55
43.95
35.5
42.0
38.95
51.05
38.45
41.95
46.2
39.05
38.1
45.75
43.6
41.2
42.75
35.25
43.2
49.4
37.1
35.5
50.45
43.4
31.1
46.0
39.2
46.75
45.4
38.3
42.9
45.2
39.85
51.6
35.1
37.75
36.15
39.1
45.6
42.2
42.45
34.3
39.4
43.9
34.4
39.8
50.25
43.35
41.55
41.15
44.55
45.55
40.9
49.95
36.6
48.35
39.9
40.9
35.05
42.7
41.4
34.8
43.65
50.5
38.25
40.6
35.75
38.05
47.1
32.5
39.6
42.15
35.5
36.4
38.5
41.55
43.7
37.2
36.2
48.7
37.4
39.0
46.4
47.15
45.2
32.55
39.05
36.95
44.6
46.55
38.8
44.75
35.45
39.9
35.55
40.9
38.35
46.8
35.45
42.45
47.0
42.45
38.15
31.6
39.35
46.45
34.15
34.2
37.2
39.9
44.9
44.75
44.35
39.6
46.25
39.95
43.6
37.4
46.3
38.75
40.8
38.9
41.0
42.5
42.15
37.1
50.3
44.15
42.95
38.3
39.1
44.0
43.75
47.9
45.45
35.1
42.0
35.85
33.2
36.65
42.25
41.9
42.85
43.35
45.95
47.8
42.8
39.0
51.65
34.6
33.4
36.85
48.85
42.85
45.2
39.05
38.3
39.4
39.05
31.1
41.7
44.75
39.2
50.0
42.8
41.45
38.3
35.7
37.2
38.1
38.0
44.45
34.6
44.65
46.4
52.45
45.95
51.4
34.75
35.95
39.15
39.05
43.55
31.2
36.1
43.05
35.25
42.85
41.15
47.55
36.05
39.85
40.25
34.4
33.15
41.3
41.8
44.05
41.4
45.85
37.4
42.05
49.3
33.35
43.9
37.9
43.1
37.25
46.3
40.3
37.5
46.75
39.3
34.05
40.75
33.5
49.45
39.6
37.7
40.65
33.8
42.45
40.65
41.2
39.55
43.7
39.55
36.55
46.6
37.4
37.9
38.55
39.9
35.8
41.95
40.55
41.45
43.0
46.8
50.6
43.65
45.2
36.95
41.0
42.8
39.55
38.5
37.7
36.35
40.15
40.7
42.5
40.1
43.95
37.95
34.6
34.3
31.4
39.75
44.05
32.65
37.75
50.7
43.4
48.95
41.75
42.5
43.4
38.7
41.9
34.6
38.4
38.6
40.75
41.8
41.85
38.15
39.4
34.75
45.15
37.05
35.85
42.9
31.8
37.6
41.45
45.15
42.05
35.2
32.25
47.3
45.05
47.3
44.1
35.4
38.05
32.2
34.2
40.75
39.7
36.9
35.9
40.05
39.95
34.55
37.45
40.65
42.45
41.3
35.5
35.95
30.3
37.05
41.5
37.2
43.85
36.1
33.15
39.0
30.7
36.2
35.05
36.5
43.7
39.15
42.8
35.05
39.25
40.6
35.8
50.0
34.2
46.1
40.45
45.9
46.85
42.4
37.9
38.6
39.6
43.75
49.2
45.15
33.75
42.1
41.85
41.35
37.55
35.1
49.4
40.05
40.45
38.2
49.55
39.25
44.55
36.75
34.85
41.95
37.45
35.75
37.1
43.1
40.75
34.4
35.4
33.25
45.95
40.1
46.9
40.3
41.7
44.7
39.85
42.5
49.15
45.45
34.05
39.25
42.1
36.3
25.95
41.7
43.1
46.6
41.35
42.9
35.95
41.75
46.85
40.55
40.15
28.9
39.8
38.75
40.3
45.6
42.35
41.4
33.8
38.45
40.5
44.25
40.55
32.05
42.25
43.8
38.15
29.95
37.25
41.5
40.7
36.4
35.75
38.5
43.7
43.55
34.3
36.55
32.35
40.5
40.7
33.0
36.15
40.7
35.7
40.9
37.45
42.55
38.4
42.1
33.85
45.3
49.1
43.15
42.9
47.9
47.1
38.65
40.25
32.4
38.55
45.25
44.95
36.35
45.8
45.5
40.0
36.3
44.4
43.5
41.4
43.55
44.4
38.65
37.7
36.35
38.95
33.3
30.65
39.25
36.15
48.4
52.7
36.05
37.25
36.9
48.6
34.6
32.35
41.7
38.2
41.2
39.7
40.4
35.3
38.85
43.8
40.85
37.85
31.2
34.1
31.8
43.9
38.15
37.15
45.7
46.8
29.95
37.05
46.55
31.5
36.0
40.15
39.25
50.55
43.55
34.6
47.6
47.55
45.75
42.5
44.95
48.2
39.1
39.8
43.85
42.05
38.8
42.1
48.95
45.65
40.5
41.3
42.3
44.85
46.95
38.6
49.05
40.2
36.5
45.4
38.2
40.55
34.9
42.45
47.0
41.05
36.55
41.25
40.95
45.4
39.7
39.45
36.1
35.9
41.5
38.15
39.55
40.85
40.45
38.8
44.0
40.8
34.35
38.65
41.15
44.4
37.65
42.25
31.75
38.5
39.6
35.5
43.2
35.05
43.55
36.75
46.4
40.0
34.15
39.5
30.45
36.25
43.25
39.8
41.15
50.65
38.2
39.35
36.25
33.4
32.2
44.9
43.65
41.45
38.05
32.05
39.65
40.4
32.1
42.3
39.6
43.15
37.95
38.6
37.85
39.9
41.9
42.65
38.45
46.55
43.4
35.5
36.1
37.5
32.95
44.6
41.95
48.2
45.1
39.05
47.6
43.35
36.7
40.8
39.4
40.1
42.75
38.15
40.1
39.25
44.95
42.15
47.7
32.2
42.45
42.0
38.5
37.0
41.65
48.5
43.7
41.5
41.9
32.55
38.35
35.25
45.1
41.3
39.8
44.6
38.7
45.45
37.8
42.05
33.6
37.4
41.25
35.8
36.75
33.15
40.55
38.7
40.9
39.0
38.65
39.85
47.9
45.4
46.35
36.6
44.05
40.85
44.6
35.0
40.05
39.6
44.9
46.05
48.4
46.45
36.05
37.3
40.3
33.85
45.9
52.15
33.6
47.45
36.75
43.9
38.3
39.9
41.1
43.45
33.7
46.75
44.75
43.85
47.45
45.75
41.9
47.15
38.3
40.25
35.9
42.35
33.95
38.0
44.0
44.2
42.1
40.1
43.45
39.8
38.05
39.85
41.95
42.3
41.25
43.9
35.9
48.65
40.05
41.05
37.85
45.0
39.1
45.7
40.7
44.0
33.1
41.2
39.9
46.65
41.65
35.25
24.8
36.7
40.2
39.4
42.2
38.45
35.4
42.7
44.8
33.05
39.9
34.0
45.4
53.7
37.0
42.65
47.3
38.3
41.65
42.7
35.9
42.3
37.55
33.35
42.15
41.95
37.15
42.0
42.65
43.05
42.95
39.35
40.6
44.65
40.7
36.95
38.95
48.1
40.2
40.55
44.15
43.65
39.8
41.75
45.3
41.45
43.8
39.9
42.4
45.75
45.45
41.65
46.0
41.25
38.05
36.4
44.9
39.2
44.95
40.15
43.0
43.15
34.1
42.0
43.2
43.7
40.7
42.95
37.35
31.9
47.8
44.5
35.8
45.7
43.1
38.4
37.45
35.25
42.65
49.4
41.7
39.25
31.45
43.7
47.0
43.6
39.3
47.7
42.8
31.2
42.1
50.3
37.55
42.6
44.9
41.65
39.7
34.35
48.55
41.45
42.05
47.3
37.1
38.7
31.9
34.6
37.25
45.2
38.9
36.4
38.0
34.15
43.6
38.9
47.35
40.4
40.95
42.9
34.95
38.15
38.8
34.9
39.3
34.1
44.1
37.4
43.25
36.05
37.85
43.8
26.5
37.3
33.55
40.85
48.1
34.45
41.65
34.0
37.35
37.15
40.65
40.25
33.95
38.3
33.25
41.5
41.55
38.7
44.85
36.2
47.6
39.15
42.65
40.8
36.95
35.8
47.4
34.5
47.5
41.85
32.05
48.15
42.0
30.65
35.2
37.65
38.3
36.85
39.55
39.35
44.35
44.7
41.2
32.1
41.1
41.35
39.55
43.5
39.5
44.25
40.25
31.55
46.35
43.9
42.9
42.15
43.2
35.85
39.65
41.2
39.65
45.35
41.45
38.85
33.9
42.05
33.65
43.95
44.65
36.1
43.9
34.55
39.15
40.0
40.25
40.6
45.65
39.65
48.15
42.5
41.35
37.05
33.35
31.65
39.1
38.85
34.7
45.4
43.95
36.0
50.55
45.0
41.15
38.05
40.75
35.0
36.9
31.95
46.1
45.7
44.8
36.4
41.25
35.65
38.25
50.25
37.35
40.6
41.3
38.85
36.85
35.3
37.65
31.95
43.05
39.05
46.75
44.05
38.9
40.3
36.45
36.4
35.55
51.4
41.75
45.2
38.6
36.55
32.45
40.25
28.5
36.15
28.95
57.75
39.75
39.75
39.5
33.8
39.85
43.9
47.7
39.15
39.35
44.8
46.15
48.0
36.0
40.85
44.15
44.9
37.5
36.4
39.65
39.9
43.8
40.45
36.95
43.7
48.8
41.1
40.4
37.25
39.05
36.6
42.55
40.2
32.7
40.8
38.95
43.85
38.0
43.8
41.75
44.65
37.95
37.65
39.85
30.6
35.85
32.2
37.4
50.3
37.65
37.45
43.05
33.7
36.7
35.8
29.0
36.95
35.0
43.65
38.45
36.0
43.85
35.1
39.0
39.65
32.6
44.95
35.55
38.25
30.8
41.85
40.25
34.75
40.15
39.0
42.05
31.9
45.4
37.6
39.4
31.1
40.55
41.4
35.15
47.6
45.75
36.05
38.75
42.6
39.3
40.3
35.65
34.7
48.8
46.05
40.9
42.1
37.15
45.7
44.9
39.15
38.8
43.7
32.3
35.55
40.2
36.5
41.6
44.25
39.15
39.25
42.0
41.3
44.05
38.8
38.35
41.65
45.15
40.75
40.05
41.65
39.4
46.75
44.35
38.75
50.35
35.15
36.1
45.25
37.75
38.15
38.75
42.1
39.1
41.0
34.7
46.55
42.8
43.15
42.95
49.65
40.0
44.3
45.8
40.7
41.15
46.25
37.6
42.4
42.3
36.4
39.8
42.3
32.95
47.6
39.95
44.15
46.15
41.55
40.95
45.55
37.75
39.8
30.6
40.15
42.65
46.95
38.9
37.1
38.95
41.95
42.3
39.05
43.4
46.75
44.65
38.25
35.15
35.0
33.6
42.9
42.75
36.35
40.9
45.6
44.7
38.9
44.05
40.7
44.15
45.9
45.75
39.4
40.25
35.5
41.9
31.25
42.25
46.4
41.9
42.5
40.45
43.3
34.85
45.85
46.5
44.25
38.9
45.1
39.0
37.75
42.05
35.5
38.4
46.25
43.85
41.45
38.6
46.2
34.95
41.05
33.25
35.45
39.05
46.05
38.05
42.0
45.3
41.4
38.85
47.1
35.65
47.6
42.35
36.35
40.75
41.1
29.35
38.0
45.9
34.6
38.15
40.1
40.55
40.9
41.7
37.95
43.5
42.45
49.05
41.9
40.6
39.35
33.8
41.2
40.9
34.8
45.15
44.75
38.05
43.8
48.75
50.35
30.4
42.7
36.35
53.1
41.4
33.2
44.35
53.05
37.95
37.4
41.45
47.35
42.4
40.45
39.25
36.6
37.55
44.45
41.65
43.1
36.1
32.05
43.25
35.1
40.45
45.4
44.85
45.1
41.85
41.4
40.8
42.25
49.7
42.1
40.3
40.95
40.8
41.5
32.95
37.35
44.95
36.55
39.35
40.5
33.1
36.2
37.5
40.7
38.3
41.0
43.45
37.55
43.1
45.0
41.55
38.3
38.75
40.7
40.5
36.9
42.0
31.65
47.7
34.9
38.45
39.8
44.8
42.75
33.7
41.25
41.6
37.6
32.55
41.8
42.65
48.5
33.05
40.55
44.75
43.25
41.25
45.15
54.65
44.5
41.25
39.3
39.05
39.65
37.9
39.8
39.8
44.1
41.8
40.0
40.95
45.85
35.3
44.85
39.85
41.8
42.05
54.65
45.45
39.2
46.15
50.45
35.75
45.0
40.7
33.0
33.35
38.85
33.65
35.75
40.25
39.65
37.95
38.5
40.35
48.55
46.6
37.75
43.8
37.15
37.45
41.25
39.8
50.1
47.1
33.2
40.7
38.7
46.2
44.45
40.3
47.65
41.3
42.3
40.55
35.9
35.4
46.6
44.45
38.75
32.55
37.3
39.5
37.7
39.9
41.35
31.7
39.6
39.4
46.55
50.7
36.2
34.5
41.35
39.55
41.95
39.75
41.9
41.4
32.85
41.7
42.65
42.5
40.7
40.2
38.45
46.15
48.9
35.45
41.2
50.3
40.3
44.15
33.4
36.7
46.35
42.95
40.55
37.55
43.7
35.35
35.2
41.9
43.95
38.95
37.3
43.3
42.35
44.35
35.2
43.05
42.85
47.6
41.05
35.65
39.3
41.15
38.7
43.7
37.3
40.45
34.85
48.05
37.4
47.45
48.0
43.15
30.45
43.2
36.05
38.65
34.8
32.95
44.65
37.5
48.45
42.85
39.35
40.2
43.35
38.2
46.8
37.15
40.45
35.9
36.7
37.9
37.8
44.45
39.4
35.85
43.2
45.25
34.55
41.25
40.15
43.5
37.5
40.5
38.75
43.65
47.0
35.1
41.5
45.05
45.4
40.0
33.75
40.05
36.15
48.05
37.5
39.5
39.65
43.6
42.55
49.35
33.25
45.45
38.9
43.3
40.4
47.2
52.3
40.3
38.55
43.6
46.4
39.15
36.4
36.7
40.7
32.8
37.35
43.75
36.75
45.1
37.75
46.65
49.6
38.55
32.3
38.9
38.55
45.05
40.4
36.75
40.9
47.5
40.95
47.95
44.75
37.55
42.05
33.65
35.25
42.95
34.4
31.9
41.1
39.0
37.55
35.9
39.15
41.5
42.2
45.35
23.05
35.25
34.45
40.9
38.5
33.9
38.05
46.85
36.4
35.65
41.2
44.1
39.1
47.95
48.5
42.4
35.1
38.1
37.6
38.7
37.95
41.75
37.15
34.05
36.85
32.85
36.5
38.4
38.0
38.0
37.5
37.25
43.85
43.8
43.0
40.2
33.1
38.9
34.45
34.5
38.95
43.5
40.4
40.5
43.75
39.95
36.3
42.45
36.65
40.25
39.55
45.0
46.55
41.85
33.3
39.95
46.45
35.1
42.4
48.75
45.6
36.55
37.35
43.85
39.6
34.45
43.65
37.7
41.5
43.5
33.7
37.7
39.0
44.85
36.55
43.3
40.2
38.05
39.6
33.75
41.7
39.35
41.0
37.65
40.2
43.25
41.15
33.85
35.85
37.4
37.4
41.55
36.85
37.25
39.9
43.45
46.4
42.85
43.85
43.35
30.85
35.35
40.2
30.05
41.4
39.3
45.9
45.05
40.3
46.6
29.5
31.7
45.15
41.4
44.3
37.6
42.85
43.95
32.75
36.1
38.9
39.1
43.1
53.35
34.25
38.85
43.25
33.75
35.2
32.0
40.3
36.35
36.9
39.4
44.55
41.35
39.3
38.1
38.35
41.7
48.05
42.25
37.4
35.1
38.85
40.55
34.7
34.4
44.6
36.55
43.5
37.05
38.6
33.75
40.75
42.6
43.95
42.65
38.9
34.45
38.4
42.05
38.9
37.15
54.25
46.15
41.8
33.05
40.0
37.2
47.0
39.3
42.9
30.45
29.45
44.95
35.0
51.65
34.55
39.45
46.2
42.05
44.05
48.65
39.1
35.35
44.6
39.35
42.8
32.45
33.65
42.65
41.95
34.3
46.5
40.4
33.45
36.25
39.8
42.7
40.05
41.75
48.0
31.45
47.9
38.65
46.7
42.4
43.85
40.25
44.35
48.65
43.15
47.2
43.65
33.3
40.85
40.15
40.55
37.85
39.65
47.85
31.1
33.3
40.4
38.1
40.6
33.0
42.25
40.05
38.0
41.5
43.9
47.6
44.2
39.0
39.35
52.05
39.8
39.6
36.3
35.85
33.35
37.8
38.45
37.3
31.0
35.65
45.7
40.5
41.05
45.7
36.05
39.0
38.0
36.0
38.55
43.35
39.6
34.6
48.95
41.1
35.7
38.85
40.0
50.25
51.0
40.55
32.05
41.05
35.1
35.4
41.0
36.85
45.05
45.2
38.45
42.15
44.15
39.1
42.15
34.9
42.35
34.85
38.65
31.5
48.7
43.2
45.45
41.2
40.65
38.65
34.0
44.7
35.45
46.2
41.1
37.4
37.1
44.0
46.4
39.05
32.75
42.9
40.65
38.2
44.0
29.3
43.6
39.0
36.45
44.85
42.95
37.35
36.55
36.15
35.3
42.1
45.6
36.25
36.1
45.0
38.35
46.4
38.65
41.05
35.55
45.9
34.65
41.7
41.15
35.5
51.8
35.75
38.55
37.75
42.25
40.55
47.45
36.85
36.25
46.75
46.35
44.7
31.5
45.55
42.25
44.05
41.15
36.6
37.4
46.95
36.25
41.7
32.65
46.5
41.6
36.6
43.45
34.35
43.15
45.65
41.1
53.85
33.8
38.25
40.15
45.0
40.55
46.3
31.35
38.4
36.8
42.5
34.6
37.9
38.45
41.65
35.45
37.4
33.15
40.75
38.2
48.35
44.15
39.35
47.85
33.35
43.8
45.65
36.45
35.8
40.5
47.7
42.1
46.5
42.3
43.3
43.65
36.15
40.45
48.05
43.2
43.85
42.15
44.8
42.85
38.35
33.55
40.15
41.3
40.55
33.0
45.25
47.7
50.75
39.15
42.15
41.3
49.4
39.95
36.8
41.1
36.65
42.4
40.25
39.85
53.25
36.05
48.6
42.1
36.3
46.8
43.95
41.7
35.4
49.95
35.05
33.45
43.5
42.4
41.65
38.3
36.0
38.25
43.7
45.05
45.75
47.5
49.3
49.5
42.9
31.55
44.7
44.4
30.65
38.0
31.55
38.4
35.05
40.0
38.45
28.75
40.35
38.15
48.75
41.75
39.45
40.0
32.75
32.85
38.25
40.5
43.9
40.25
42.95
38.35
36.0
30.85
42.45
41.3
38.75
35.25
37.95
36.25
46.75
45.6
49.1
43.85
45.25
40.8
44.5
31.5
42.35
40.7
40.2
39.0
38.95
27.0
44.3
39.8
42.8
38.75
41.4
44.95
39.8
36.35
42.6
35.25
27.15
44.65
38.5
41.2
31.75
48.55
41.65
44.25
38.8
34.15
43.9
46.75
38.05
33.7
35.7
37.95
46.6
49.75
47.55
33.95
34.95
36.95
45.05
41.55
44.9
33.1
42.9
36.95
43.3
39.95
31.0
44.45
47.2
43.65
43.35
36.35
34.0
40.4
37.8
39.3
38.2
45.0
38.55
36.75
50.4
45.65
38.8
34.9
37.4
41.65
40.6
41.65
39.25
44.85
43.9
42.3
46.3
45.9
41.6
33.6
35.05
45.2
43.7
42.9
41.35
40.55
39.5
43.65
46.9
41.3
44.05
36.25
37.85
41.95
35.85
42.5
42.9
47.55
33.25
40.95
39.9
38.05
43.2
38.4
39.45
36.4
43.55
36.1
44.55
43.1
37.2
40.55
40.45
38.0
36.05
41.6
35.95
35.45
36.25
39.8
32.15
46.95
35.9
42.65
38.05
45.0
36.0
48.75
41.35
34.8
35.05
51.65
49.0
33.0
43.85
33.85
32.45
41.5
39.8
34.8
31.5
36.8
48.15
36.45
41.0
40.9
41.35
32.6
36.65
50.25
39.4
44.7
44.75
45.05
39.45
46.8
38.0
36.95
43.25
36.2
41.4
38.6
40.65
48.9
38.75
33.95
45.5
51.0
45.15
39.3
40.55
39.0
35.85
39.55
43.75
32.95
36.2
40.75
39.25
38.2
39.85
39.05
41.85
36.25
43.05
35.2
36.4
47.35
38.65
48.4
39.6
44.95
36.45
40.5
35.7
48.15
47.0
46.5
33.95
38.8
33.35
42.75
39.85
46.65
37.35
45.55
36.6
40.0
39.75
39.0
40.6
47.25
45.0
41.3
36.15
40.3
44.55
43.25
43.45
41.65
45.1
43.2
49.65
39.8
41.4
54.25
44.1
39.3
37.5
37.45
37.2
42.15
41.6
39.35
36.4
38.75
42.65
37.75
42.25
40.2
36.95
41.4
44.05
