Overall Mean: 13.434782608695652
14
15
13
12
12
12
12
12
8
15
14
14
12
14
11
12
11
11
12
11
11
13
15
12
12
11
18
12
13
10
15
12
15
11
14
9
15
13
12
13
17
11
17
12
11
32
19
13
19
15
16
14
12
13
10
12
16
12
13
17
11
12
15
14
15
16
16
12
16
11
13
14
12
14
13
24
12
14
15
13
12
11
12
11
12
11
18
20
16
17
9
12
17
16
10
14
14
13
8
15
14
12
17
12
11
11
15
17
14
14
11
11
10
15
10
12
9
13
16
8
10
19
9
13
11
17
9
14
16
12
9
19
19
15
14
10
10
14
19
15
12
15
17
13
15
10
13
13
12
13
12
16
9
19
16
12
21
11
18
12
13
10
12
13
13
13
13
13
10
22
14
10
14
9
17
14
11
14
14
15
10
16
13
16
11
19
16
9
10
10
11
14
18
12
11
13
14
16
15
14
15
13
13
11
11
14
13
