Overall Mean: 0.2532048579102761
0.20689655172413793
0.24242424242424243
0.34375
0.27586206896551724
0.1935483870967742
0.25
0.25
0.2727272727272727
0.3142857142857143
0.23333333333333334
0.2571428571428571
0.21875
0.2
0.2857142857142857
0.25
0.09090909090909091
0.2571428571428571
0.2222222222222222
0.23529411764705882
0.16129032258064516
0.38235294117647056
0.28125
0.2903225806451613
0.25806451612903225
0.22580645161290322
0.34285714285714286
0.30303030303030304
0.13333333333333333
0.2222222222222222
0.2222222222222222
0.22857142857142856
0.3055555555555556
0.24242424242424243
0.2727272727272727
0.3
0.2
0.23529411764705882
0.2222222222222222
0.32432432432432434
0.3055555555555556
0.20588235294117646
0.24324324324324326
0.19444444444444445
0.25
0.2571428571428571
0.2903225806451613
0.16129032258064516
0.2571428571428571
0.29411764705882354
0.22580645161290322
0.28125
0.29411764705882354
0.22580645161290322
0.15625
0.2857142857142857
0.21212121212121213
0.25
0.1388888888888889
0.23684210526315788
0.2647058823529412
0.29411764705882354
0.28125
0.18181818181818182
0.2777777777777778
0.17647058823529413
0.22857142857142856
0.14705882352941177
0.10810810810810811
0.21951219512195122
0.1891891891891892
0.2571428571428571
0.25
0.14705882352941177
0.2894736842105263
0.21212121212121213
0.2
0.2972972972972973
0.2647058823529412
0.2857142857142857
0.2571428571428571
0.2571428571428571
0.3870967741935484
0.3548387096774194
0.26666666666666666
0.2857142857142857
0.23333333333333334
0.25806451612903225
0.23529411764705882
0.21212121212121213
0.25
0.3125
0.1935483870967742
0.2222222222222222
0.2222222222222222
0.37142857142857144
0.22580645161290322
0.2727272727272727
0.30303030303030304
0.25
0.30303030303030304
0.21212121212121213
0.14705882352941177
0.2777777777777778
0.29411764705882354
0.21875
0.28125
0.24242424242424243
0.25806451612903225
0.21875
0.3142857142857143
0.21875
0.21875
0.30303030303030304
0.3939393939393939
0.2413793103448276
0.29411764705882354
0.24242424242424243
0.17647058823529413
0.25
0.2647058823529412
0.35294117647058826
0.24242424242424243
0.3333333333333333
0.3
0.1875
0.25
0.30303030303030304
0.09375
0.3076923076923077
0.30303030303030304
0.25806451612903225
0.3333333333333333
0.26666666666666666
0.23333333333333334
0.2857142857142857
0.18181818181818182
0.3055555555555556
0.20588235294117646
0.375
0.16666666666666666
0.21621621621621623
0.3055555555555556
0.2857142857142857
0.18181818181818182
0.3611111111111111
0.1875
0.29411764705882354
0.2
0.19444444444444445
0.21052631578947367
0.21052631578947367
0.2857142857142857
0.3939393939393939
0.22580645161290322
0.2222222222222222
0.21052631578947367
0.2972972972972973
0.15151515151515152
0.3142857142857143
0.29411764705882354
0.22580645161290322
0.25
0.21212121212121213
0.29411764705882354
0.1875
0.22857142857142856
0.21621621621621623
0.2647058823529412
0.3125
0.25806451612903225
0.21212121212121213
0.20588235294117646
0.18181818181818182
0.17142857142857143
0.23684210526315788
0.20588235294117646
0.29411764705882354
0.2727272727272727
0.28125
0.375
0.1935483870967742
0.28125
0.28125
0.2727272727272727
0.29411764705882354
0.40625
0.3548387096774194
0.25
0.2727272727272727
0.23529411764705882
0.28125
0.3333333333333333
0.3333333333333333
0.22580645161290322
0.3333333333333333
0.2647058823529412
0.15789473684210525
0.2702702702702703
0.2571428571428571
0.2647058823529412
0.30303030303030304
0.3125
0.21212121212121213
0.16216216216216217
0.2777777777777778
0.2571428571428571
0.17142857142857143
0.3142857142857143
0.3235294117647059
0.23529411764705882
0.20588235294117646
0.3157894736842105
0.2857142857142857
0.28125
0.28125
0.18181818181818182
0.2894736842105263
0.22857142857142856
0.28125
0.17647058823529413
0.23684210526315788
0.2857142857142857
0.2222222222222222
0.2647058823529412
0.11764705882352941
0.24324324324324326
0.25
0.25
0.23529411764705882
0.3235294117647059
0.23333333333333334
0.29411764705882354
0.1875
0.3125
0.28125
0.375
0.2727272727272727
0.21875
0.2
0.3157894736842105
0.21875
0.27586206896551724
0.21212121212121213
0.16129032258064516
0.14285714285714285
0.38461538461538464
0.3333333333333333
0.3
0.3
0.24242424242424243
0.1875
0.3333333333333333
0.16666666666666666
0.3157894736842105
0.1875
0.25
0.2702702702702703
0.14705882352941177
0.2564102564102564
0.30303030303030304
0.2903225806451613
0.3125
0.25806451612903225
0.21212121212121213
0.2702702702702703
0.2
0.20588235294117646
0.2702702702702703
0.3333333333333333
0.28125
0.3333333333333333
0.2
0.24242424242424243
0.24324324324324326
0.3055555555555556
0.2903225806451613
0.21875
0.2777777777777778
0.3333333333333333
0.21212121212121213
0.2571428571428571
0.18181818181818182
0.21212121212121213
0.22857142857142856
0.21621621621621623
0.25
0.29411764705882354
0.17647058823529413
0.25
