Overall Mean: 0.057439446366782006
0.1
0.05
0.1
0.1
0.05
0.05
0.15
0.05
0.05
0.0
0.05
0.0
0.1
0.05
0.0
0.0
0.0
0.2
0.1
0.05
0.1
0.05
0.05
0.05
0.1
0.05
0.05
0.0
0.1
0.05
0.05
0.0
0.1
0.2
0.05
0.0
0.15
0.0
0.1
0.05
0.1
0.0
0.15
0.05
0.05
0.05
0.05
0.0
0.05
0.0
0.1
0.0
0.05
0.05
0.0
0.1
0.05
0.05
0.1
0.1
0.0
0.15
0.0
0.15
0.05
0.05
0.1
0.05
0.05
0.05
0.2
0.05
0.15
0.2
0.05
0.0
0.0
0.1
0.0
0.1
0.05
0.1
0.15
0.0
0.0
0.0
0.05
0.0
0.1
0.0
0.1
0.1
0.0
0.1
0.15
0.0
0.0
0.0
0.1
0.1
0.0
0.05
0.05
0.05
0.0
0.05
0.05
0.1
0.0
0.1
0.0
0.0
0.1
0.1
0.0
0.1
0.15
0.05
0.0
0.1
0.05
0.05
0.05
0.05
0.0
0.0
0.0
0.0
0.1
0.1
0.1
0.05
0.1
0.0
0.15
0.05
0.0
0.05
0.2
0.05
0.05
0.05
0.05
0.0
0.05
0.0
0.1
0.05
0.0
0.1
0.05
0.1
0.15
0.0
0.0
0.0
0.1
0.1
0.0
0.15
0.0
0.05
0.1
0.1
0.1
0.05
0.05
0.0
0.1
0.05
0.05
0.0
0.05
0.05
0.15
0.0
0.1
0.1
0.1
0.0
0.0
0.05
0.0
0.0
0.1
0.05
0.1
0.05
0.05
0.05
0.0
0.1
0.05
0.0
0.1
0.05
0.05
0.0
0.05
0.0
0.1
0.05
0.1
0.05
0.15
0.0
0.0
0.0
0.05
0.05
0.05
0.0
0.1
0.05
0.15
0.0
0.1
0.0
0.0
0.05
0.1
0.0
0.05
0.05
0.0
0.15
0.05
0.1
0.0
0.05
0.15
0.1
0.05
0.05
0.15
0.0
0.0
0.05
0.0
0.05
0.05
0.0
0.0
0.1
0.0
0.15
0.1
0.05
0.05
0.05
0.0
0.05
0.05
0.1
0.1
0.0
0.05
0.0
0.05
0.0
0.15
0.0
0.05
0.1
0.05
0.0
0.1
0.15
0.1
0.0
0.0
0.1
0.05
0.05
0.05
0.0
0.0
0.1
0.1
0.1
0.1
0.05
0.05
0.05
0.05
0.05
0.05
0.1
0.1
