Overall Mean: 0.2668837140761763
0.25
0.3
0.30952380952380953
0.27586206896551724
0.19047619047619047
0.35294117647058826
0.45454545454545453
0.3333333333333333
0.5
0.0
0.5
0.25
0.25
0.28888888888888886
0.25
0.125
0.2857142857142857
0.3333333333333333
0.3
0.2857142857142857
0.4
0.3333333333333333
0.5
0.25
0.21666666666666667
0.2978723404255319
0.30303030303030304
0.08695652173913043
0.2857142857142857
0.2
0.16666666666666666
0.1
0.2222222222222222
0.5714285714285714
0.0
0.0
0.6666666666666666
0.25
0.23333333333333334
0.2608695652173913
0.20588235294117646
0.2222222222222222
0.19047619047619047
0.35294117647058826
0.2727272727272727
0.25
0.16666666666666666
0.0
0.2
0.0
0.5
0.0
0.0
0.5
0.25
0.21666666666666667
0.23404255319148937
0.1388888888888889
0.25806451612903225
0.2608695652173913
0.17647058823529413
0.35714285714285715
0.1111111111111111
0.375
0.2
0.25
0.3333333333333333
0.0
0.5
0.25
0.26666666666666666
0.22727272727272727
0.14705882352941177
0.3448275862068966
0.2631578947368421
0.07142857142857142
0.15384615384615385
0.18181818181818182
0.3333333333333333
0.3333333333333333
0.25
0.3333333333333333
1.0
0.25
0.31666666666666665
0.24390243902439024
0.25806451612903225
0.21739130434782608
0.2777777777777778
0.23076923076923078
0.4
0.3333333333333333
0.0
0.5
0.5
0.25
0.23333333333333334
0.30434782608695654
0.25
0.4166666666666667
0.14285714285714285
0.16666666666666666
0.4
0.6666666666666666
0.0
0.5
0.25
0.23333333333333334
0.2391304347826087
0.3142857142857143
0.20833333333333334
0.15789473684210525
0.3125
0.2727272727272727
0.0
0.25
0.5
0.3333333333333333
0.0
1.0
0.25
0.25
0.3333333333333333
0.3
0.09523809523809523
0.21052631578947367
0.26666666666666666
0.09090909090909091
0.3
0.5714285714285714
0.6666666666666666
0.25
0.23333333333333334
0.2391304347826087
0.2857142857142857
0.2
0.2
0.1875
0.5384615384615384
0.16666666666666666
0.2
0.25
0.3333333333333333
0.0
0.0
0.0
0.5
0.25
0.18333333333333332
0.22448979591836735
0.21052631578947367
0.26666666666666666
0.4090909090909091
0.07692307692307693
0.16666666666666666
0.4
0.3333333333333333
0.5
0.0
0.5
0.25
0.26666666666666666
0.22727272727272727
0.29411764705882354
0.125
0.38095238095238093
0.23076923076923078
0.1
0.4444444444444444
0.4
0.3333333333333333
0.0
0.5
0.25
0.26666666666666666
0.22727272727272727
0.29411764705882354
0.25
0.3888888888888889
0.2727272727272727
0.0
0.125
0.14285714285714285
0.0
0.3333333333333333
0.25
0.3333333333333333
0.5
0.25
0.25
0.26666666666666666
0.3333333333333333
0.36363636363636365
0.21428571428571427
0.45454545454545453
0.5
0.3333333333333333
0.0
0.5
0.25
0.23333333333333334
0.2826086956521739
0.21212121212121213
0.19230769230769232
0.2857142857142857
0.26666666666666666
0.18181818181818182
0.1111111111111111
0.375
0.2
0.25
0.0
0.6666666666666666
0.25
0.25
0.15555555555555556
0.2894736842105263
0.25925925925925924
0.35
0.15384615384615385
0.36363636363636365
0.2857142857142857
0.2
0.25
0.0
1.0
0.25
0.25
0.24444444444444444
0.3235294117647059
0.30434782608695654
0.25
0.16666666666666666
0.3
0.5714285714285714
0.0
0.0
0.3333333333333333
0.0
0.0
0.0
0.0
0.0
0.5
0.25
0.3
0.2857142857142857
0.3
0.2857142857142857
0.26666666666666666
0.0
0.36363636363636365
0.14285714285714285
0.5
0.6666666666666666
0.25
0.26666666666666666
0.11363636363636363
0.2564102564102564
0.3448275862068966
0.3684210526315789
0.25
0.2222222222222222
0.2857142857142857
0.4
0.0
0.3333333333333333
0.5
0.25
0.25
0.3333333333333333
0.2
0.25
0.2222222222222222
0.21428571428571427
0.09090909090909091
0.1
0.3333333333333333
0.3333333333333333
0.5
0.5
0.25
0.21666666666666667
0.2127659574468085
0.21621621621621623
0.2413793103448276
0.2727272727272727
0.25
0.25
