Overall Mean: 0.2513137518992019
0.26666666666666666
0.15384615384615385
0.25
0.3333333333333333
0.08333333333333333
0.23076923076923078
0.45454545454545453
0.4
0.5
0.0
0.3333333333333333
0.13333333333333333
0.3076923076923077
0.3125
0.15384615384615385
0.06666666666666667
0.1875
0.3333333333333333
0.26666666666666666
0.26666666666666666
0.29411764705882354
0.26666666666666666
0.2857142857142857
0.25
0.36363636363636365
0.36363636363636365
0.35714285714285715
0.0
0.35294117647058826
0.2
0.1875
0.10526315789473684
0.2222222222222222
0.3333333333333333
0.35714285714285715
0.16666666666666666
0.25
0.25
0.4
0.26666666666666666
0.21428571428571427
0.13333333333333333
0.2
0.35294117647058826
0.26666666666666666
0.35714285714285715
0.21428571428571427
0.21428571428571427
0.3076923076923077
0.23076923076923078
0.23076923076923078
0.42857142857142855
0.2
0.18181818181818182
0.2
0.1875
0.25
0.2
0.2
0.25
0.17647058823529413
0.29411764705882354
0.07142857142857142
0.1875
0.14285714285714285
0.1875
0.17647058823529413
0.1111111111111111
0.2857142857142857
0.15789473684210525
0.2857142857142857
0.2631578947368421
0.26666666666666666
0.5
0.36363636363636365
0.07142857142857142
0.3
0.125
0.2
0.35714285714285715
0.38461538461538464
0.25
0.5833333333333334
0.3
0.2857142857142857
0.2
0.3076923076923077
0.21428571428571427
0.2857142857142857
0.23076923076923078
0.26666666666666666
0.15384615384615385
0.14285714285714285
0.23529411764705882
0.4375
0.16666666666666666
0.35714285714285715
0.18181818181818182
0.3076923076923077
0.46153846153846156
0.2222222222222222
0.16666666666666666
0.26666666666666666
0.38461538461538464
0.2857142857142857
0.26666666666666666
0.2
0.4666666666666667
0.0
0.29411764705882354
0.1875
0.125
0.3125
0.3333333333333333
0.08333333333333333
0.3076923076923077
0.3076923076923077
0.18181818181818182
0.3125
0.26666666666666666
0.375
0.09090909090909091
0.2857142857142857
0.45454545454545453
0.2
0.3076923076923077
0.26666666666666666
0.06666666666666667
0.3125
0.42857142857142855
0.15384615384615385
0.2
0.16666666666666666
0.09090909090909091
0.3333333333333333
0.23076923076923078
0.0
0.1875
0.4117647058823529
0.14285714285714285
0.125
0.375
0.2
0.07142857142857142
0.3333333333333333
0.07692307692307693
0.35714285714285715
0.14285714285714285
0.21428571428571427
0.29411764705882354
0.25
0.375
0.4375
0.07692307692307693
0.15384615384615385
0.26666666666666666
0.2
0.15789473684210525
0.4
0.38461538461538464
0.07692307692307693
0.13333333333333333
0.23529411764705882
0.26666666666666666
0.18181818181818182
0.4
0.23076923076923078
0.21428571428571427
0.2857142857142857
0.38461538461538464
0.18181818181818182
0.0
0.11764705882352941
0.2
0.29411764705882354
0.23529411764705882
0.375
0.3125
0.5
0.2727272727272727
0.18181818181818182
0.23076923076923078
0.08333333333333333
0.2857142857142857
0.23076923076923078
0.35714285714285715
0.36363636363636365
0.2
0.4444444444444444
0.18181818181818182
0.25
0.25
0.3333333333333333
0.1111111111111111
0.45454545454545453
0.4
0.16666666666666666
0.3333333333333333
0.3333333333333333
0.25
0.35714285714285715
0.38461538461538464
0.36363636363636365
0.16666666666666666
0.375
0.26666666666666666
0.1875
0.1875
0.3125
0.35714285714285715
0.08333333333333333
0.125
0.1875
0.2857142857142857
0.35714285714285715
0.0
0.26666666666666666
0.26666666666666666
0.35714285714285715
0.15384615384615385
0.3333333333333333
0.3076923076923077
0.23076923076923078
0.25
0.125
0.35
0.2857142857142857
0.23529411764705882
0.29411764705882354
0.3333333333333333
0.38461538461538464
0.18181818181818182
0.16666666666666666
0.3076923076923077
0.5384615384615384
0.18181818181818182
0.25
0.3333333333333333
0.2222222222222222
0.3333333333333333
0.25
0.21428571428571427
0.2857142857142857
0.21428571428571427
0.07142857142857142
0.47368421052631576
0.4166666666666667
0.3333333333333333
0.2727272727272727
0.1111111111111111
0.0
0.3076923076923077
0.16666666666666666
0.3076923076923077
0.21428571428571427
0.2857142857142857
0.26666666666666666
0.0
0.4117647058823529
0.29411764705882354
0.4
0.25
0.25
0.18181818181818182
0.2857142857142857
0.14285714285714285
0.2857142857142857
0.23529411764705882
0.375
0.18181818181818182
0.2857142857142857
0.3333333333333333
0.25
0.14285714285714285
0.21428571428571427
0.09090909090909091
0.13333333333333333
0.25
0.2857142857142857
0.26666666666666666
0.2857142857142857
0.16666666666666666
0.1875
0.2222222222222222
0.13333333333333333
0.0625
0.3157894736842105
0.25
0.26666666666666666
