Overall Mean: 0.2486159169550173
0.4
0.2
0.1
0.2
0.2
0.35
0.1
0.25
0.3
0.15
0.3
0.2
0.25
0.35
0.3
0.25
0.35
0.15
0.25
0.2
0.25
0.15
0.15
0.2
0.25
0.3
0.3
0.25
0.35
0.15
0.3
0.3
0.15
0.35
0.25
0.2
0.2
0.25
0.25
0.2
0.3
0.3
0.25
0.25
0.25
0.3
0.3
0.45
0.15
0.3
0.25
0.2
0.25
0.25
0.25
0.15
0.1
0.25
0.25
0.3
0.3
0.25
0.3
0.2
0.35
0.35
0.35
0.35
0.2
0.35
0.2
0.15
0.25
0.2
0.4
0.3
0.35
0.15
0.25
0.35
0.35
0.2
0.1
0.25
0.4
0.15
0.25
0.35
0.3
0.2
0.3
0.2
0.15
0.25
0.2
0.3
0.35
0.3
0.25
0.25
0.15
0.2
0.3
0.3
0.2
0.15
0.2
0.25
0.3
0.15
0.35
0.1
0.2
0.35
0.25
0.15
0.1
0.25
0.3
0.35
0.25
0.15
0.2
0.5
0.2
0.2
0.45
0.35
0.15
0.3
0.25
0.3
0.35
0.25
0.2
0.25
0.4
0.25
0.2
0.25
0.3
0.35
0.25
0.3
0.2
0.15
0.25
0.3
0.35
0.25
0.35
0.3
0.15
0.2
0.25
0.3
0.15
0.15
0.25
0.15
0.3
0.15
0.1
0.2
0.2
0.3
0.2
0.15
0.25
0.25
0.3
0.3
0.1
0.35
0.2
0.35
0.35
0.4
0.3
0.45
0.25
0.1
0.25
0.3
0.2
0.15
0.35
0.3
0.1
0.25
0.3
0.35
0.25
0.4
0.3
0.35
0.15
0.25
0.2
0.1
0.3
0.3
0.3
0.1
0.2
0.2
0.45
0.2
0.35
0.3
0.35
0.2
0.25
0.3
0.2
0.25
0.1
0.25
0.3
0.3
0.25
0.2
0.2
0.15
0.3
0.35
0.3
0.1
0.3
0.25
0.25
0.25
0.2
0.25
0.25
0.25
0.25
0.25
0.35
0.3
0.25
0.1
0.45
0.15
0.3
0.15
0.25
0.3
0.2
0.2
0.3
0.35
0.2
0.1
0.35
0.3
0.1
0.25
0.3
0.25
0.2
0.3
0.25
0.25
0.35
0.2
0.1
0.3
0.1
0.25
0.2
0.3
0.3
0.05
0.15
0.25
0.15
0.15
0.2
0.25
0.3
0.2
0.1
0.3
0.2
0.15
0.15
0.25
0.3
