Overall Mean: 0.25056963982394037
0.2777777777777778
0.25
0.3333333333333333
0.29411764705882354
0.13333333333333333
0.35294117647058826
0.4117647058823529
0.29411764705882354
0.47058823529411764
0.0
0.2857142857142857
0.1875
0.2727272727272727
0.3157894736842105
0.2857142857142857
0.1111111111111111
0.2857142857142857
0.2857142857142857
0.25
0.22727272727272727
0.2857142857142857
0.2222222222222222
0.25
0.3125
0.3125
0.2222222222222222
0.3125
0.0
0.2857142857142857
0.2
0.17391304347826086
0.18181818181818182
0.21052631578947367
0.3
0.29411764705882354
0.25
0.25
0.16666666666666666
0.2857142857142857
0.3
0.16666666666666666
0.25
0.19047619047619047
0.34782608695652173
0.3
0.3
0.2222222222222222
0.2777777777777778
0.35
0.23529411764705882
0.2222222222222222
0.4117647058823529
0.21428571428571427
0.16666666666666666
0.2
0.23809523809523808
0.25
0.21052631578947367
0.2727272727272727
0.2608695652173913
0.19047619047619047
0.2631578947368421
0.058823529411764705
0.36363636363636365
0.1111111111111111
0.19047619047619047
0.14285714285714285
0.08695652173913043
0.24
0.16
0.2692307692307692
0.2857142857142857
0.2222222222222222
0.42105263157894735
0.2631578947368421
0.047619047619047616
0.2727272727272727
0.2857142857142857
0.2631578947368421
0.2777777777777778
0.3333333333333333
0.3333333333333333
0.47368421052631576
0.3
0.375
0.1875
0.2631578947368421
0.2222222222222222
0.2777777777777778
0.2857142857142857
0.2777777777777778
0.125
0.10526315789473684
0.23809523809523808
0.45454545454545453
0.2222222222222222
0.35294117647058826
0.23529411764705882
0.23529411764705882
0.47058823529411764
0.14285714285714285
0.16666666666666666
0.38095238095238093
0.2631578947368421
0.21052631578947367
0.21052631578947367
0.21052631578947367
0.3888888888888889
0.05555555555555555
0.23809523809523808
0.15789473684210525
0.15789473684210525
0.2857142857142857
0.29411764705882354
0.07142857142857142
0.2777777777777778
0.26666666666666666
0.2
0.25
0.23809523809523808
0.42105263157894735
0.17647058823529413
0.3125
0.375
0.13333333333333333
0.21052631578947367
0.2857142857142857
0.15789473684210525
0.3
0.38095238095238093
0.21052631578947367
0.29411764705882354
0.26666666666666666
0.2
0.2777777777777778
0.26666666666666666
0.2
0.15
0.36363636363636365
0.1111111111111111
0.1111111111111111
0.3181818181818182
0.2631578947368421
0.05263157894736842
0.35
0.17647058823529413
0.3
0.17647058823529413
0.15
0.30434782608695654
0.2727272727272727
0.30434782608695654
0.4090909090909091
0.07142857142857142
0.16666666666666666
0.21052631578947367
0.13636363636363635
0.13043478260869565
0.4090909090909091
0.2777777777777778
0.11764705882352941
0.19047619047619047
0.21052631578947367
0.3888888888888889
0.11764705882352941
0.38095238095238093
0.2222222222222222
0.3
0.38095238095238093
0.35294117647058826
0.13333333333333333
0.05555555555555555
0.09090909090909091
0.22727272727272727
0.22727272727272727
0.2727272727272727
0.30434782608695654
0.2631578947368421
0.3888888888888889
0.26666666666666666
0.1875
0.25
0.2222222222222222
0.23529411764705882
0.2222222222222222
0.42105263157894735
0.3333333333333333
0.18181818181818182
0.3125
0.29411764705882354
0.3333333333333333
0.3333333333333333
0.35714285714285715
0.21428571428571427
0.375
0.29411764705882354
0.14285714285714285
0.2857142857142857
0.30434782608695654
0.3
0.3157894736842105
0.35294117647058826
0.25
0.1111111111111111
0.2857142857142857
0.2727272727272727
0.15789473684210525
0.2727272727272727
0.3
0.29411764705882354
0.1111111111111111
0.2727272727272727
0.2222222222222222
0.2631578947368421
0.3888888888888889
0.0
0.2857142857142857
0.2631578947368421
0.35
0.21052631578947367
0.3157894736842105
0.35
0.2
0.2
0.09090909090909091
0.3333333333333333
0.22727272727272727
0.19047619047619047
0.25
0.3157894736842105
0.35294117647058826
0.25
0.23529411764705882
0.3157894736842105
0.3888888888888889
0.14285714285714285
0.3333333333333333
0.35714285714285715
0.16666666666666666
0.42857142857142855
0.2222222222222222
0.2631578947368421
0.2222222222222222
0.17647058823529413
0.13636363636363635
0.45454545454545453
0.29411764705882354
0.26666666666666666
0.35714285714285715
0.26666666666666666
0.13333333333333333
0.4
0.23529411764705882
0.3
0.2222222222222222
0.2857142857142857
0.25
0.0
0.2916666666666667
0.3181818181818182
0.3684210526315789
0.2
0.3125
0.17647058823529413
0.2631578947368421
0.17647058823529413
0.22727272727272727
0.30434782608695654
0.42105263157894735
0.17647058823529413
0.29411764705882354
0.25
0.17647058823529413
0.2222222222222222
0.3888888888888889
0.16666666666666666
0.1111111111111111
0.2222222222222222
0.25
0.2631578947368421
0.29411764705882354
0.2
0.14285714285714285
0.2857142857142857
0.1111111111111111
0.13636363636363635
0.2727272727272727
0.21052631578947367
0.21052631578947367
