Overall Mean: 0.26541987424340363
0.36363636363636365
0.125
0.3333333333333333
0.375
0.16666666666666666
0.2857142857142857
0.5
0.2
0.5
0.0
0.3333333333333333
0.0
0.4444444444444444
0.4444444444444444
0.2
0.1
0.3
0.45454545454545453
0.375
0.2857142857142857
0.2857142857142857
0.14285714285714285
0.4444444444444444
0.2857142857142857
0.375
0.2
0.2
0.0
0.3333333333333333
0.125
0.2222222222222222
0.1
0.25
0.38461538461538464
0.4444444444444444
0.0
0.375
0.0
0.2857142857142857
0.16666666666666666
0.2857142857142857
0.125
0.3
0.3
0.2222222222222222
0.25
0.14285714285714285
0.14285714285714285
0.3333333333333333
0.14285714285714285
0.3333333333333333
0.42857142857142855
0.3333333333333333
0.16666666666666666
0.14285714285714285
0.25
0.2222222222222222
0.1111111111111111
0.3333333333333333
0.3333333333333333
0.1111111111111111
0.4444444444444444
0.1111111111111111
0.2727272727272727
0.2
0.2727272727272727
0.2222222222222222
0.18181818181818182
0.16666666666666666
0.07692307692307693
0.35714285714285715
0.2
0.3333333333333333
0.6
0.4
0.0
0.16666666666666666
0.18181818181818182
0.25
0.2727272727272727
0.375
0.5
0.8
0.3333333333333333
0.0
0.2
0.25
0.2
0.42857142857142855
0.125
0.5
0.3333333333333333
0.1111111111111111
0.3333333333333333
0.625
0.0
0.25
0.25
0.42857142857142855
0.3333333333333333
0.0
0.16666666666666666
0.6
0.6666666666666666
0.3333333333333333
0.4
0.14285714285714285
0.4444444444444444
0.0
0.25
0.25
0.1
0.3333333333333333
0.3
0.0
0.3
0.375
0.16666666666666666
0.25
0.2857142857142857
0.42857142857142855
0.16666666666666666
0.2222222222222222
0.5714285714285714
0.0
0.3333333333333333
0.0
0.125
0.3
0.4
0.2857142857142857
0.3333333333333333
0.2222222222222222
0.1
0.3333333333333333
0.16666666666666666
0.0
0.3
0.625
0.16666666666666666
0.125
0.45454545454545453
0.25
0.0
0.36363636363636365
0.1111111111111111
0.36363636363636365
0.25
0.0
0.2
0.2222222222222222
0.3333333333333333
0.5714285714285714
0.16666666666666666
0.125
0.4
0.42857142857142855
0.25
0.3
0.4444444444444444
0.0
0.125
0.2
0.4
0.2222222222222222
0.3333333333333333
0.3333333333333333
0.16666666666666666
0.4444444444444444
0.5714285714285714
0.2
0.0
0.1111111111111111
0.3333333333333333
0.36363636363636365
0.25
0.3333333333333333
0.42857142857142855
0.5714285714285714
0.2
0.0
0.125
0.14285714285714285
0.2222222222222222
0.375
0.2857142857142857
0.42857142857142855
0.2
0.5
0.25
0.0
0.3333333333333333
0.3333333333333333
0.16666666666666666
0.5714285714285714
0.75
0.3333333333333333
0.4
0.2857142857142857
0.16666666666666666
0.25
0.25
0.42857142857142855
0.25
1.0
0.0
0.25
0.1111111111111111
0.3
0.4444444444444444
0.16666666666666666
0.125
0.2222222222222222
0.2727272727272727
0.4444444444444444
0.0
0.3333333333333333
0.2857142857142857
0.125
0.1111111111111111
0.375
0.2857142857142857
0.2857142857142857
0.2857142857142857
0.0
0.5454545454545454
0.2857142857142857
0.3
0.0
0.18181818181818182
0.3333333333333333
0.2857142857142857
0.16666666666666666
0.375
0.5714285714285714
0.0
0.0
0.375
0.3333333333333333
0.5
0.5
0.14285714285714285
0.25
0.3333333333333333
0.0
0.5
0.5
0.4
0.25
0.2
0.0
0.375
0.14285714285714285
0.375
0.3333333333333333
0.14285714285714285
0.375
0.0
0.36363636363636365
0.3333333333333333
0.5
0.14285714285714285
0.14285714285714285
0.2857142857142857
0.2857142857142857
0.14285714285714285
0.2222222222222222
0.3333333333333333
0.42857142857142855
0.1111111111111111
0.2222222222222222
0.42857142857142855
0.16666666666666666
0.16666666666666666
0.2857142857142857
0.0
0.1
0.3333333333333333
0.3
0.3333333333333333
0.2857142857142857
0.14285714285714285
0.2222222222222222
0.25
0.2
0.08333333333333333
0.08333333333333333
0.16666666666666666
0.2
