Overall Mean: 0.24832114965027796
0.25
0.2833333333333333
0.3488372093023256
0.32142857142857145
0.3157894736842105
0.38461538461538464
0.125
0.2857142857142857
0.0
0.0
0.2
0.25
0.0
0.3333333333333333
1.0
0.25
0.23333333333333334
0.2391304347826087
0.17142857142857143
0.2413793103448276
0.18181818181818182
0.05555555555555555
0.29411764705882354
0.25
0.1111111111111111
0.375
0.4
0.0
0.3333333333333333
0.0
0.5
0.25
0.21666666666666667
0.2765957446808511
0.29411764705882354
0.20833333333333334
0.21052631578947367
0.06666666666666667
0.35714285714285715
0.4444444444444444
0.2
0.25
0.0
0.3333333333333333
0.5
0.25
0.23333333333333334
0.32608695652173914
0.3548387096774194
0.2
0.25
0.4166666666666667
0.2857142857142857
0.0
0.4
0.0
0.3333333333333333
0.5
0.25
0.23333333333333334
0.30434782608695654
0.3125
0.2727272727272727
0.1875
0.07692307692307693
0.5
0.16666666666666666
0.2
0.0
0.5
1.0
0.25
0.2833333333333333
0.23255813953488372
0.2727272727272727
0.25
0.2222222222222222
0.14285714285714285
0.0
0.4166666666666667
0.0
0.42857142857142855
0.5
1.0
0.25
0.23333333333333334
0.2608695652173913
0.20588235294117646
0.2962962962962963
0.21052631578947367
0.26666666666666666
0.5454545454545454
0.2
0.25
0.3333333333333333
0.0
0.5
0.25
0.26666666666666666
0.2727272727272727
0.375
0.35
0.23076923076923078
0.0
0.2
0.125
0.2857142857142857
0.0
0.0
0.8
0.25
0.21666666666666667
0.2765957446808511
0.20588235294117646
0.2222222222222222
0.3333333333333333
0.35714285714285715
0.6666666666666666
0.6666666666666666
0.25
0.23333333333333334
0.1956521739130435
0.2972972972972973
0.2692307692307692
0.21052631578947367
0.2
0.16666666666666666
0.3
0.2857142857142857
0.2
0.25
0.3333333333333333
0.0
0.0
0.5
0.25
0.21666666666666667
0.2127659574468085
0.1891891891891892
0.23333333333333334
0.08695652173913043
0.3333333333333333
0.14285714285714285
0.16666666666666666
0.3
0.14285714285714285
0.3333333333333333
0.5
0.0
0.5
0.25
0.26666666666666666
0.22727272727272727
0.11764705882352941
0.23333333333333334
0.21739130434782608
0.2777777777777778
0.3076923076923077
0.2222222222222222
0.2857142857142857
0.0
0.2
0.5
0.0
0.5
0.25
0.26666666666666666
0.22727272727272727
0.29411764705882354
0.2916666666666667
0.17647058823529413
0.35714285714285715
0.2222222222222222
0.14285714285714285
0.16666666666666666
0.4
0.3333333333333333
1.0
0.25
0.23333333333333334
0.1956521739130435
0.16216216216216217
0.25806451612903225
0.17391304347826086
0.3684210526315789
0.16666666666666666
0.2
0.125
0.14285714285714285
0.16666666666666666
0.2
0.5
0.5
0.25
0.26666666666666666
0.3409090909090909
0.27586206896551724
0.19047619047619047
0.23529411764705882
0.46153846153846156
0.2857142857142857
0.2
0.5
0.0
0.5
0.25
0.26666666666666666
0.22727272727272727
0.23529411764705882
0.15384615384615385
0.18181818181818182
0.16666666666666666
0.3333333333333333
0.2
0.25
0.3333333333333333
0.25
0.6666666666666666
0.25
0.26666666666666666
0.2727272727272727
0.21875
0.32
0.23529411764705882
0.15384615384615385
0.2727272727272727
0.0
0.375
0.4
0.6666666666666666
0.25
0.26666666666666666
0.2727272727272727
0.28125
0.17391304347826086
0.21052631578947367
0.4
0.1111111111111111
0.5
0.5
0.0
0.5
0.25
0.23333333333333334
0.2608695652173913
0.23529411764705882
0.3076923076923077
0.2777777777777778
0.38461538461538464
0.5
0.0
0.0
0.25
0.3333333333333333
0.5
0.25
0.23333333333333334
0.2391304347826087
0.2857142857142857
0.24
0.10526315789473684
0.058823529411764705
0.1875
0.3076923076923077
0.6666666666666666
0.3333333333333333
1.0
0.25
0.21666666666666667
0.2765957446808511
0.29411764705882354
0.3333333333333333
0.4375
0.3333333333333333
0.0
0.0
0.6666666666666666
0.0
0.5
0.25
0.3
0.11904761904761904
0.21621621621621623
0.3448275862068966
0.10526315789473684
0.35294117647058826
0.18181818181818182
0.2222222222222222
0.0
0.5714285714285714
0.3333333333333333
0.0
0.5
0.25
0.21666666666666667
0.2127659574468085
0.16216216216216217
0.25806451612903225
0.30434782608695654
0.0625
0.3333333333333333
0.1
0.1111111111111111
0.0
0.125
0.14285714285714285
0.0
0.3333333333333333
0.75
0.25
0.21666666666666667
0.19148936170212766
0.21052631578947367
0.23333333333333334
0.30434782608695654
0.3125
0.36363636363636365
0.2857142857142857
0.2
0.25
0.3333333333333333
0.5
0.25
0.2833333333333333
0.2558139534883721
0.25
0.16666666666666666
0.4
0.3333333333333333
0.375
0.2
0.0
0.25
0.0
0.6666666666666666
0.25
0.25
0.35555555555555557
0.3448275862068966
0.21052631578947367
0.3333333333333333
0.4
0.3333333333333333
0.0
0.0
0.25
0.6666666666666666
0.25
0.26666666666666666
0.25
0.30303030303030304
0.21739130434782608
0.3888888888888889
0.09090909090909091
0.1
0.1111111111111111
0.375
0.2
0.25
0.3333333333333333
0.0
0.0
0.0
0.0
0.0
0.5
0.25
0.26666666666666666
0.20454545454545456
0.3142857142857143
0.16666666666666666
0.2
0.3125
0.36363636363636365
0.0
0.2857142857142857
0.2
0.5
0.5
0.25
0.3
0.3333333333333333
0.14285714285714285
0.20833333333333334
0.21052631578947367
0.4
0.1111111111111111
0.25
0.3333333333333333
0.0
0.25
0.3333333333333333
0.5
0.25
0.26666666666666666
0.22727272727272727
0.29411764705882354
0.20833333333333334
0.3157894736842105
0.23076923076923078
0.5
0.0
0.6
0.5
0.25
0.26666666666666666
0.29545454545454547
0.3548387096774194
0.05
0.15789473684210525
0.25
0.3333333333333333
0.0
0.125
0.14285714285714285
0.0
0.16666666666666666
0.4
0.3333333333333333
0.5
0.25
0.21666666666666667
0.2978723404255319
0.18181818181818182
0.18518518518518517
0.2727272727272727
0.375
0.3
0.14285714285714285
0.3333333333333333
0.0
0.25
1.0
0.25
0.25
0.2
0.25
0.14814814814814814
0.30434782608695654
0.25
0.08333333333333333
0.18181818181818182
0.2222222222222222
0.42857142857142855
0.0
0.0
0.25
0.3333333333333333
0.5
0.25
0.23333333333333334
0.21739130434782608
0.2777777777777778
0.15384615384615385
0.36363636363636365
0.21428571428571427
0.18181818181818182
0.1111111111111111
0.625
0.0
0.6666666666666666
0.25
0.26666666666666666
0.2727272727272727
0.25
0.3333333333333333
0.125
0.2857142857142857
0.2
0.125
0.14285714285714285
0.0
0.16666666666666666
0.4
0.3333333333333333
1.0
0.25
0.23333333333333334
0.30434782608695654
0.1875
0.38461538461538464
0.1875
0.23076923076923078
0.2
0.75
0.5
0.25
0.23333333333333334
0.30434782608695654
0.21875
0.2
0.2
0.3125
0.2727272727272727
0.25
0.0
0.16666666666666666
0.0
0.0
0.2
0.25
0.6666666666666666
0.25
0.23333333333333334
0.2391304347826087
0.2571428571428571
0.2692307692307692
0.21052631578947367
0.26666666666666666
0.18181818181818182
0.1111111111111111
0.375
0.4
0.3333333333333333
0.0
0.5
0.25
0.25
0.26666666666666666
0.2727272727272727
0.25
0.3333333333333333
0.25
0.2222222222222222
0.0
0.2857142857142857
0.2
0.0
0.75
0.25
0.23333333333333334
0.2391304347826087
0.22857142857142856
0.3333333333333333
0.16666666666666666
0.2
0.08333333333333333
0.2727272727272727
0.375
0.4
0.3333333333333333
0.0
0.5
0.25
0.25
0.26666666666666666
0.2727272727272727
0.2916666666666667
0.35294117647058826
0.2727272727272727
0.125
0.2857142857142857
0.2
0.0
0.25
0.3333333333333333
0.0
0.0
0.0
0.0
0.5
0.25
0.26666666666666666
0.20454545454545456
0.34285714285714286
0.2608695652173913
0.4117647058823529
0.3
0.2857142857142857
0.2
0.0
0.25
0.6666666666666666
0.25
0.25
0.24444444444444444
0.29411764705882354
0.20833333333333334
0.10526315789473684
0.35294117647058826
0.18181818181818182
0.3333333333333333
0.16666666666666666
0.0
0.2
0.0
0.25
0.0
0.3333333333333333
0.0
1.0
0.25
0.25
0.2
0.25
0.3333333333333333
0.2222222222222222
0.14285714285714285
0.5
0.3333333333333333
0.0
0.25
0.3333333333333333
0.5
0.25
0.21666666666666667
0.2553191489361702
0.2571428571428571
0.15384615384615385
0.36363636363636365
0.35714285714285715
0.3333333333333333
0.3333333333333333
0.25
0.0
0.6666666666666666
0.25
0.25
0.2222222222222222
0.14285714285714285
0.23333333333333334
0.30434782608695654
0.1875
0.15384615384615385
0.09090909090909091
0.2
0.125
0.2857142857142857
0.0
0.2
0.25
0.0
0.0
0.0
0.0
0.3333333333333333
0.0
0.0
0.0
0.0
0.0
0.0
0.0
0.0
0.0
0.0
0.0
0.0
0.5
0.25
0.23333333333333334
0.17391304347826086
0.2631578947368421
0.21428571428571427
0.18181818181818182
0.16666666666666666
0.26666666666666666
0.18181818181818182
0.3333333333333333
0.0
0.16666666666666666
0.4
0.0
0.0
0.0
0.0
0.3333333333333333
0.0
0.5
0.25
0.2
0.25
0.3333333333333333
0.25
0.3333333333333333
0.25
0.2222222222222222
0.42857142857142855
0.0
0.0
0.5
0.0
0.5
0.25
0.23333333333333334
0.2826086956521739
0.2727272727272727
0.3333333333333333
0.3125
0.18181818181818182
0.1111111111111111
0.125
0.2857142857142857
0.2
0.0
0.0
0.0
0.25
0.0
0.0
0.0
0.3333333333333333
0.5
0.25
0.2833333333333333
0.18604651162790697
0.22857142857142856
0.25925925925925924
0.3
0.21428571428571427
0.18181818181818182
0.0
0.2222222222222222
0.2857142857142857
0.2
0.5
0.0
0.0
1.0
0.25
0.23333333333333334
0.2826086956521739
0.2727272727272727
0.25
0.3333333333333333
0.25
0.1111111111111111
0.25
0.0
0.16666666666666666
0.0
0.0
0.2
0.0
0.5
0.5
0.25
0.23333333333333334
0.21739130434782608
0.3333333333333333
0.2916666666666667
0.23529411764705882
0.23076923076923078
0.2
0.5
0.25
0.3333333333333333
0.0
0.0
0.0
0.5
0.25
0.26666666666666666
0.25
0.2727272727272727
0.25
0.1111111111111111
0.25
0.08333333333333333
0.18181818181818182
0.4444444444444444
0.6
0.0
0.5
0.25
0.26666666666666666
0.25
0.30303030303030304
0.30434782608695654
0.3125
0.2727272727272727
0.0
0.375
0.2
0.25
0.3333333333333333
0.0
0.5
0.25
0.23333333333333334
0.2608695652173913
0.29411764705882354
0.3333333333333333
0.3125
0.18181818181818182
0.2222222222222222
0.2857142857142857
0.6
1.0
0.25
0.23333333333333334
0.2826086956521739
0.18181818181818182
0.25925925925925924
0.3
0.5
0.14285714285714285
0.3333333333333333
0.5
0.0
0.0
0.5
0.25
0.2833333333333333
0.18604651162790697
0.2
0.2857142857142857
0.2
0.25
0.16666666666666666
0.2
0.25
0.16666666666666666
0.2
0.0
0.25
0.0
0.3333333333333333
0.5
0.25
0.25
0.24444444444444444
0.29411764705882354
0.16666666666666666
0.2
0.375
0.1
0.4444444444444444
0.4
0.0
0.3333333333333333
0.5
0.25
0.25
0.2222222222222222
0.2857142857142857
0.24
0.15789473684210525
0.3125
0.36363636363636365
0.5714285714285714
0.0
0.3333333333333333
0.0
0.0
0.5
0.25
0.23333333333333334
0.21739130434782608
0.3055555555555556
0.24
0.21052631578947367
0.13333333333333333
0.23076923076923078
0.0
0.0
0.2
0.125
0.0
0.2857142857142857
0.4
0.3333333333333333
0.0
0.5
0.25
0.2833333333333333
0.3023255813953488
0.26666666666666666
0.22727272727272727
0.11764705882352941
0.4666666666666667
0.375
0.4
0.0
0.3333333333333333
0.5
0.25
0.3
0.2619047619047619
0.1935483870967742
0.28
0.2777777777777778
0.15384615384615385
0.18181818181818182
0.3333333333333333
0.3333333333333333
0.25
0.3333333333333333
1.0
0.25
0.25
0.37777777777777777
0.39285714285714285
0.4117647058823529
0.3
0.14285714285714285
0.3333333333333333
0.0
0.25
0.0
0.0
0.0
0.0
0.3333333333333333
0.5
0.25
0.26666666666666666
0.25
0.24242424242424243
0.24
0.15789473684210525
0.375
0.4
0.5
0.0
0.0
0.3333333333333333
0.0
0.0
0.5
0.25
0.23333333333333334
0.17391304347826086
0.2894736842105263
0.25925925925925924
0.2
0.125
0.35714285714285715
0.2222222222222222
0.14285714285714285
0.16666666666666666
0.0
0.2
0.25
0.0
0.6666666666666666
0.25
0.26666666666666666
0.22727272727272727
0.23529411764705882
0.3076923076923077
0.2222222222222222
0.2857142857142857
0.3
0.0
0.14285714285714285
0.3333333333333333
0.25
0.0
0.0
0.0
0.0
0.6666666666666666
0.25
0.26666666666666666
0.22727272727272727
0.29411764705882354
0.20833333333333334
0.42105263157894735
0.36363636363636365
0.14285714285714285
0.3333333333333333
0.0
0.0
0.0
0.25
0.0
0.3333333333333333
0.0
0.5
0.25
0.25
0.2
0.1388888888888889
0.25806451612903225
0.2608695652173913
0.29411764705882354
0.25
0.0
0.1111111111111111
0.375
0.4
0.6666666666666666
0.25
0.26666666666666666
0.29545454545454547
0.22580645161290322
0.16666666666666666
0.35
0.23076923076923078
0.2
0.125
0.2857142857142857
0.2
0.25
0.3333333333333333
0.0
0.0
0.0
0.5
0.25
0.21666666666666667
0.23404255319148937
0.16666666666666666
0.2
0.20833333333333334
0.3684210526315789
0.16666666666666666
0.5
0.0
0.6
0.5
0.25
0.25
0.26666666666666666
0.2727272727272727
0.20833333333333334
0.21052631578947367
0.3333333333333333
0.1
0.0
0.6666666666666666
0.0
0.3333333333333333
0.0
0.5
0.25
0.23333333333333334
0.1956521739130435
0.2972972972972973
0.34615384615384615
0.29411764705882354
0.3333333333333333
0.125
0.14285714285714285
0.0
0.3333333333333333
0.0
0.25
0.0
0.6666666666666666
0.25
0.25
0.24444444444444444
0.20588235294117646
0.2222222222222222
0.19047619047619047
0.11764705882352941
0.3333333333333333
0.4
0.3333333333333333
0.25
0.3333333333333333
0.5
0.25
0.23333333333333334
0.1956521739130435
0.32432432432432434
0.12
0.18181818181818182
0.2777777777777778
0.38461538461538464
0.0
0.375
0.2
0.5
0.0
0.0
0.5
0.25
0.26666666666666666
0.2727272727272727
0.1875
0.19230769230769232
0.23809523809523808
0.1875
0.15384615384615385
0.09090909090909091
0.4
0.5
0.0
0.3333333333333333
0.5
0.25
0.21666666666666667
0.2127659574468085
0.2702702702702703
0.25925925925925924
0.35
0.23076923076923078
0.2
0.125
0.0
0.0
0.14285714285714285
0.16666666666666666
0.4
0.0
0.0
0.3333333333333333
0.0
0.0
0.0
0.0
0.0
0.0
0.0
1.0
0.25
0.25
0.3333333333333333
0.26666666666666666
0.22727272727272727
0.17647058823529413
0.14285714285714285
0.4166666666666667
0.14285714285714285
0.3333333333333333
0.5
0.0
0.5
0.25
0.23333333333333334
0.21739130434782608
0.2777777777777778
0.23076923076923078
0.35
0.15384615384615385
0.5454545454545454
0.2
0.0
0.25
0.0
0.0
0.3333333333333333
0.5
0.25
0.26666666666666666
0.25
0.18181818181818182
0.2222222222222222
0.09523809523809523
0.10526315789473684
0.5294117647058824
0.625
0.3333333333333333
0.0
0.0
0.0
0.0
0.0
1.0
0.25
0.25
0.2222222222222222
0.2571428571428571
0.15384615384615385
0.22727272727272727
0.11764705882352941
0.26666666666666666
0.36363636363636365
0.2857142857142857
0.2
0.25
0.3333333333333333
0.5
0.25
0.2833333333333333
0.27906976744186046
0.3225806451612903
0.2857142857142857
0.26666666666666666
0.09090909090909091
0.0
0.1
0.2222222222222222
0.14285714285714285
0.3333333333333333
0.75
0.25
0.26666666666666666
0.18181818181818182
0.2222222222222222
0.25
0.3333333333333333
0.2857142857142857
0.3
0.2857142857142857
0.4
0.3333333333333333
0.5
0.25
0.25
0.28888888888888886
0.21875
0.32
0.29411764705882354
0.3333333333333333
0.25
0.3333333333333333
0.25
0.3333333333333333
0.0
0.5
0.25
0.26666666666666666
0.22727272727272727
0.3235294117647059
0.2608695652173913
0.35294117647058826
0.2727272727272727
0.25
0.16666666666666666
0.6
0.0
1.0
0.25
0.21666666666666667
0.19148936170212766
0.2631578947368421
0.21428571428571427
0.09090909090909091
0.3
0.2857142857142857
0.1
0.2222222222222222
0.42857142857142855
0.5
1.0
0.25
0.2
0.3333333333333333
0.375
0.25
0.4
0.1111111111111111
0.25
0.16666666666666666
0.2
0.5
0.5
0.25
0.23333333333333334
0.15217391304347827
0.23076923076923078
0.13333333333333333
0.19230769230769232
0.2857142857142857
0.3333333333333333
0.1
0.2222222222222222
0.5714285714285714
0.0
0.0
0.0
0.0
0.0
0.0
0.3333333333333333
0.5
0.25
0.31666666666666665
0.2926829268292683
0.3103448275862069
0.25
0.4
0.3333333333333333
0.16666666666666666
0.0
0.0
0.0
0.4
0.0
0.0
0.0
0.0
0.0
0.0
0.3333333333333333
0.0
0.5
0.25
0.3
0.23809523809523808
0.3125
0.3181818181818182
0.26666666666666666
0.18181818181818182
0.0
0.0
0.1111111111111111
0.25
0.0
0.16666666666666666
0.2
0.5
0.0
0.5
0.25
0.26666666666666666
0.25
0.24242424242424243
0.24
0.2631578947368421
0.21428571428571427
0.0
0.2727272727272727
0.25
0.3333333333333333
0.0
0.0
0.5
0.0
0.0
0.0
0.5
0.25
0.2833333333333333
0.37209302325581395
0.1111111111111111
0.2916666666666667
0.29411764705882354
0.25
0.4444444444444444
0.4
0.6666666666666666
0.25
0.23333333333333334
0.21739130434782608
0.19444444444444445
0.20689655172413793
0.21739130434782608
0.2777777777777778
0.23076923076923078
0.2
0.25
0.16666666666666666
0.6
0.5
0.25
0.21666666666666667
0.2978723404255319
0.24242424242424243
0.16
0.42857142857142855
0.3333333333333333
0.0
0.0
0.125
0.14285714285714285
0.16666666666666666
0.2
0.0
0.25
0.3333333333333333
0.0
1.0
0.25
0.25
0.24444444444444444
0.2647058823529412
0.32
0.23529411764705882
0.3076923076923077
0.3333333333333333
0.0
0.16666666666666666
0.4
0.0
0.3333333333333333
0.0
0.0
0.0
0.5
0.25
0.26666666666666666
0.22727272727272727
0.35294117647058826
0.2727272727272727
0.25
0.25
0.3333333333333333
0.3333333333333333
0.0
1.0
0.25
0.21666666666666667
0.1702127659574468
0.20512820512820512
0.25806451612903225
0.2608695652173913
0.23529411764705882
0.3076923076923077
0.3333333333333333
0.0
0.0
0.0
0.3333333333333333
0.25
0.6666666666666666
0.25
0.25
0.26666666666666666
0.24242424242424243
0.24
0.2631578947368421
0.42857142857142855
0.125
0.0
0.14285714285714285
0.0
0.5
0.0
0.3333333333333333
0.5
0.25
0.2833333333333333
0.23255813953488372
0.15151515151515152
0.2857142857142857
0.2
0.3125
0.45454545454545453
0.16666666666666666
0.4
0.3333333333333333
0.0
0.0
0.5
0.25
0.3
0.21428571428571427
0.2727272727272727
0.2916666666666667
0.4117647058823529
0.4
0.5
0.6666666666666666
0.25
0.21666666666666667
0.2127659574468085
0.2702702702702703
0.2222222222222222
0.3333333333333333
0.2857142857142857
0.2
0.125
0.14285714285714285
0.16666666666666666
0.0
0.2
0.25
0.3333333333333333
0.5
0.25
0.23333333333333334
0.21739130434782608
0.19444444444444445
0.20689655172413793
0.21739130434782608
0.3333333333333333
0.25
0.2222222222222222
0.2857142857142857
0.2
0.0
0.25
0.3333333333333333
0.5
0.25
0.21666666666666667
0.2978723404255319
0.30303030303030304
0.391304347826087
0.5
0.14285714285714285
0.3333333333333333
0.0
0.5
0.0
0.0
0.5
0.25
0.2
0.22916666666666666
0.1891891891891892
0.16666666666666666
0.32
0.17647058823529413
0.21428571428571427
0.45454545454545453
0.16666666666666666
0.2
0.0
0.0
0.0
0.25
0.3333333333333333
0.0
0.5
0.25
0.25
0.35555555555555557
0.3103448275862069
0.15
0.23529411764705882
0.3076923076923077
0.0
0.2222222222222222
0.2857142857142857
0.6
0.0
0.5
0.25
0.26666666666666666
0.29545454545454547
0.22580645161290322
0.20833333333333334
0.21052631578947367
0.13333333333333333
0.15384615384615385
0.45454545454545453
0.3333333333333333
0.25
0.6666666666666666
0.25
0.3
0.30952380952380953
0.3448275862068966
0.2631578947368421
0.2857142857142857
0.3
0.42857142857142855
0.5
0.0
0.0
0.5
0.25
0.3
0.2857142857142857
0.3
0.23809523809523808
0.25
0.16666666666666666
0.1
0.2222222222222222
0.42857142857142855
0.5
0.0
0.0
0.0
0.0
0.5
0.25
0.25
0.17777777777777778
0.2702702702702703
0.18518518518518517
0.09090909090909091
0.1
0.3333333333333333
0.3333333333333333
0.125
0.14285714285714285
0.0
0.3333333333333333
0.0
0.25
0.3333333333333333
0.0
0.5
0.25
0.21666666666666667
0.23404255319148937
0.3333333333333333
0.25
0.2777777777777778
0.15384615384615385
0.2727272727272727
0.375
0.0
0.0
0.2
0.25
0.0
0.6666666666666666
0.25
0.2
0.22916666666666666
0.13513513513513514
0.1875
0.34615384615384615
0.23529411764705882
0.23076923076923078
0.3
0.14285714285714285
0.16666666666666666
0.0
0.4
0.3333333333333333
0.5
0.25
0.23333333333333334
0.2608695652173913
0.2647058823529412
0.08
0.21739130434782608
0.3333333333333333
0.08333333333333333
0.18181818181818182
0.1111111111111111
0.75
0.5
0.25
0.26666666666666666
0.2727272727272727
0.34375
0.19047619047619047
0.29411764705882354
0.3333333333333333
0.125
0.2857142857142857
0.2
0.25
0.6666666666666666
0.25
0.25
0.2222222222222222
0.2
0.2857142857142857
0.35
0.23076923076923078
0.2
0.25
0.6666666666666666
0.5
0.25
0.21666666666666667
0.2765957446808511
0.20588235294117646
0.25925925925925924
0.35
0.3076923076923077
0.0
0.2222222222222222
0.2857142857142857
0.4
0.0
0.0
0.3333333333333333
0.0
0.5
0.25
0.23333333333333334
0.2826086956521739
0.2727272727272727
0.25
0.3333333333333333
0.16666666666666666
0.2
0.375
0.2
0.75
0.25
0.26666666666666666
0.25
0.2727272727272727
0.20833333333333334
0.15789473684210525
0.125
0.14285714285714285
0.3333333333333333
0.125
0.14285714285714285
0.3333333333333333
0.75
0.25
0.21666666666666667
0.2553191489361702
0.2571428571428571
0.2692307692307692
0.2631578947368421
0.21428571428571427
0.5454545454545454
0.6
0.5
0.25
0.26666666666666666
0.22727272727272727
0.20588235294117646
0.25925925925925924
0.25
0.3333333333333333
0.3
0.2857142857142857
0.2
0.0
0.0
0.25
0.6666666666666666
0.25
0.21666666666666667
0.2553191489361702
0.2571428571428571
0.34615384615384615
0.23529411764705882
0.23076923076923078
0.2
0.375
0.0
0.4
0.0
0.0
0.0
0.0
0.0
0.6666666666666666
0.25
0.2833333333333333
0.20930232558139536
0.29411764705882354
0.2916666666666667
0.17647058823529413
0.5
0.42857142857142855
0.75
0.25
0.2833333333333333
0.3023255813953488
0.36666666666666664
0.2631578947368421
0.21428571428571427
0.36363636363636365
0.2857142857142857
0.2
0.25
0.6666666666666666
0.25
0.21666666666666667
0.23404255319148937
0.2222222222222222
0.32142857142857145
0.15789473684210525
0.1875
0.23076923076923078
0.5
0.6
0.0
0.0
0.0
0.0
0.0
0.0
0.0
0.0
0.0
0.5
0.25
0.26666666666666666
0.2727272727272727
0.3125
0.4090909090909091
0.15384615384615385
0.45454545454545453
0.3333333333333333
0.5
0.5
0.25
0.21666666666666667
0.2978723404255319
0.18181818181818182
0.18518518518518517
0.22727272727272727
0.47058823529411764
0.3333333333333333
0.0
0.16666666666666666
0.2
0.25
0.3333333333333333
0.5
0.25
0.26666666666666666
0.3181818181818182
0.2
0.16666666666666666
0.3
0.21428571428571427
0.18181818181818182
0.2222222222222222
0.42857142857142855
0.5
1.0
0.25
0.2833333333333333
0.27906976744186046
0.25806451612903225
0.21739130434782608
0.1111111111111111
0.4375
0.2222222222222222
0.14285714285714285
0.0
0.16666666666666666
0.0
0.0
0.2
0.0
0.25
0.0
0.6666666666666666
0.25
0.23333333333333334
0.2391304347826087
0.2571428571428571
0.38461538461538464
0.1875
0.38461538461538464
0.25
0.16666666666666666
0.8
0.25
0.2833333333333333
0.20930232558139536
0.23529411764705882
0.19230769230769232
0.2857142857142857
0.2
0.08333333333333333
0.36363636363636365
0.0
0.0
0.2857142857142857
0.0
0.2
0.75
0.25
0.25
0.24444444444444444
0.2647058823529412
0.36
0.25
0.16666666666666666
0.1
0.0
0.4444444444444444
0.4
0.0
0.0
0.0
0.3333333333333333
0.0
0.5
0.25
0.26666666666666666
0.25
0.12121212121212122
0.27586206896551724
0.14285714285714285
0.2222222222222222
0.2857142857142857
0.4
0.6666666666666666
0.0
0.0
0.5
0.25
0.26666666666666666
0.29545454545454547
0.3870967741935484
0.2631578947368421
0.2857142857142857
0.3
0.14285714285714285
0.3333333333333333
0.75
0.25
0.2833333333333333
0.27906976744186046
0.1935483870967742
0.16
0.23809523809523808
0.3125
0.18181818181818182
0.3333333333333333
0.16666666666666666
0.0
0.4
0.0
0.0
0.3333333333333333
0.0
0.0
0.0
0.0
0.5
0.25
0.26666666666666666
0.29545454545454547
0.2903225806451613
0.2727272727272727
0.3125
0.18181818181818182
0.2222222222222222
0.2857142857142857
0.4
0.0
0.0
0.0
0.3333333333333333
0.0
0.0
0.0
0.0
0.0
0.5
0.25
0.23333333333333334
0.2608695652173913
0.14705882352941177
0.20689655172413793
0.043478260869565216
0.3181818181818182
0.26666666666666666
0.2727272727272727
0.25
0.16666666666666666
0.0
0.2
0.0
0.5
1.0
0.25
0.2833333333333333
0.3023255813953488
0.3
0.19047619047619047
0.058823529411764705
0.125
0.2857142857142857
0.2
0.25
0.16666666666666666
0.0
0.6
0.0
0.5
0.25
0.23333333333333334
0.2391304347826087
0.3142857142857143
0.3333333333333333
0.1875
0.3076923076923077
0.3333333333333333
0.3333333333333333
0.5
0.5
0.25
0.2
0.20833333333333334
0.21052631578947367
0.3333333333333333
0.2
0.1875
0.15384615384615385
0.36363636363636365
0.7142857142857143
0.5
0.25
0.2833333333333333
0.32558139534883723
0.27586206896551724
0.19047619047619047
0.23529411764705882
0.3076923076923077
0.2222222222222222
0.42857142857142855
0.0
0.25
0.0
0.0
0.3333333333333333
0.5
0.25
0.3
0.2857142857142857
0.23333333333333334
0.21739130434782608
0.2222222222222222
0.21428571428571427
0.36363636363636365
0.0
0.2857142857142857
0.4
0.0
0.0
0.3333333333333333
0.0
0.0
0.0
0.0
0.0
0.5
0.25
0.2
0.2916666666666667
0.2647058823529412
0.32
0.23529411764705882
0.3076923076923077
0.2222222222222222
0.2857142857142857
0.4
0.3333333333333333
0.0
0.0
0.0
0.0
1.0
0.25
0.25
0.28888888888888886
0.28125
0.34782608695652173
0.13333333333333333
0.15384615384615385
0.09090909090909091
0.3
0.2857142857142857
0.6
0.0
1.0
0.25
0.25
0.24444444444444444
0.23529411764705882
0.038461538461538464
0.24
0.10526315789473684
0.29411764705882354
0.16666666666666666
0.1
0.2222222222222222
0.2857142857142857
0.4
0.3333333333333333
0.0
0.5
0.25
0.26666666666666666
0.25
0.18181818181818182
0.18518518518518517
0.36363636363636365
0.21428571428571427
0.09090909090909091
0.2
0.375
0.4
0.3333333333333333
0.0
0.0
0.0
0.0
0.0
0.5
0.25
0.2
0.25
0.2222222222222222
0.21428571428571427
0.18181818181818182
0.16666666666666666
0.06666666666666667
0.21428571428571427
0.2727272727272727
0.125
0.14285714285714285
0.6666666666666666
0.5
0.25
0.23333333333333334
0.30434782608695654
0.1875
0.3076923076923077
0.2777777777777778
0.23076923076923078
0.3
0.42857142857142855
0.25
0.0
0.0
0.0
0.3333333333333333
0.0
0.5
0.25
0.23333333333333334
0.1956521739130435
0.21621621621621623
0.27586206896551724
0.3333333333333333
0.07142857142857142
0.46153846153846156
0.5714285714285714
0.3333333333333333
0.5
0.25
0.25
0.2222222222222222
0.2
0.32142857142857145
0.2631578947368421
0.35714285714285715
0.4444444444444444
0.4
0.0
0.0
0.0
0.3333333333333333
0.5
0.25
0.25
0.2222222222222222
0.22857142857142856
0.25925925925925924
0.3
0.21428571428571427
0.36363636363636365
0.42857142857142855
0.25
0.0
0.3333333333333333
0.0
0.5
0.25
0.23333333333333334
0.30434782608695654
0.28125
0.30434782608695654
0.0
0.375
0.3
0.42857142857142855
0.0
0.25
0.3333333333333333
0.5
0.25
0.3
0.21428571428571427
0.24242424242424243
0.24
0.15789473684210525
0.125
0.0
0.2857142857142857
0.3
0.14285714285714285
0.3333333333333333
0.5
0.5
0.25
0.2
0.2916666666666667
0.23529411764705882
0.15384615384615385
0.3181818181818182
0.26666666666666666
0.18181818181818182
0.5555555555555556
0.25
0.3333333333333333
0.0
0.5
0.25
0.25
0.13333333333333333
0.1794871794871795
0.25
0.20833333333333334
0.3157894736842105
0.15384615384615385
0.09090909090909091
0.5
0.2
0.0
0.5
0.0
0.0
0.0
0.5
0.25
0.25
0.2
0.16666666666666666
0.3
0.2857142857142857
0.26666666666666666
0.36363636363636365
0.42857142857142855
0.75
0.25
0.26666666666666666
0.3181818181818182
0.1
0.18518518518518517
0.09090909090909091
0.35
0.38461538461538464
0.125
0.0
0.14285714285714285
0.0
0.3333333333333333
0.25
0.0
0.3333333333333333
0.0
0.0
0.0
1.0
0.25
0.21666666666666667
0.2553191489361702
0.22857142857142856
0.25925925925925924
0.15
0.11764705882352941
0.26666666666666666
0.2727272727272727
0.375
0.2
0.0
0.25
0.3333333333333333
0.0
0.0
1.0
0.25
0.26666666666666666
0.29545454545454547
0.1935483870967742
0.2
0.25
0.3333333333333333
0.1
0.0
0.3333333333333333
0.3333333333333333
0.5
0.5
0.25
0.25
0.24444444444444444
0.23529411764705882
0.2692307692307692
0.21052631578947367
0.2
0.16666666666666666
0.3
0.14285714285714285
0.16666666666666666
0.2
0.25
0.0
0.0
0.3333333333333333
0.0
0.0
0.0
0.0
0.0
0.5
0.25
0.2833333333333333
0.2558139534883721
0.28125
0.2608695652173913
0.17647058823529413
0.21428571428571427
0.18181818181818182
0.4444444444444444
0.4
0.0
0.6666666666666666
0.25
0.2833333333333333
0.23255813953488372
0.24242424242424243
0.08
0.17391304347826086
0.21052631578947367
0.3333333333333333
0.4
0.3333333333333333
0.0
0.0
0.25
0.0
0.0
0.3333333333333333
0.0
0.0
0.5
0.25
0.2833333333333333
0.23255813953488372
0.3333333333333333
0.4090909090909091
0.3076923076923077
0.0
0.2222222222222222
0.2857142857142857
0.0
0.6
0.0
0.5
0.25
0.2
0.2916666666666667
0.35294117647058826
0.13636363636363635
0.2631578947368421
0.42857142857142855
0.375
0.2
0.25
0.0
0.0
0.3333333333333333
0.5
0.25
0.23333333333333334
0.21739130434782608
0.2777777777777778
0.3076923076923077
0.16666666666666666
0.3333333333333333
0.5
0.4
0.3333333333333333
0.5
0.25
0.26666666666666666
0.2727272727272727
0.28125
0.34782608695652173
0.13333333333333333
0.3076923076923077
0.3333333333333333
0.16666666666666666
0.0
0.0
0.4
0.6666666666666666
0.25
0.2833333333333333
0.23255813953488372
0.3333333333333333
0.18181818181818182
0.2777777777777778
0.23076923076923078
0.3
0.14285714285714285
0.3333333333333333
0.0
0.25
0.3333333333333333
0.5
0.25
0.23333333333333334
0.21739130434782608
0.3611111111111111
0.21739130434782608
0.3333333333333333
0.08333333333333333
0.0
0.36363636363636365
0.42857142857142855
0.25
0.3333333333333333
0.0
0.5
0.25
0.25
0.3111111111111111
0.16129032258064516
0.3076923076923077
0.2777777777777778
0.3076923076923077
0.3333333333333333
0.0
0.16666666666666666
0.4
0.0
0.3333333333333333
0.5
0.25
0.2833333333333333
0.27906976744186046
0.2903225806451613
0.2727272727272727
0.25
0.25
0.3333333333333333
0.16666666666666666
0.0
0.4
0.3333333333333333
0.0
0.5
0.25
0.25
0.2222222222222222
0.22857142857142856
0.07407407407407407
0.28
0.2222222222222222
0.21428571428571427
0.18181818181818182
0.2222222222222222
0.2857142857142857
0.2
0.25
0.6666666666666666
0.25
0.26666666666666666
0.2727272727272727
0.3125
0.2727272727272727
0.25
0.16666666666666666
0.3
0.5714285714285714
0.3333333333333333
0.5
0.25
0.25
0.28888888888888886
0.3125
0.3181818181818182
0.2
0.16666666666666666
0.1
0.3333333333333333
0.16666666666666666
0.2
0.0
0.25
0.0
0.0
0.0
0.0
0.3333333333333333
0.0
0.0
0.0
0.0
0.5
0.25
0.23333333333333334
0.2608695652173913
0.3235294117647059
0.30434782608695654
0.375
0.4
0.16666666666666666
0.2
0.25
0.0
0.0
0.0
0.0
0.6666666666666666
0.25
0.25
0.26666666666666666
0.2727272727272727
0.2916666666666667
0.29411764705882354
0.3333333333333333
0.375
0.4
0.3333333333333333
1.0
0.25
0.25
0.26666666666666666
0.30303030303030304
0.2608695652173913
0.23529411764705882
0.3076923076923077
0.2222222222222222
0.0
0.42857142857142855
0.5
0.0
0.0
0.0
0.5
0.25
0.26666666666666666
0.25
0.18181818181818182
0.2222222222222222
0.47619047619047616
0.09090909090909091
0.4
0.6666666666666666
0.5
0.25
0.21666666666666667
0.2127659574468085
0.21621621621621623
0.2413793103448276
0.3181818181818182
0.2
0.25
0.2222222222222222
0.2857142857142857
0.2
0.25
0.3333333333333333
0.0
0.0
0.0
0.0
1.0
0.25
0.25
0.28888888888888886
0.21875
0.16
0.2857142857142857
0.2
0.4166666666666667
0.0
0.14285714285714285
0.3333333333333333
0.25
0.3333333333333333
0.0
0.5
0.25
0.23333333333333334
0.1956521739130435
0.2702702702702703
0.2222222222222222
0.42857142857142855
0.16666666666666666
0.4
0.16666666666666666
0.0
0.4
0.6666666666666666
0.25
0.2
0.3125
0.30303030303030304
0.2608695652173913
0.11764705882352941
0.26666666666666666
0.18181818181818182
0.1111111111111111
0.25
0.16666666666666666
0.2
0.5
0.0
0.5
0.25
0.26666666666666666
0.2727272727272727
0.1875
0.23076923076923078
0.15
0.17647058823529413
0.21428571428571427
0.2727272727272727
0.375
0.2
0.25
0.3333333333333333
0.0
0.5
0.25
0.26666666666666666
0.29545454545454547
0.2903225806451613
0.13636363636363635
0.3157894736842105
0.23076923076923078
0.4
0.5
0.3333333333333333
0.0
0.0
0.0
0.0
0.0
0.5
0.25
0.23333333333333334
0.17391304347826086
0.2894736842105263
0.25925925925925924
0.4
0.3333333333333333
0.375
0.4
0.3333333333333333
0.5
0.25
0.23333333333333334
0.2608695652173913
0.20588235294117646
0.18518518518518517
0.2727272727272727
0.25
0.16666666666666666
0.3
0.42857142857142855
0.0
0.5
0.0
0.0
0.0
0.0
0.5
0.25
0.23333333333333334
0.2608695652173913
0.3235294117647059
0.21739130434782608
0.3888888888888889
0.5454545454545454
0.4
0.3333333333333333
0.0
0.0
0.0
0.0
0.5
0.25
0.21666666666666667
0.2978723404255319
0.2727272727272727
0.16666666666666666
0.25
0.2
0.16666666666666666
0.1
0.4444444444444444
0.0
0.0
0.4
0.3333333333333333
0.0
0.0
0.5
0.25
0.21666666666666667
0.2127659574468085
0.2972972972972973
0.2692307692307692
0.3684210526315789
0.4166666666666667
0.2857142857142857
0.4
0.3333333333333333
0.0
0.5
0.25
0.18333333333333332
0.1836734693877551
0.25
0.23333333333333334
0.17391304347826086
0.21052631578947367
0.4
0.1111111111111111
0.0
0.125
0.14285714285714285
0.0
0.16666666666666666
0.2
0.0
0.5
0.0
0.0
0.5
0.25
0.25
0.24444444444444444
0.29411764705882354
0.3333333333333333
0.3125
0.36363636363636365
0.2857142857142857
0.2
0.0
0.5
0.0
0.0
0.0
0.0
0.0
0.5
0.25
0.23333333333333334
0.2391304347826087
0.17142857142857143
0.1724137931034483
0.3333333333333333
0.3125
0.5454545454545454
0.6
0.5
0.25
0.26666666666666666
0.2727272727272727
0.25
0.2916666666666667
0.23529411764705882
0.07692307692307693
0.4166666666666667
0.42857142857142855
0.25
0.6666666666666666
0.25
0.25
0.26666666666666666
0.21212121212121213
0.19230769230769232
0.3333333333333333
0.35714285714285715
0.2222222222222222
0.42857142857142855
0.25
0.6666666666666666
0.25
0.26666666666666666
0.25
0.30303030303030304
0.2608695652173913
0.23529411764705882
0.38461538461538464
0.5
0.25
0.3333333333333333
0.0
0.5
0.25
0.21666666666666667
0.2765957446808511
0.17647058823529413
0.2857142857142857
0.2
0.3125
0.18181818181818182
0.1111111111111111
0.375
0.2
0.25
0.3333333333333333
0.0
0.5
0.25
0.2833333333333333
0.2558139534883721
0.1875
0.3076923076923077
0.2222222222222222
0.21428571428571427
0.09090909090909091
0.4
0.3333333333333333
0.0
0.25
0.0
0.0
0.0
0.0
0.3333333333333333
0.0
0.5
0.25
0.23333333333333334
0.2826086956521739
0.24242424242424243
0.28
0.4444444444444444
0.2
0.25
0.3333333333333333
0.5
0.0
0.0
1.0
0.25
0.25
0.24444444444444444
0.17647058823529413
0.25
0.23809523809523808
0.3125
0.36363636363636365
0.2857142857142857
0.2
0.25
0.6666666666666666
0.25
0.26666666666666666
0.2727272727272727
0.28125
0.2608695652173913
0.29411764705882354
0.08333333333333333
0.2727272727272727
0.375
0.4
0.0
0.0
0.0
0.6666666666666666
0.25
0.21666666666666667
0.19148936170212766
0.23684210526315788
0.06896551724137931
0.2962962962962963
0.3684210526315789
0.16666666666666666
0.2
0.375
0.0
0.0
0.0
0.6
0.5
0.25
0.25
0.17777777777777778
0.24324324324324326
0.17857142857142858
0.13043478260869565
0.2
0.3125
0.09090909090909091
0.5
0.0
0.4
0.3333333333333333
0.0
0.0
0.0
0.5
0.25
0.23333333333333334
0.2826086956521739
0.30303030303030304
0.21739130434782608
0.0
0.2777777777777778
0.07692307692307693
0.3333333333333333
0.25
0.16666666666666666
0.2
0.25
0.0
0.3333333333333333
0.5
0.25
0.23333333333333334
0.2608695652173913
0.35294117647058826
0.2727272727272727
0.3125
0.36363636363636365
0.0
0.2857142857142857
0.2
0.25
0.3333333333333333
0.0
0.0
0.5
0.25
0.23333333333333334
0.21739130434782608
0.2222222222222222
0.25
0.2857142857142857
0.3333333333333333
0.6
0.0
0.25
0.0
0.0
0.0
0.0
0.3333333333333333
0.5
0.25
0.25
0.24444444444444444
0.2647058823529412
0.36
0.125
0.14285714285714285
0.3333333333333333
0.25
0.16666666666666666
0.2
0.0
0.5
0.5
0.25
0.25
0.28888888888888886
0.21875
0.28
0.2222222222222222
0.2857142857142857
0.4
0.0
0.16666666666666666
0.4
0.3333333333333333
0.0
0.5
0.25
0.25
0.2222222222222222
0.3142857142857143
0.20833333333333334
0.2631578947368421
0.5
0.14285714285714285
0.3333333333333333
0.25
0.3333333333333333
0.5
0.25
0.2833333333333333
0.23255813953488372
0.2727272727272727
0.2916666666666667
0.11764705882352941
0.26666666666666666
0.45454545454545453
0.16666666666666666
0.2
0.0
0.75
0.25
0.21666666666666667
0.2553191489361702
0.22857142857142856
0.18518518518518517
0.18181818181818182
0.2222222222222222
0.21428571428571427
0.45454545454545453
0.16666666666666666
0.2
0.25
0.0
0.0
0.6666666666666666
0.25
0.21666666666666667
0.2765957446808511
0.29411764705882354
0.16666666666666666
0.25
0.2
0.5
0.3333333333333333
0.0
0.25
0.3333333333333333
0.0
0.5
0.25
