Overall Mean: 0.29982698961937715
1.0
0.9
0.65
0.4
0.2
0.3
0.25
0.1
0.1
0.0
0.05
1.0
0.75
0.65
0.4
0.15
0.3
0.25
0.15
0.1
0.1
0.05
0.05
1.0
0.65
0.7
0.5
0.1
0.3
0.15
0.1
0.05
0.1
0.2
0.0
0.0
0.1
1.0
0.7
0.6
0.35
0.3
0.2
0.3
0.15
0.1
0.05
0.0
0.05
0.0
0.1
0.0
0.0
0.05
1.0
0.65
0.55
0.25
0.4
0.3
0.15
0.25
0.05
0.15
0.05
0.05
0.05
0.0
0.05
1.0
0.8
0.5
0.25
0.5
0.25
0.05
0.1
0.1
0.15
0.1
0.05
0.05
0.1
1.0
0.95
0.5
0.4
0.25
0.25
0.15
0.2
0.1
0.0
0.1
0.05
1.0
0.7
0.7
0.4
0.5
0.1
0.1
0.2
0.2
0.0
0.05
1.0
0.7
0.55
0.55
0.25
0.15
0.25
0.15
0.0
0.1
0.15
0.05
0.0
0.1
1.0
0.75
0.75
0.45
0.1
0.2
0.2
0.05
0.15
0.2
0.1
1.0
0.7
0.55
0.5
0.25
0.2
0.15
0.35
0.05
0.05
0.05
0.05
0.0
0.0
0.0
0.05
1.0
0.55
0.55
0.4
0.4
0.45
0.05
0.1
0.2
0.1
0.1
0.0
0.05
1.0
0.8
0.5
0.5
0.15
0.4
0.15
0.05
0.2
0.1
0.05
0.0
0.05
1.0
0.8
0.5
0.5
0.3
0.35
0.15
0.0
0.05
0.05
0.0
0.1
0.05
0.05
0.05
1.0
0.75
0.6
0.55
0.4
0.15
0.25
0.15
0.05
0.0
0.05
1.0
0.7
0.65
0.35
0.25
0.3
0.2
0.1
0.05
0.15
0.05
0.05
0.0
0.1
1.0
0.75
0.35
0.55
0.35
0.35
0.1
0.2
0.1
0.05
0.05
0.0
0.15
1.0
0.75
0.55
0.55
0.35
0.2
0.1
0.15
0.2
0.0
0.0
0.05
0.0
0.0
0.0
0.0
0.0
0.05
1.0
0.9
0.6
0.45
0.3
0.2
0.0
0.2
0.05
0.15
0.1
1.0
0.8
0.25
0.5
0.5
0.35
0.15
0.1
0.1
0.1
0.0
0.05
0.05
1.0
0.75
0.75
0.3
0.3
0.2
0.15
0.05
0.05
0.15
0.1
0.1
0.05
1.0
0.65
0.5
0.4
0.35
0.3
0.2
0.15
