Overall Mean: 40.482733333333336
35.35
30.35
37.6
39.5
38.35
42.95
44.05
39.8
44.3
49.6
41.95
36.45
47.3
41.25
43.15
45.85
39.05
37.4
44.8
38.95
34.95
40.1
37.15
33.65
43.05
43.75
38.9
38.05
38.25
37.05
43.9
33.85
48.3
39.1
36.35
46.4
43.05
43.9
27.8
43.05
38.15
35.7
44.1
46.4
42.45
44.9
36.4
38.85
41.9
37.45
38.45
41.95
40.95
32.85
37.75
42.45
37.35
36.9
39.9
45.95
41.1
32.05
39.7
43.05
41.65
35.75
36.05
44.85
39.95
43.65
46.85
44.5
45.1
45.95
37.8
36.85
42.3
41.8
43.75
42.95
38.8
36.3
47.85
36.65
38.25
41.95
38.3
41.55
40.5
38.35
30.2
41.8
35.3
43.05
42.75
38.55
44.15
40.8
40.4
44.95
31.75
35.25
44.0
44.25
49.4
45.65
46.25
40.7
40.25
42.95
39.25
33.15
36.2
42.1
42.4
46.6
42.0
41.5
36.8
41.85
40.1
39.7
32.2
48.5
39.5
41.65
46.0
36.5
44.9
38.5
34.95
44.7
37.0
39.2
31.2
35.3
47.35
40.5
42.55
45.5
45.7
51.15
35.9
47.85
43.55
40.65
38.25
44.0
45.55
41.65
39.5
39.1
35.95
39.7
39.8
43.95
36.05
46.05
35.75
31.0
44.25
44.3
40.1
43.6
33.9
33.9
41.2
47.1
46.1
39.8
39.65
31.15
42.1
40.85
35.45
39.45
40.75
31.75
43.55
35.55
43.6
43.65
39.75
46.55
46.35
45.65
43.4
43.6
47.45
44.85
44.15
40.3
44.3
38.25
44.65
34.8
39.1
46.7
41.4
42.8
42.05
38.5
33.8
43.45
45.85
37.3
52.8
42.95
48.3
39.05
42.4
40.8
47.75
36.75
39.85
38.2
36.35
35.5
40.25
42.7
41.35
41.8
32.05
42.05
43.15
29.2
34.8
44.45
40.7
42.0
41.7
39.1
40.0
51.7
37.3
43.1
37.6
34.35
41.3
40.2
49.0
51.55
39.8
49.0
38.7
37.85
45.55
46.3
49.35
43.0
36.1
39.1
44.1
39.85
34.65
48.85
32.55
34.7
34.25
43.65
31.55
40.9
45.8
49.7
40.45
32.05
36.6
50.65
42.95
33.05
40.9
49.45
43.25
42.2
37.0
45.8
47.45
42.35
27.8
40.95
39.5
44.2
39.45
45.15
36.8
38.15
35.5
44.05
42.7
36.15
36.6
39.65
39.25
32.5
42.15
43.55
47.65
42.5
47.65
40.4
35.55
45.85
39.0
39.5
44.0
38.4
38.05
29.05
34.9
39.6
46.15
38.8
43.85
43.8
44.1
38.25
43.9
40.55
35.15
42.25
36.95
37.65
36.55
44.05
42.45
49.55
29.1
38.25
39.9
34.35
44.9
40.15
30.9
46.75
45.75
34.1
39.55
39.65
39.4
40.8
47.9
40.15
42.2
39.8
39.95
41.8
46.15
42.15
44.85
31.15
41.05
30.8
44.05
37.3
35.5
40.0
42.2
42.7
41.55
31.85
38.15
40.8
40.75
42.3
40.25
40.4
50.0
49.3
44.6
40.25
41.35
41.75
49.15
42.15
47.9
37.4
42.25
41.0
39.4
42.35
39.85
38.55
45.75
43.15
40.85
44.2
46.65
44.55
50.7
39.4
44.55
35.0
43.1
45.75
35.85
42.35
44.2
35.35
46.55
40.0
29.15
41.9
38.45
45.15
47.6
44.7
40.85
48.2
40.15
40.85
37.85
44.85
44.8
34.65
31.2
45.5
38.45
39.75
37.9
46.1
35.45
45.9
33.7
43.0
38.3
46.8
37.65
45.3
45.6
36.8
38.5
43.25
41.5
35.35
47.2
40.8
41.65
40.45
41.6
37.9
39.2
44.9
46.05
36.85
45.95
43.0
45.2
38.5
35.05
42.35
41.35
44.2
36.2
42.6
49.5
32.5
38.5
39.9
37.95
38.35
37.05
37.45
36.35
42.05
43.7
41.2
45.25
34.75
43.0
43.1
49.35
36.6
43.75
40.45
48.35
44.15
40.05
37.95
41.2
43.05
43.7
40.05
41.65
45.4
42.5
42.75
44.0
40.3
47.85
32.9
37.75
47.25
40.5
40.35
43.95
28.95
38.05
46.9
39.6
40.35
38.5
45.55
38.15
49.1
40.4
35.3
38.1
46.4
42.1
43.2
47.0
39.2
45.9
45.0
34.65
50.55
35.95
40.75
35.2
38.6
42.25
42.95
35.75
41.35
51.55
33.3
42.75
48.05
36.15
48.4
42.95
41.35
38.05
38.2
45.9
37.35
42.7
37.15
50.65
49.2
34.15
40.1
42.15
44.6
40.45
37.1
36.45
39.5
40.35
43.9
30.75
37.75
38.5
43.6
42.05
39.85
44.55
43.7
42.75
40.95
37.25
40.55
37.95
32.3
39.9
44.65
44.2
36.65
33.2
40.1
35.65
42.05
50.5
31.95
41.6
38.3
39.2
42.35
45.8
46.25
42.95
36.25
41.4
40.2
42.35
42.95
41.4
36.15
37.3
34.2
38.05
41.0
45.2
42.95
46.05
46.65
38.0
39.9
46.0
40.2
37.65
34.5
32.45
36.85
35.2
30.2
52.4
41.35
47.45
43.35
40.75
36.8
44.95
37.75
43.2
39.9
39.95
37.45
40.6
37.75
32.9
46.05
40.7
31.5
36.65
48.0
47.05
46.45
46.2
38.85
48.35
41.8
41.8
41.5
30.35
40.45
39.4
39.9
45.4
39.05
42.65
38.3
47.35
40.35
43.55
34.4
47.1
37.65
38.25
37.65
35.8
37.25
32.3
40.9
34.55
37.45
35.75
36.2
47.55
45.0
38.0
36.65
36.1
41.05
45.3
41.95
33.75
39.85
31.3
44.95
38.7
34.95
37.15
41.0
44.85
47.0
51.0
35.3
36.55
44.0
48.85
38.4
37.15
41.6
43.2
39.65
33.65
40.8
42.75
44.65
44.85
35.9
29.65
41.6
36.75
45.35
44.7
40.7
48.1
42.05
41.55
42.1
36.4
34.95
39.2
36.6
35.35
45.55
42.3
34.9
41.5
41.8
40.3
47.45
37.7
38.15
48.45
36.3
44.8
45.0
40.2
38.0
35.5
49.0
45.8
40.95
38.75
38.25
39.6
45.7
46.15
38.15
40.35
36.8
37.3
44.3
37.2
43.35
42.0
36.55
37.7
43.15
44.05
34.8
46.4
34.4
43.65
29.0
42.35
36.0
42.15
45.9
40.85
40.45
43.6
34.2
39.0
34.5
51.3
39.9
40.8
39.1
35.8
40.05
44.6
44.65
31.85
40.7
37.35
37.3
44.6
34.6
48.15
46.85
31.4
41.15
41.75
34.4
44.3
43.8
45.0
41.75
37.0
44.8
35.55
32.4
44.4
40.95
38.2
44.85
50.65
33.1
41.85
37.1
32.65
37.55
40.5
35.7
46.85
44.1
37.95
45.2
35.7
42.05
45.35
41.2
42.6
30.95
39.55
35.85
43.6
37.8
42.0
42.5
45.7
38.65
35.5
43.6
43.0
42.75
51.5
37.9
41.0
39.55
37.3
37.1
34.7
46.65
44.1
41.05
40.75
32.7
34.25
47.05
41.45
40.8
37.1
36.3
41.4
41.7
45.25
47.0
41.2
37.7
39.15
38.3
35.6
32.7
45.7
41.4
43.9
41.75
45.65
38.3
32.25
40.2
43.9
45.25
29.75
43.15
43.7
36.95
46.9
41.55
30.75
30.75
45.1
46.65
39.4
37.25
41.85
34.6
39.1
40.7
35.75
43.0
35.2
41.75
44.85
41.3
37.7
46.15
35.7
34.35
41.4
34.1
42.8
37.8
37.25
41.95
30.5
39.1
33.0
44.1
44.15
33.1
34.95
42.1
37.05
44.65
43.9
43.9
38.65
36.6
39.95
38.7
45.45
33.5
43.7
40.6
49.35
36.6
37.3
38.1
35.35
48.4
36.3
46.05
32.8
41.8
35.35
36.45
37.4
42.65
43.75
38.8
39.4
37.65
42.65
46.9
42.15
40.15
44.35
41.25
41.8
39.0
40.05
47.0
45.95
36.95
37.15
41.35
35.85
41.55
44.55
38.8
37.65
37.85
33.6
37.9
37.5
35.95
38.55
52.75
38.65
46.55
37.45
36.65
38.1
47.55
26.45
36.05
41.25
38.1
45.0
38.05
51.1
38.75
35.4
41.8
36.75
36.75
38.75
41.7
38.8
43.2
45.05
36.9
41.6
40.2
42.75
36.75
38.45
35.3
42.65
37.2
38.05
37.2
45.05
35.55
43.25
36.15
38.2
41.2
27.9
44.9
35.2
45.35
43.55
36.25
36.8
40.65
34.6
44.4
40.6
36.15
40.65
40.55
41.85
39.45
35.45
30.6
38.65
40.65
43.7
38.0
46.3
44.85
49.0
39.7
30.9
41.6
43.3
33.15
49.7
45.75
38.6
38.8
30.05
38.2
39.5
47.2
43.9
34.1
45.4
48.25
39.45
47.0
41.5
39.85
34.1
39.9
41.75
39.75
28.95
44.05
51.3
38.6
41.95
41.15
50.35
40.55
39.9
38.7
48.6
36.7
41.4
48.15
38.0
49.4
44.0
46.9
43.4
39.1
38.35
40.1
34.8
48.85
41.5
37.1
40.15
45.15
42.55
43.55
36.7
30.6
34.1
45.1
28.25
33.35
38.55
40.7
41.6
34.75
39.8
40.0
37.6
47.35
40.7
43.4
37.05
32.85
40.45
39.0
32.9
31.05
39.95
39.05
34.6
48.45
40.9
42.95
35.45
37.25
39.4
36.85
41.85
43.8
45.55
39.05
33.95
43.2
44.8
34.75
36.55
46.05
35.85
44.0
40.1
35.05
30.55
44.75
41.75
36.75
44.8
34.15
41.95
40.15
39.95
48.75
36.3
43.45
42.35
45.2
41.25
44.5
43.55
40.05
50.35
44.1
38.2
46.05
39.3
34.95
42.65
40.95
31.55
39.65
41.75
41.7
33.6
33.1
40.05
39.35
36.7
47.75
40.1
38.7
34.3
46.65
34.6
39.95
42.5
39.35
42.45
39.45
37.1
43.7
44.5
42.9
38.0
49.95
38.4
44.5
42.6
47.5
45.75
37.8
49.7
38.9
34.5
39.6
43.4
39.45
41.85
46.8
40.1
40.3
42.9
34.95
39.7
41.35
40.4
40.5
45.55
40.8
39.05
43.05
32.5
40.55
35.4
39.15
39.2
38.75
41.75
34.75
48.2
34.55
40.0
46.25
43.2
31.95
32.1
38.05
45.3
42.7
38.15
43.6
45.05
44.5
43.5
33.1
38.65
41.5
36.4
48.0
41.15
37.75
46.5
38.3
40.9
46.15
42.15
44.15
35.2
37.45
37.8
45.2
41.3
32.0
40.8
45.1
43.8
40.55
34.7
37.65
33.85
41.6
39.5
29.8
34.1
34.95
47.2
39.3
38.0
42.55
42.3
36.3
38.55
46.05
51.05
39.1
39.35
42.3
42.25
40.25
31.0
41.75
39.1
44.05
35.95
48.15
41.0
44.8
34.0
40.85
39.05
33.1
35.5
44.4
41.65
40.9
41.3
42.25
34.05
41.75
47.55
45.4
37.05
45.7
34.15
42.35
44.2
38.55
39.75
38.7
35.25
49.05
37.8
31.1
35.15
38.15
31.65
41.05
41.4
40.3
47.95
41.95
37.95
37.5
43.35
36.9
40.9
40.75
31.7
43.35
38.15
35.2
37.65
46.75
42.8
33.65
37.2
37.75
39.75
35.05
34.2
44.0
43.15
43.2
38.9
41.05
39.05
37.35
41.95
36.2
47.1
39.3
36.8
37.6
42.45
45.2
45.45
35.7
28.6
38.15
42.65
43.6
32.75
42.05
38.75
38.15
38.6
47.0
34.0
46.65
43.85
44.3
32.3
40.55
36.9
31.05
47.85
51.05
43.5
47.0
35.2
40.1
43.7
43.95
41.65
48.35
41.5
47.55
42.25
40.7
41.65
34.2
40.75
41.65
44.6
38.4
47.5
38.75
38.95
42.35
36.0
38.4
41.85
48.35
47.25
42.2
47.05
36.05
43.95
44.1
44.85
39.2
38.15
50.2
40.3
42.3
43.9
38.05
38.75
35.85
46.0
40.0
40.1
42.05
42.2
35.1
33.15
39.35
39.45
45.15
39.95
44.0
32.45
40.9
44.15
32.45
31.95
37.05
43.7
46.95
36.1
47.45
39.0
36.2
30.2
45.15
41.3
42.05
42.35
40.7
36.75
37.05
39.95
43.15
38.9
28.8
40.15
39.5
39.9
40.25
50.45
38.45
45.15
41.55
34.3
33.95
45.55
41.45
30.7
38.05
30.3
45.65
42.05
43.05
46.95
36.1
35.8
33.8
35.1
43.4
31.25
36.95
43.6
47.65
42.05
42.45
44.05
45.85
33.15
36.25
37.6
37.6
36.5
38.1
45.15
42.0
47.9
41.1
40.3
39.85
41.35
36.0
42.5
38.9
45.25
40.9
38.35
43.65
32.4
38.35
43.25
37.9
37.05
41.5
