Overall Mean: 9.604982206405694
9
11
10
8
9
9
11
9
9
9
11
9
8
10
9
8
10
9
8
10
8
10
8
9
9
9
8
10
9
10
11
9
8
8
8
8
11
9
9
8
9
10
13
12
7
8
8
9
12
8
9
11
8
7
9
11
10
9
8
12
12
9
10
9
11
8
11
8
12
10
7
8
10
10
9
9
10
8
11
10
11
9
9
10
7
9
11
9
9
9
12
8
9
12
13
10
11
11
10
7
12
7
9
8
10
8
10
9
8
9
10
10
9
11
10
10
7
11
13
8
7
10
8
13
8
8
11
12
9
9
13
10
11
12
9
10
8
9
10
12
8
11
14
11
9
14
8
10
10
8
13
9
9
10
9
9
10
9
10
10
7
10
12
10
9
10
10
10
11
9
10
10
8
16
10
8
10
10
11
13
10
6
9
8
9
11
11
9
9
10
8
9
10
10
11
8
9
11
8
10
8
10
11
9
9
8
8
8
9
10
9
12
11
10
9
8
9
9
9
9
9
10
11
11
11
9
13
10
9
11
8
9
9
12
11
10
12
7
8
10
9
10
9
10
10
11
8
10
9
7
9
13
11
11
10
10
10
9
9
9
9
10
10
8
9
11
11
10
9
9
8
9
9
10
10
10
10
11
7
8
10
