Overall Mean: 0.24871049928248498
0.2962962962962963
0.21739130434782608
0.2962962962962963
0.32
0.2727272727272727
0.18181818181818182
0.20833333333333334
0.16
0.2222222222222222
0.27586206896551724
0.3448275862068966
0.20833333333333334
0.375
0.23809523809523808
0.2692307692307692
0.2608695652173913
0.3076923076923077
0.2916666666666667
0.19230769230769232
0.375
0.2608695652173913
0.2727272727272727
0.125
0.23076923076923078
0.24
0.23076923076923078
0.25
0.2857142857142857
0.3103448275862069
0.21739130434782608
0.3333333333333333
0.38461538461538464
0.2608695652173913
0.4090909090909091
0.19047619047619047
0.37037037037037035
0.30434782608695654
0.18181818181818182
0.2222222222222222
0.08695652173913043
0.35714285714285715
0.3076923076923077
0.18181818181818182
0.3333333333333333
0.2916666666666667
0.4230769230769231
0.23809523809523808
0.18181818181818182
0.20833333333333334
0.17391304347826086
0.36
0.38461538461538464
0.2
0.22727272727272727
0.3333333333333333
0.3076923076923077
0.2916666666666667
0.18181818181818182
0.32
0.3076923076923077
0.2608695652173913
0.25
0.20833333333333334
0.2
0.23076923076923078
0.3793103448275862
0.16666666666666666
0.25
0.25
0.2916666666666667
0.25
0.2
0.21428571428571427
0.2857142857142857
0.25
0.16666666666666666
0.1111111111111111
0.22580645161290322
0.25
0.17857142857142858
0.3448275862068966
0.17391304347826086
0.11538461538461539
0.2857142857142857
0.3076923076923077
0.2916666666666667
0.21739130434782608
0.28
0.16
0.3076923076923077
0.2916666666666667
0.11538461538461539
0.25925925925925924
0.23333333333333334
0.17857142857142858
0.27586206896551724
0.3333333333333333
0.4074074074074074
0.14285714285714285
0.2727272727272727
0.19230769230769232
0.125
0.27586206896551724
0.2903225806451613
0.19230769230769232
0.3076923076923077
0.20833333333333334
0.2692307692307692
0.16666666666666666
0.23076923076923078
0.2692307692307692
0.13043478260869565
0.27586206896551724
0.3103448275862069
0.36
0.30434782608695654
0.2916666666666667
0.2608695652173913
0.3076923076923077
0.17391304347826086
0.28
0.3333333333333333
0.14285714285714285
0.2916666666666667
0.13043478260869565
0.3076923076923077
0.3076923076923077
0.25
0.24
0.19230769230769232
0.28
0.3333333333333333
0.21739130434782608
0.2692307692307692
0.3333333333333333
0.3333333333333333
0.2727272727272727
0.18181818181818182
0.3333333333333333
0.24
0.25
0.2
0.2
0.32142857142857145
0.25925925925925924
0.34615384615384615
0.36363636363636365
0.16666666666666666
0.15
0.3333333333333333
0.2692307692307692
0.2916666666666667
0.2
0.21739130434782608
0.24
0.2857142857142857
0.23076923076923078
0.3333333333333333
0.42857142857142855
0.3333333333333333
0.24
0.32
0.3333333333333333
0.36363636363636365
0.15
0.2916666666666667
0.30434782608695654
0.35
0.19047619047619047
0.14814814814814814
0.2903225806451613
0.2857142857142857
0.19230769230769232
0.32142857142857145
0.25
0.3333333333333333
0.28
0.23076923076923078
0.2916666666666667
0.19230769230769232
0.15384615384615385
0.23333333333333334
0.3448275862068966
0.18518518518518517
0.2962962962962963
0.2608695652173913
0.2608695652173913
0.22727272727272727
0.30434782608695654
0.17391304347826086
0.27586206896551724
0.39285714285714285
0.2608695652173913
0.2
0.2857142857142857
0.2916666666666667
0.28
0.20833333333333334
0.2916666666666667
0.18181818181818182
0.25
0.2608695652173913
0.14814814814814814
0.1724137931034483
0.2
0.18518518518518517
0.1111111111111111
0.27586206896551724
0.21428571428571427
0.3333333333333333
0.2916666666666667
0.2608695652173913
0.3333333333333333
0.24
0.19230769230769232
0.3076923076923077
0.18181818181818182
0.2916666666666667
0.17391304347826086
0.36
0.21739130434782608
0.25925925925925924
0.3076923076923077
0.2
0.15384615384615385
0.23076923076923078
0.2222222222222222
0.35714285714285715
0.2
0.28
0.4230769230769231
0.2857142857142857
0.10526315789473684
0.34782608695652173
0.32
0.2857142857142857
0.19230769230769232
0.07692307692307693
0.1935483870967742
0.3448275862068966
0.3076923076923077
0.12
0.3333333333333333
0.36
0.19230769230769232
0.21739130434782608
0.18518518518518517
0.2857142857142857
0.4166666666666667
0.20833333333333334
0.24
0.28
0.16666666666666666
0.21428571428571427
0.2
0.25
0.2
0.23076923076923078
0.3333333333333333
0.2608695652173913
0.14814814814814814
0.23333333333333334
0.23076923076923078
0.25
0.22580645161290322
0.3448275862068966
0.21739130434782608
0.4230769230769231
0.3
0.22727272727272727
0.32
0.22727272727272727
0.18518518518518517
0.21428571428571427
0.27586206896551724
0.18518518518518517
0.18518518518518517
0.28
0.25925925925925924
0.24
0.3333333333333333
0.30434782608695654
0.24
0.4230769230769231
0.34782608695652173
0.2631578947368421
0.28
0.3076923076923077
0.08333333333333333
0.34615384615384615
0.23076923076923078
0.2
0.24
0.23076923076923078
0.2962962962962963
0.2916666666666667
0.24
0.23076923076923078
0.18518518518518517
0.18518518518518517
0.1111111111111111
0.3125
0.3333333333333333
0.22727272727272727
0.2608695652173913
0.22727272727272727
0.24
0.16666666666666666
0.2962962962962963
0.2608695652173913
0.13043478260869565
0.36
0.22727272727272727
0.2692307692307692
0.2
0.24
0.15384615384615385
0.23333333333333334
0.25
0.3076923076923077
0.12
0.2222222222222222
0.4074074074074074
0.19047619047619047
0.3076923076923077
0.20833333333333334
0.20689655172413793
0.14814814814814814
0.10714285714285714
0.24242424242424243
0.25
0.2222222222222222
0.125
0.39285714285714285
0.2857142857142857
0.30434782608695654
0.21739130434782608
0.19230769230769232
0.32142857142857145
0.30434782608695654
0.3181818181818182
0.17391304347826086
0.38461538461538464
0.2857142857142857
0.23809523809523808
0.125
0.2
0.13793103448275862
0.3333333333333333
0.16666666666666666
0.36
0.25
0.25
0.2916666666666667
0.2962962962962963
0.18518518518518517
0.25
0.25
0.24
0.22727272727272727
0.34782608695652173
0.17391304347826086
0.25925925925925924
0.3333333333333333
0.22727272727272727
0.2
0.3333333333333333
0.15
0.36363636363636365
0.2857142857142857
0.13043478260869565
0.13793103448275862
0.09090909090909091
0.2
0.30303030303030304
0.2962962962962963
0.24
0.1111111111111111
0.2692307692307692
0.2608695652173913
0.17391304347826086
0.24
0.24
0.21739130434782608
0.16666666666666666
0.3870967741935484
0.20833333333333334
0.24
0.08
0.17857142857142858
0.23333333333333334
0.3448275862068966
0.25
0.34782608695652173
0.15
0.16
0.25
0.2
0.2222222222222222
0.3333333333333333
0.2608695652173913
0.3181818181818182
0.34782608695652173
0.34782608695652173
0.16666666666666666
0.391304347826087
0.3333333333333333
0.3181818181818182
0.17391304347826086
0.3
0.2
0.20833333333333334
0.18518518518518517
0.3
0.2692307692307692
0.28
0.19230769230769232
0.25
0.2916666666666667
0.2692307692307692
0.25
0.30434782608695654
0.21739130434782608
0.2222222222222222
0.2222222222222222
0.32
0.2916666666666667
0.16666666666666666
0.22727272727272727
0.30434782608695654
0.24
0.25925925925925924
0.19230769230769232
0.25925925925925924
0.28
0.2727272727272727
0.0
0.24242424242424243
0.2857142857142857
0.32142857142857145
0.17391304347826086
0.2692307692307692
0.24
0.24
0.2
0.2
0.19230769230769232
0.26666666666666666
0.18518518518518517
0.23333333333333334
0.3103448275862069
0.2692307692307692
0.3181818181818182
0.25
0.18181818181818182
0.3181818181818182
0.36
0.25
0.4444444444444444
0.18181818181818182
0.3181818181818182
0.2727272727272727
0.13043478260869565
0.44
0.25
0.2727272727272727
0.30434782608695654
0.25
0.30434782608695654
0.25
0.32
0.24
0.25925925925925924
0.2962962962962963
0.16666666666666666
0.25925925925925924
0.16
0.2692307692307692
0.44
0.13636363636363635
0.21739130434782608
0.16
0.25
0.15384615384615385
0.2903225806451613
0.28
0.18181818181818182
0.2692307692307692
0.15384615384615385
0.25925925925925924
0.17857142857142858
0.14814814814814814
0.28
0.20833333333333334
0.36
0.25
0.17391304347826086
0.3076923076923077
0.08333333333333333
0.34615384615384615
0.25
0.17391304347826086
0.2692307692307692
0.28
0.28
0.2
0.23076923076923078
0.24
0.2962962962962963
0.2857142857142857
0.2222222222222222
0.28
0.3333333333333333
0.18181818181818182
0.4090909090909091
0.19047619047619047
0.2916666666666667
0.2608695652173913
0.2608695652173913
0.2222222222222222
0.18518518518518517
0.24
0.2
0.20689655172413793
0.35714285714285715
0.21739130434782608
0.2
0.19230769230769232
0.26666666666666666
0.24
0.28
0.25
0.2
0.14814814814814814
0.26666666666666666
0.4
0.23529411764705882
0.15
0.2692307692307692
0.3076923076923077
0.2608695652173913
0.25
0.18181818181818182
0.23076923076923078
0.3333333333333333
0.4230769230769231
0.43478260869565216
0.35
0.19230769230769232
0.2692307692307692
0.2222222222222222
0.3333333333333333
0.4166666666666667
0.36363636363636365
0.21052631578947367
0.23076923076923078
0.20689655172413793
0.3333333333333333
0.25
0.2222222222222222
0.28
0.36
0.18181818181818182
0.17391304347826086
0.36
0.2
0.2222222222222222
0.2222222222222222
0.10344827586206896
0.3225806451612903
0.2962962962962963
0.25
0.2
0.32
0.21739130434782608
0.047619047619047616
0.2222222222222222
0.25925925925925924
0.21428571428571427
0.2
0.32142857142857145
0.24
0.2608695652173913
0.2608695652173913
0.23076923076923078
0.23333333333333334
0.23076923076923078
0.23076923076923078
0.25925925925925924
0.3333333333333333
0.125
0.08
0.13793103448275862
0.16666666666666666
0.21428571428571427
0.20833333333333334
0.18518518518518517
0.2692307692307692
0.21739130434782608
0.2916666666666667
0.12
0.3333333333333333
0.24
0.10714285714285714
0.16666666666666666
0.3103448275862069
0.16666666666666666
0.18518518518518517
0.20833333333333334
0.32
0.21739130434782608
0.2222222222222222
0.1724137931034483
0.16666666666666666
0.3
0.4
0.3
0.08333333333333333
0.14285714285714285
0.2
0.26666666666666666
0.25925925925925924
0.25
0.25
0.28
0.32142857142857145
0.12
0.3333333333333333
0.2857142857142857
0.32142857142857145
0.24
0.23076923076923078
0.23076923076923078
0.2608695652173913
0.4
0.38095238095238093
0.16666666666666666
0.20833333333333334
0.38461538461538464
0.18181818181818182
0.16
0.1935483870967742
0.17857142857142858
0.27586206896551724
0.21428571428571427
0.1111111111111111
0.2962962962962963
0.4
0.2608695652173913
0.17391304347826086
0.32
0.2916666666666667
0.2727272727272727
0.3076923076923077
0.30434782608695654
0.2916666666666667
0.23076923076923078
0.12
0.22580645161290322
0.25
0.26666666666666666
0.25
0.2692307692307692
0.16666666666666666
0.2692307692307692
0.14814814814814814
0.20689655172413793
0.07142857142857142
0.23333333333333334
0.2222222222222222
0.3333333333333333
0.2727272727272727
0.16
0.2692307692307692
0.32
0.24
0.32
0.18181818181818182
0.2916666666666667
0.30434782608695654
0.22727272727272727
0.2608695652173913
0.34782608695652173
0.13636363636363635
0.2413793103448276
0.16
0.32
0.2727272727272727
0.19230769230769232
0.24
0.17857142857142858
0.25
0.25
0.28
0.2692307692307692
0.19230769230769232
0.32
0.34782608695652173
0.18181818181818182
0.2222222222222222
0.34615384615384615
0.047619047619047616
0.2962962962962963
0.14814814814814814
0.2413793103448276
0.2222222222222222
0.15384615384615385
0.32
0.2916666666666667
0.16666666666666666
0.15384615384615385
0.1724137931034483
0.20689655172413793
0.13333333333333333
0.26666666666666666
0.21428571428571427
0.34615384615384615
0.2608695652173913
0.32
0.16666666666666666
0.2608695652173913
0.2727272727272727
0.23809523809523808
0.16666666666666666
0.32142857142857145
0.24
0.16
0.35714285714285715
0.3333333333333333
0.2608695652173913
0.4
0.3333333333333333
0.391304347826087
0.2727272727272727
0.2962962962962963
0.23076923076923078
0.23076923076923078
0.23076923076923078
0.2692307692307692
0.37037037037037035
0.3181818181818182
0.38095238095238093
0.15
0.2692307692307692
0.4166666666666667
0.22727272727272727
0.25
0.43478260869565216
0.2777777777777778
0.22727272727272727
0.25
0.25
0.34615384615384615
0.23809523809523808
0.16666666666666666
0.1111111111111111
0.25
0.2903225806451613
0.14285714285714285
0.32142857142857145
0.2
0.19230769230769232
0.23076923076923078
0.3333333333333333
0.2
0.2962962962962963
0.16
0.32
0.18181818181818182
0.36
0.22727272727272727
0.28
0.2727272727272727
0.2727272727272727
0.08333333333333333
0.3333333333333333
0.2916666666666667
0.20833333333333334
0.16
0.22580645161290322
0.3225806451612903
0.08333333333333333
0.32142857142857145
0.24
0.2
0.4230769230769231
0.14285714285714285
0.4230769230769231
0.32
0.38461538461538464
0.21739130434782608
0.20833333333333334
0.13043478260869565
0.28
0.25
0.2
0.2413793103448276
0.2
0.2916666666666667
0.16666666666666666
0.21428571428571427
0.21428571428571427
0.27586206896551724
0.3333333333333333
0.2857142857142857
0.25
0.17391304347826086
0.2222222222222222
0.3
0.36
0.09090909090909091
0.2
0.17857142857142858
0.20689655172413793
0.17857142857142858
0.3333333333333333
0.19230769230769232
0.2413793103448276
0.2692307692307692
0.24
0.3333333333333333
0.23809523809523808
0.21739130434782608
0.2222222222222222
0.3125
0.2
0.34615384615384615
0.17391304347826086
0.24
0.2
0.20689655172413793
0.1935483870967742
0.1935483870967742
0.27586206896551724
0.28
0.28
0.09523809523809523
0.24
0.41379310344827586
0.28
0.3
0.05263157894736842
0.15384615384615385
0.25
0.35714285714285715
0.3181818181818182
0.2
0.2608695652173913
0.2
0.23076923076923078
0.3333333333333333
0.2
0.23076923076923078
0.32
0.23076923076923078
0.12
0.3333333333333333
0.2916666666666667
0.2692307692307692
0.28
0.38461538461538464
0.10526315789473684
0.2608695652173913
0.17391304347826086
0.23076923076923078
0.32
0.2608695652173913
0.28
0.28
0.28
0.28
0.23076923076923078
0.24
0.32
0.25
0.28
0.36
0.30434782608695654
0.2916666666666667
0.16666666666666666
0.25925925925925924
0.25925925925925924
0.17857142857142858
0.25
0.3076923076923077
0.25
0.2222222222222222
0.25925925925925924
0.36
0.3
0.2777777777777778
0.2222222222222222
0.24
0.24
0.20833333333333334
0.125
0.1111111111111111
0.3448275862068966
0.2222222222222222
0.20833333333333334
0.19230769230769232
0.25
0.2692307692307692
0.16666666666666666
0.38461538461538464
0.13636363636363635
0.22727272727272727
0.25
0.2608695652173913
0.24
0.23076923076923078
0.3103448275862069
0.20833333333333334
0.3076923076923077
0.20833333333333334
0.2962962962962963
0.3333333333333333
0.3
0.25
0.22727272727272727
0.17391304347826086
0.2857142857142857
0.19230769230769232
0.2962962962962963
0.21739130434782608
0.19230769230769232
0.18518518518518517
0.2222222222222222
0.32
0.32
0.24
0.125
0.2222222222222222
0.1935483870967742
0.2413793103448276
0.19230769230769232
0.2857142857142857
0.2692307692307692
0.17391304347826086
0.23076923076923078
0.2222222222222222
0.13793103448275862
0.26666666666666666
0.14285714285714285
0.16666666666666666
0.10344827586206896
0.25
0.25925925925925924
0.3333333333333333
0.25
0.16
0.34615384615384615
0.13636363636363635
0.17857142857142858
0.23076923076923078
0.27586206896551724
0.20833333333333334
0.3
0.34615384615384615
0.3181818181818182
0.22727272727272727
0.34782608695652173
0.3333333333333333
0.2727272727272727
0.3181818181818182
0.17391304347826086
0.14285714285714285
0.23333333333333334
0.2222222222222222
0.11538461538461539
0.32142857142857145
0.1111111111111111
0.18518518518518517
0.15384615384615385
0.3333333333333333
0.4
0.09523809523809523
0.25
0.1724137931034483
0.21875
0.25925925925925924
0.36
0.25
0.3333333333333333
0.34615384615384615
0.21739130434782608
0.22727272727272727
0.22727272727272727
0.18181818181818182
0.16666666666666666
0.3448275862068966
0.3333333333333333
0.2
0.21739130434782608
0.25925925925925924
0.19230769230769232
0.32142857142857145
0.08
0.3
0.20689655172413793
0.35714285714285715
0.43478260869565216
0.29411764705882354
0.15
0.16666666666666666
0.25
0.2222222222222222
0.2
0.16666666666666666
0.24242424242424243
0.2
0.25
0.27586206896551724
0.4
0.2
0.14285714285714285
0.35714285714285715
0.3076923076923077
0.25
0.12
0.25
0.37037037037037035
0.20833333333333334
0.2608695652173913
0.3
0.2
0.2222222222222222
0.2413793103448276
0.16666666666666666
0.2
0.1724137931034483
0.21875
0.25925925925925924
0.2692307692307692
0.2692307692307692
0.2857142857142857
0.36363636363636365
0.30434782608695654
0.3157894736842105
0.3333333333333333
0.22727272727272727
0.28
0.28
0.2
0.15384615384615385
0.2727272727272727
0.25
0.37037037037037035
0.047619047619047616
0.17857142857142858
0.18518518518518517
0.25
0.11538461538461539
0.2222222222222222
0.1724137931034483
0.3548387096774194
0.3076923076923077
0.36
0.15789473684210525
0.36
0.21739130434782608
0.39285714285714285
0.2608695652173913
0.4
0.25
0.15
0.07692307692307693
0.25806451612903225
0.21428571428571427
0.32
0.125
0.20689655172413793
0.37037037037037035
0.2727272727272727
0.38095238095238093
0.42857142857142855
0.3157894736842105
0.2608695652173913
0.30434782608695654
0.25
0.23076923076923078
0.32
0.2727272727272727
0.22727272727272727
0.13636363636363635
0.3333333333333333
0.28
0.16
0.1724137931034483
0.2413793103448276
0.32142857142857145
0.2916666666666667
0.17391304347826086
0.14814814814814814
0.23333333333333334
0.27586206896551724
0.2916666666666667
0.2608695652173913
0.37037037037037035
0.22727272727272727
0.25
0.3181818181818182
0.2916666666666667
0.30434782608695654
0.2608695652173913
0.3181818181818182
0.28
0.19230769230769232
0.2962962962962963
0.16666666666666666
0.20833333333333334
0.32
0.2916666666666667
0.22727272727272727
0.3181818181818182
0.2631578947368421
0.25
0.16
0.17857142857142858
0.27586206896551724
0.2962962962962963
0.17391304347826086
0.2857142857142857
0.2222222222222222
0.28
0.10714285714285714
0.25
0.23076923076923078
0.3076923076923077
0.07692307692307693
0.23333333333333334
0.25925925925925924
0.37037037037037035
0.4583333333333333
0.38095238095238093
0.30434782608695654
0.17391304347826086
0.3076923076923077
0.30434782608695654
0.4
0.23809523809523808
0.27586206896551724
0.2916666666666667
0.44
0.19047619047619047
0.2
0.4
0.21739130434782608
0.22727272727272727
0.14285714285714285
0.28
0.21428571428571427
0.3076923076923077
0.2857142857142857
0.13043478260869565
0.2608695652173913
0.16
0.25
0.23076923076923078
0.2222222222222222
0.25925925925925924
0.2692307692307692
0.2916666666666667
0.07407407407407407
0.3793103448275862
0.37037037037037035
0.30434782608695654
0.16666666666666666
0.32
0.16666666666666666
0.28
0.28
0.23076923076923078
0.34615384615384615
0.2857142857142857
0.28
0.2608695652173913
0.12
0.14814814814814814
0.26666666666666666
0.14814814814814814
0.2962962962962963
0.28
0.24
0.19230769230769232
0.32142857142857145
0.2857142857142857
0.2692307692307692
0.18181818181818182
0.2
0.2222222222222222
0.2222222222222222
0.26666666666666666
0.28
0.21739130434782608
0.19230769230769232
0.2222222222222222
0.10714285714285714
0.1935483870967742
0.2
0.23333333333333334
0.2962962962962963
0.21428571428571427
0.3333333333333333
0.2
0.19230769230769232
0.27586206896551724
0.3076923076923077
0.35714285714285715
0.17391304347826086
0.22727272727272727
0.2857142857142857
0.2916666666666667
0.25
0.19230769230769232
0.2916666666666667
0.28
0.21739130434782608
0.28
0.16
0.34615384615384615
0.19230769230769232
0.26666666666666666
0.1111111111111111
0.2903225806451613
0.28
0.30434782608695654
0.23076923076923078
0.2857142857142857
0.20833333333333334
0.14814814814814814
0.2692307692307692
0.13793103448275862
0.1724137931034483
0.21428571428571427
0.3103448275862069
0.2
0.2692307692307692
0.35
0.14285714285714285
0.24
0.16666666666666666
0.35714285714285715
0.3333333333333333
0.30434782608695654
0.2727272727272727
0.25
0.15384615384615385
0.4
0.20833333333333334
0.2692307692307692
0.18518518518518517
0.5
0.3333333333333333
0.25
0.23809523809523808
0.16666666666666666
0.3103448275862069
0.25925925925925924
0.3103448275862069
0.34615384615384615
0.2916666666666667
0.28
0.10714285714285714
0.17857142857142858
0.25
0.21428571428571427
0.28
0.15384615384615385
0.2857142857142857
0.25
0.2962962962962963
0.2916666666666667
0.3333333333333333
0.3
0.19047619047619047
0.28
0.2962962962962963
0.2
0.2962962962962963
0.15384615384615385
0.25
0.25925925925925924
0.24
0.25
0.21428571428571427
0.25
0.08
0.3
0.11538461538461539
0.17857142857142858
0.2222222222222222
0.2608695652173913
0.30434782608695654
0.13636363636363635
0.36363636363636365
0.21739130434782608
0.16666666666666666
0.3076923076923077
0.38461538461538464
0.2727272727272727
0.4090909090909091
0.3157894736842105
0.25
0.2
0.2
0.14814814814814814
0.2
0.2903225806451613
0.24
0.3333333333333333
0.2916666666666667
0.1
0.2222222222222222
0.34615384615384615
0.34782608695652173
0.2857142857142857
0.32
0.23076923076923078
0.2608695652173913
0.24
0.13043478260869565
0.21428571428571427
0.28
0.3181818181818182
0.17391304347826086
0.3333333333333333
0.15384615384615385
0.15384615384615385
0.28
0.25
0.27586206896551724
0.2413793103448276
0.24
0.18518518518518517
0.03571428571428571
0.2647058823529412
0.2857142857142857
0.27586206896551724
0.23076923076923078
0.2608695652173913
0.28
0.2962962962962963
0.23076923076923078
0.2222222222222222
0.2
0.14814814814814814
0.14285714285714285
0.3333333333333333
0.2692307692307692
0.23076923076923078
0.34615384615384615
0.3181818181818182
0.25
0.25
0.19230769230769232
0.4
0.18181818181818182
0.25925925925925924
0.2916666666666667
0.28
0.19230769230769232
0.3333333333333333
0.20833333333333334
0.125
0.17857142857142858
0.3548387096774194
0.21739130434782608
0.18181818181818182
0.24
0.2
0.25
0.2692307692307692
0.2
0.34615384615384615
0.2608695652173913
0.3333333333333333
0.2857142857142857
0.24
0.18518518518518517
0.41379310344827586
0.3333333333333333
0.16
0.24
0.20689655172413793
0.2857142857142857
0.3076923076923077
0.21739130434782608
0.2692307692307692
0.25
0.2727272727272727
0.13043478260869565
0.2692307692307692
0.14814814814814814
0.2
0.17857142857142858
0.18518518518518517
0.25
0.14285714285714285
0.25925925925925924
0.2857142857142857
0.12
0.25925925925925924
0.2
0.23076923076923078
0.2608695652173913
0.391304347826087
0.22727272727272727
0.17391304347826086
0.3333333333333333
0.2608695652173913
0.2692307692307692
0.16666666666666666
0.20833333333333334
0.24
0.2222222222222222
0.3448275862068966
0.2727272727272727
0.17391304347826086
0.34615384615384615
0.2222222222222222
0.2692307692307692
0.2
0.2692307692307692
0.5
0.3684210526315789
0.3684210526315789
0.2727272727272727
0.34615384615384615
0.2916666666666667
0.25
0.23076923076923078
0.2
0.23076923076923078
0.43478260869565216
0.17391304347826086
0.2857142857142857
0.37037037037037035
0.28
0.18181818181818182
0.2608695652173913
0.3333333333333333
0.4
0.35
0.22727272727272727
0.23076923076923078
0.25
0.25
0.3333333333333333
0.34782608695652173
0.17391304347826086
0.16
0.2
0.19230769230769232
0.2222222222222222
0.2857142857142857
0.12
0.25925925925925924
0.15384615384615385
0.20689655172413793
0.14285714285714285
0.27586206896551724
0.13793103448275862
0.25806451612903225
0.32142857142857145
0.25
0.047619047619047616
0.14814814814814814
0.25
0.18518518518518517
0.37037037037037035
0.30434782608695654
0.30434782608695654
0.08695652173913043
0.25806451612903225
0.2413793103448276
0.27586206896551724
0.13636363636363635
0.3333333333333333
0.27586206896551724
0.38461538461538464
0.38095238095238093
0.3
0.3
0.3333333333333333
0.13043478260869565
0.2222222222222222
0.2962962962962963
0.28
0.17391304347826086
0.14285714285714285
0.2903225806451613
0.2413793103448276
0.25925925925925924
0.17391304347826086
0.27586206896551724
0.25
0.2413793103448276
0.19230769230769232
0.28
0.25
0.125
0.21428571428571427
0.16666666666666666
0.22580645161290322
0.17857142857142858
0.2222222222222222
0.21739130434782608
0.17391304347826086
0.2692307692307692
0.24
0.24
0.2
0.32
0.3181818181818182
0.25
0.25
0.2916666666666667
0.24
0.24
0.3333333333333333
0.16
0.26666666666666666
0.14814814814814814
0.2857142857142857
0.17391304347826086
0.2413793103448276
0.19230769230769232
0.3103448275862069
0.2
0.2692307692307692
0.27586206896551724
0.25
0.1111111111111111
0.2
0.1935483870967742
0.3448275862068966
0.2692307692307692
0.23809523809523808
0.25
0.28
0.19230769230769232
0.10344827586206896
0.3333333333333333
0.25925925925925924
0.2916666666666667
0.18181818181818182
0.20689655172413793
0.2413793103448276
0.34615384615384615
0.25
0.3333333333333333
0.21739130434782608
0.3076923076923077
0.2857142857142857
0.15384615384615385
0.14285714285714285
0.21875
0.2413793103448276
0.23076923076923078
0.3333333333333333
0.35
0.3181818181818182
0.375
0.2727272727272727
0.34782608695652173
0.22727272727272727
0.20833333333333334
0.25
0.3076923076923077
0.25
0.20833333333333334
0.20833333333333334
0.1111111111111111
0.2903225806451613
0.25925925925925924
0.35714285714285715
0.25
0.21739130434782608
0.38461538461538464
0.2
0.24
0.16
0.2222222222222222
0.2
0.3076923076923077
0.3181818181818182
0.2857142857142857
0.18181818181818182
0.21428571428571427
0.28
0.2916666666666667
0.23076923076923078
0.20689655172413793
0.2962962962962963
0.23076923076923078
0.25925925925925924
0.19230769230769232
0.18518518518518517
0.17857142857142858
0.1875
0.3939393939393939
0.2916666666666667
0.4090909090909091
0.3
0.22727272727272727
0.22727272727272727
0.25
0.15384615384615385
0.13793103448275862
0.24242424242424243
0.20689655172413793
0.2222222222222222
0.19230769230769232
0.3076923076923077
0.2222222222222222
0.3333333333333333
0.375
0.13636363636363635
0.2
0.23076923076923078
0.35714285714285715
0.22727272727272727
0.25925925925925924
0.20833333333333334
0.25
0.28
0.2692307692307692
0.2692307692307692
0.07692307692307693
0.14814814814814814
0.3103448275862069
0.2916666666666667
0.13043478260869565
0.34615384615384615
0.16666666666666666
0.17857142857142858
0.34615384615384615
0.30434782608695654
0.2916666666666667
0.15384615384615385
0.17857142857142858
0.2962962962962963
0.2222222222222222
0.18518518518518517
0.17857142857142858
0.36
0.2916666666666667
0.17391304347826086
0.20833333333333334
0.125
0.2692307692307692
0.19230769230769232
0.2692307692307692
0.2857142857142857
0.3333333333333333
0.25
0.19230769230769232
0.18518518518518517
0.2
0.24
0.17391304347826086
0.15384615384615385
0.20689655172413793
0.3103448275862069
0.3333333333333333
0.3181818181818182
0.32142857142857145
0.25
0.2916666666666667
0.17391304347826086
0.23076923076923078
0.21428571428571427
0.25
0.10714285714285714
0.23333333333333334
0.25
0.20833333333333334
0.2
0.21428571428571427
0.20689655172413793
0.36666666666666664
0.4090909090909091
0.30434782608695654
0.13636363636363635
0.25
0.27586206896551724
0.2
0.28
0.25
0.28
0.3333333333333333
0.3333333333333333
0.2727272727272727
0.17391304347826086
0.2962962962962963
0.3333333333333333
0.13636363636363635
0.2692307692307692
0.4074074074074074
0.2727272727272727
0.2
0.3076923076923077
0.20833333333333334
0.12
0.19230769230769232
0.2222222222222222
0.14285714285714285
0.1875
0.2413793103448276
0.18518518518518517
0.2903225806451613
0.21428571428571427
0.17857142857142858
0.3
0.25
0.24
0.12
0.25
0.2692307692307692
0.17391304347826086
0.2222222222222222
0.19230769230769232
0.16
0.25925925925925924
0.2
0.18518518518518517
0.4
0.2777777777777778
0.08695652173913043
0.10714285714285714
0.3103448275862069
0.1111111111111111
0.3
0.2
0.2857142857142857
0.12
0.2962962962962963
0.2857142857142857
0.19230769230769232
0.1111111111111111
0.27586206896551724
0.25925925925925924
0.3076923076923077
0.25
0.3333333333333333
0.18181818181818182
0.125
0.23076923076923078
0.2
0.4482758620689655
0.30434782608695654
0.2608695652173913
0.125
0.18518518518518517
0.2413793103448276
0.3103448275862069
0.20833333333333334
0.2857142857142857
0.125
0.2903225806451613
0.19230769230769232
0.28
0.2916666666666667
0.2608695652173913
0.24
0.2692307692307692
0.16
0.2
0.12903225806451613
0.16666666666666666
0.2727272727272727
0.32
0.2222222222222222
0.3333333333333333
0.20833333333333334
0.2692307692307692
0.28
0.18518518518518517
0.32142857142857145
0.13043478260869565
0.16666666666666666
0.25925925925925924
0.2
0.10714285714285714
0.32142857142857145
0.2222222222222222
0.18518518518518517
0.3448275862068966
0.2916666666666667
0.30434782608695654
0.2727272727272727
0.13636363636363635
0.2916666666666667
0.2692307692307692
0.2692307692307692
0.25
0.20833333333333334
0.08333333333333333
0.2413793103448276
0.2916666666666667
0.3181818181818182
0.25
0.14285714285714285
0.1111111111111111
0.27586206896551724
0.03571428571428571
0.1875
0.26666666666666666
0.2
0.3333333333333333
0.2608695652173913
0.2916666666666667
0.16666666666666666
0.21428571428571427
0.25925925925925924
0.25925925925925924
0.24
0.125
0.19230769230769232
0.24
0.24
0.3181818181818182
0.36
0.36363636363636365
0.18181818181818182
0.19047619047619047
0.19230769230769232
0.39285714285714285
0.30434782608695654
0.25
0.23076923076923078
0.2222222222222222
0.2857142857142857
0.2413793103448276
0.18518518518518517
0.24
0.125
0.21428571428571427
0.2222222222222222
0.19230769230769232
0.19230769230769232
0.23076923076923078
0.13043478260869565
0.18518518518518517
0.21428571428571427
0.21428571428571427
0.25
0.34615384615384615
0.375
0.15
0.2222222222222222
0.17857142857142858
0.1935483870967742
0.3
0.17857142857142858
0.25925925925925924
0.16
0.2222222222222222
0.2857142857142857
0.19230769230769232
0.23076923076923078
0.2
0.23076923076923078
0.28
0.30434782608695654
0.2608695652173913
0.375
0.3181818181818182
0.19047619047619047
0.22727272727272727
0.24
0.22727272727272727
0.20833333333333334
0.23076923076923078
0.2692307692307692
0.2
0.20833333333333334
0.2222222222222222
0.23076923076923078
0.17391304347826086
0.12
0.2413793103448276
0.25
0.2608695652173913
0.42857142857142855
0.2
0.25
0.2
0.2857142857142857
0.16666666666666666
0.2413793103448276
0.2222222222222222
0.3333333333333333
0.28
0.2692307692307692
0.2692307692307692
0.2608695652173913
0.17391304347826086
0.20833333333333334
0.07692307692307693
0.3333333333333333
0.2
0.32142857142857145
0.125
0.16129032258064516
0.06451612903225806
0.3
0.14285714285714285
0.18518518518518517
0.36
0.2631578947368421
0.19230769230769232
0.08333333333333333
0.10344827586206896
0.23333333333333334
0.27586206896551724
0.3333333333333333
0.11538461538461539
0.1935483870967742
0.25925925925925924
0.25925925925925924
0.2
0.36
0.22727272727272727
0.25
0.4166666666666667
0.18181818181818182
0.23076923076923078
0.2962962962962963
0.38095238095238093
0.3684210526315789
0.3181818181818182
0.28
0.125
0.2962962962962963
0.16
0.20689655172413793
0.3076923076923077
0.2608695652173913
0.38461538461538464
0.20833333333333334
0.3076923076923077
0.36
0.16666666666666666
0.2962962962962963
0.36
0.3684210526315789
0.3181818181818182
0.2
0.25925925925925924
0.28
0.38461538461538464
0.21739130434782608
0.3076923076923077
0.25925925925925924
0.25
0.32
0.25
0.25
0.24
0.23076923076923078
0.32
0.32
0.13636363636363635
0.2916666666666667
0.125
0.25925925925925924
0.14285714285714285
0.20689655172413793
0.13793103448275862
0.1875
0.25806451612903225
0.1111111111111111
0.25
0.2222222222222222
0.2916666666666667
0.3333333333333333
0.3181818181818182
0.13043478260869565
0.2857142857142857
0.27586206896551724
0.16666666666666666
0.3103448275862069
0.2222222222222222
0.3076923076923077
0.30434782608695654
0.22727272727272727
0.20833333333333334
0.19230769230769232
0.24
0.391304347826087
0.3
0.25
0.13043478260869565
0.1724137931034483
0.26666666666666666
0.37037037037037035
0.2727272727272727
0.3181818181818182
0.2727272727272727
0.24
0.34615384615384615
0.2916666666666667
0.38095238095238093
0.2727272727272727
0.2
0.19230769230769232
0.10344827586206896
0.1935483870967742
0.3793103448275862
0.25
0.3181818181818182
0.2916666666666667
0.13636363636363635
0.25
0.25925925925925924
0.24
0.28
0.22727272727272727
0.20833333333333334
0.11538461538461539
0.32142857142857145
0.24
0.4
0.08
0.3125
0.25
0.07407407407407407
0.2413793103448276
0.14285714285714285
0.17857142857142858
0.2
0.3333333333333333
0.2962962962962963
0.2692307692307692
0.3333333333333333
0.21739130434782608
0.25
0.17391304347826086
0.2857142857142857
0.18518518518518517
0.2962962962962963
0.3076923076923077
0.2727272727272727
0.2
0.25
0.3333333333333333
0.25
0.20833333333333334
0.25
0.15384615384615385
0.23333333333333334
0.26666666666666666
0.23076923076923078
0.2692307692307692
0.2916666666666667
0.20833333333333334
0.2857142857142857
0.2916666666666667
0.24
0.17391304347826086
0.23076923076923078
0.15384615384615385
0.2692307692307692
0.27586206896551724
0.25
0.2857142857142857
0.20833333333333334
0.3076923076923077
0.21739130434782608
0.20833333333333334
0.4166666666666667
0.3
0.18181818181818182
0.3076923076923077
0.2916666666666667
0.13636363636363635
0.2692307692307692
0.2916666666666667
0.32
0.34782608695652173
0.16666666666666666
0.18518518518518517
0.20689655172413793
0.21428571428571427
0.27586206896551724
0.2857142857142857
0.3333333333333333
0.42857142857142855
0.2608695652173913
0.28
0.12
0.18518518518518517
0.36666666666666664
0.391304347826087
0.3333333333333333
0.10526315789473684
0.38461538461538464
0.14285714285714285
0.16
0.3448275862068966
0.21739130434782608
0.16666666666666666
0.20833333333333334
0.38461538461538464
0.2916666666666667
0.19047619047619047
0.4
0.391304347826087
0.16666666666666666
0.20833333333333334
0.21428571428571427
0.34615384615384615
0.25
0.25925925925925924
0.1111111111111111
0.35714285714285715
0.19230769230769232
0.2916666666666667
0.18181818181818182
0.20689655172413793
0.23076923076923078
0.2
0.21428571428571427
0.2692307692307692
0.3333333333333333
0.13043478260869565
0.36
0.24
0.25
0.15384615384615385
0.21428571428571427
0.3333333333333333
0.2916666666666667
0.21739130434782608
0.13636363636363635
0.24
0.14814814814814814
0.2962962962962963
0.24
0.2692307692307692
0.12
0.17857142857142858
0.27586206896551724
0.24
0.3333333333333333
0.3333333333333333
0.18181818181818182
0.3333333333333333
0.27586206896551724
0.23076923076923078
0.3076923076923077
0.2692307692307692
0.14814814814814814
0.21428571428571427
0.32
0.125
0.25925925925925924
0.32142857142857145
0.28
0.17391304347826086
0.48
0.20833333333333334
0.3333333333333333
0.16666666666666666
0.21739130434782608
0.3
0.23076923076923078
0.2
0.24
0.20833333333333334
0.32
0.28
0.19230769230769232
0.3103448275862069
0.34782608695652173
0.2692307692307692
0.2916666666666667
0.3333333333333333
0.2727272727272727
0.24
0.16666666666666666
0.2
0.4074074074074074
0.3333333333333333
0.05
0.19230769230769232
0.18518518518518517
0.39285714285714285
0.21739130434782608
0.2608695652173913
0.25
0.14285714285714285
0.2857142857142857
0.2
0.2
0.16666666666666666
0.28
0.34782608695652173
0.3333333333333333
0.19047619047619047
0.391304347826087
0.16666666666666666
0.18181818181818182
0.25925925925925924
0.23076923076923078
0.25925925925925924
0.23076923076923078
0.2222222222222222
0.25925925925925924
0.32142857142857145
0.16
0.25
0.18518518518518517
0.17857142857142858
0.26666666666666666
0.32
0.16
0.2222222222222222
0.21428571428571427
0.2962962962962963
0.23076923076923078
0.23076923076923078
0.24
0.25925925925925924
0.16666666666666666
0.3103448275862069
0.19230769230769232
0.24
0.4
0.22727272727272727
0.13636363636363635
0.23076923076923078
0.30434782608695654
0.21739130434782608
0.24
0.23076923076923078
0.19230769230769232
0.36
0.43478260869565216
0.22727272727272727
0.21739130434782608
0.16
0.28
0.3333333333333333
0.21739130434782608
0.4230769230769231
0.18181818181818182
0.2692307692307692
0.18181818181818182
0.2
0.2857142857142857
0.23076923076923078
0.25
0.23076923076923078
0.2413793103448276
0.3333333333333333
0.2857142857142857
0.22727272727272727
0.28
0.15384615384615385
0.25806451612903225
0.3076923076923077
0.2608695652173913
0.13636363636363635
0.34615384615384615
0.3333333333333333
0.22727272727272727
0.30434782608695654
0.23809523809523808
0.3181818181818182
0.20833333333333334
0.24
0.2857142857142857
0.08
0.3076923076923077
0.3076923076923077
0.22727272727272727
0.25
0.23076923076923078
0.21428571428571427
0.2608695652173913
0.375
0.2
0.2692307692307692
0.25
0.2
0.30434782608695654
0.21739130434782608
0.25
0.28
0.24
0.43478260869565216
0.2
0.16666666666666666
0.15384615384615385
0.3
0.15384615384615385
0.20689655172413793
0.21428571428571427
0.28
0.23076923076923078
0.2413793103448276
0.25925925925925924
0.2857142857142857
0.25925925925925924
0.32
0.18181818181818182
0.25925925925925924
0.25925925925925924
0.21428571428571427
0.18518518518518517
0.21428571428571427
0.2962962962962963
0.24
0.2857142857142857
0.11538461538461539
0.1
0.20588235294117646
0.2
0.2692307692307692
0.30434782608695654
0.3181818181818182
0.3333333333333333
0.08695652173913043
0.27586206896551724
0.2692307692307692
0.2692307692307692
0.2916666666666667
0.25
0.16666666666666666
0.2692307692307692
0.20689655172413793
0.26666666666666666
0.25
0.2608695652173913
0.3076923076923077
0.2222222222222222
0.3333333333333333
0.2
0.4074074074074074
0.13043478260869565
0.16666666666666666
0.1935483870967742
0.16129032258064516
0.21875
0.3103448275862069
0.2692307692307692
0.2608695652173913
0.32
0.08695652173913043
0.19230769230769232
0.2413793103448276
0.19230769230769232
0.20833333333333334
0.25925925925925924
0.24
0.3333333333333333
0.17391304347826086
0.25
0.10714285714285714
0.2222222222222222
0.25925925925925924
0.2962962962962963
0.17391304347826086
0.25925925925925924
0.37037037037037035
0.25
0.2
0.2692307692307692
0.25925925925925924
0.21739130434782608
0.15384615384615385
0.26666666666666666
0.2692307692307692
0.23076923076923078
0.15384615384615385
0.3333333333333333
0.16
0.25925925925925924
0.25
0.20833333333333334
0.25925925925925924
0.3333333333333333
0.18181818181818182
0.22727272727272727
0.375
0.32
0.3076923076923077
0.16
0.2
0.25925925925925924
0.25
0.32142857142857145
0.16666666666666666
0.32142857142857145
0.16666666666666666
0.25
0.2
0.16
0.16666666666666666
0.36
0.2608695652173913
0.28
0.25
0.125
0.2222222222222222
0.25
0.3076923076923077
0.24
0.2608695652173913
0.21739130434782608
0.27586206896551724
0.3076923076923077
0.34615384615384615
0.28
0.2
0.2962962962962963
0.4230769230769231
0.2857142857142857
0.2608695652173913
0.17391304347826086
0.2916666666666667
0.28
0.16666666666666666
0.16
0.21428571428571427
0.22580645161290322
0.18518518518518517
0.39285714285714285
0.30434782608695654
0.125
0.32
0.28
0.17391304347826086
0.2
0.2962962962962963
0.21428571428571427
0.25
0.24
0.25925925925925924
0.44
0.14285714285714285
0.25925925925925924
0.32
0.18181818181818182
0.375
0.3333333333333333
0.3333333333333333
0.14285714285714285
0.34782608695652173
0.20833333333333334
0.2692307692307692
0.19230769230769232
0.2413793103448276
0.2857142857142857
0.2916666666666667
0.391304347826087
0.47619047619047616
0.22727272727272727
0.18181818181818182
0.30434782608695654
0.2916666666666667
0.13043478260869565
0.18518518518518517
0.2413793103448276
0.2222222222222222
0.3333333333333333
0.3333333333333333
0.09090909090909091
0.23076923076923078
0.24
0.2692307692307692
0.17391304347826086
0.21428571428571427
0.20689655172413793
0.12903225806451613
0.3225806451612903
0.25
0.24
0.2692307692307692
0.11538461538461539
0.2692307692307692
0.14814814814814814
0.18518518518518517
0.3076923076923077
0.23076923076923078
0.2
0.28
0.2608695652173913
0.3076923076923077
0.19230769230769232
0.2222222222222222
0.2
0.2916666666666667
0.2692307692307692
0.2916666666666667
0.23076923076923078
0.125
0.25
0.25
0.25
0.25925925925925924
0.2962962962962963
0.16
0.15384615384615385
0.2222222222222222
0.26666666666666666
0.13793103448275862
0.17857142857142858
0.27586206896551724
0.23076923076923078
0.2857142857142857
0.07407407407407407
0.3333333333333333
0.3076923076923077
0.19047619047619047
0.23076923076923078
0.2857142857142857
0.24
0.34782608695652173
0.35
0.2727272727272727
0.30434782608695654
0.28
0.2222222222222222
0.35714285714285715
0.30434782608695654
0.21739130434782608
0.25
0.2692307692307692
0.2857142857142857
0.36363636363636365
0.2727272727272727
0.30434782608695654
0.3181818181818182
0.2608695652173913
0.25
0.24
0.16
0.2608695652173913
0.17857142857142858
0.2222222222222222
0.2962962962962963
0.15384615384615385
0.25925925925925924
0.2222222222222222
0.34615384615384615
0.36363636363636365
0.3333333333333333
0.2631578947368421
0.16
0.25925925925925924
0.2222222222222222
0.3333333333333333
0.16
0.27586206896551724
0.3076923076923077
0.24
0.20833333333333334
0.13333333333333333
0.25
0.3793103448275862
0.13636363636363635
0.38461538461538464
0.19047619047619047
0.25
0.14814814814814814
0.23076923076923078
0.16666666666666666
0.21428571428571427
0.3
0.25925925925925924
0.16666666666666666
0.36
0.2727272727272727
0.25
0.3333333333333333
0.3333333333333333
0.23809523809523808
0.4
0.32
0.2
0.2
0.38461538461538464
0.28
0.25
0.23076923076923078
0.36
0.16666666666666666
0.07407407407407407
0.34615384615384615
0.21739130434782608
0.2
0.21428571428571427
0.2
0.20689655172413793
0.18518518518518517
0.3448275862068966
0.25
0.21739130434782608
0.1111111111111111
0.2
0.10344827586206896
0.13333333333333333
0.1935483870967742
0.26666666666666666
0.25
0.23076923076923078
0.34615384615384615
0.34615384615384615
0.3
0.30434782608695654
0.3333333333333333
0.42105263157894735
0.11764705882352941
0.21739130434782608
0.19230769230769232
0.25925925925925924
0.20833333333333334
0.20833333333333334
0.19230769230769232
0.23076923076923078
0.18518518518518517
0.3
0.2962962962962963
0.3076923076923077
0.36363636363636365
0.3
0.20833333333333334
0.30434782608695654
0.34782608695652173
0.34615384615384615
0.08695652173913043
0.34615384615384615
0.23076923076923078
0.3076923076923077
0.08
0.21428571428571427
0.23076923076923078
0.2916666666666667
0.2608695652173913
0.32
0.36
0.3181818181818182
0.4230769230769231
0.30434782608695654
0.2857142857142857
0.4090909090909091
0.52
0.3684210526315789
0.3684210526315789
0.3
0.20833333333333334
0.25
0.2962962962962963
0.3333333333333333
0.28
0.24
0.28
0.30434782608695654
0.24
0.25
0.25
0.37037037037037035
0.19230769230769232
0.2222222222222222
0.2
0.2692307692307692
0.3333333333333333
0.16666666666666666
0.21428571428571427
0.2962962962962963
0.24
0.17391304347826086
0.2692307692307692
0.28
0.2916666666666667
0.25
0.3333333333333333
0.21739130434782608
0.08
0.27586206896551724
0.27586206896551724
0.2857142857142857
0.24
0.4166666666666667
0.2222222222222222
0.34782608695652173
0.09090909090909091
0.11538461538461539
0.27586206896551724
0.3103448275862069
0.2
0.35714285714285715
0.2608695652173913
0.2916666666666667
0.20833333333333334
0.3076923076923077
0.25
0.2608695652173913
0.2857142857142857
0.2
0.2857142857142857
0.2962962962962963
0.20833333333333334
0.2
0.34782608695652173
0.23076923076923078
0.20833333333333334
0.4444444444444444
0.2608695652173913
0.24
0.3076923076923077
0.21428571428571427
0.3448275862068966
0.25925925925925924
0.28
0.32
0.09523809523809523
0.2857142857142857
0.2
0.2692307692307692
0.375
0.09090909090909091
0.2413793103448276
0.24
0.1111111111111111
0.3103448275862069
0.28
0.23076923076923078
0.07692307692307693
0.16666666666666666
0.2222222222222222
0.27586206896551724
0.25
0.17857142857142858
0.2222222222222222
0.2
0.2692307692307692
0.23076923076923078
0.2222222222222222
0.3333333333333333
0.23076923076923078
0.17391304347826086
0.2222222222222222
0.2692307692307692
0.2608695652173913
0.23076923076923078
0.24
0.16
0.16666666666666666
0.25925925925925924
0.3076923076923077
0.2727272727272727
0.18181818181818182
0.24
0.2857142857142857
0.2222222222222222
0.2692307692307692
0.28
0.2903225806451613
0.2413793103448276
0.35714285714285715
0.24
0.2
0.34615384615384615
0.25
0.19230769230769232
0.28
0.19230769230769232
0.2
0.18518518518518517
0.25
0.20833333333333334
0.2692307692307692
0.2962962962962963
0.2857142857142857
0.19047619047619047
0.30434782608695654
0.16666666666666666
0.2608695652173913
0.3333333333333333
0.2
0.25
0.37037037037037035
0.2727272727272727
0.20833333333333334
0.23076923076923078
0.28
0.28
0.2413793103448276
0.16666666666666666
0.20689655172413793
0.1
0.25
0.13793103448275862
0.3
0.17857142857142858
0.3103448275862069
0.3333333333333333
0.2692307692307692
0.23076923076923078
0.19230769230769232
0.35714285714285715
0.25925925925925924
0.391304347826087
0.125
0.3333333333333333
0.14814814814814814
0.2962962962962963
0.2692307692307692
0.3076923076923077
0.25925925925925924
0.2916666666666667
0.2608695652173913
0.23076923076923078
0.34615384615384615
0.2608695652173913
0.07692307692307693
0.22580645161290322
0.41935483870967744
0.2608695652173913
0.19047619047619047
0.25925925925925924
0.36
0.20833333333333334
0.14814814814814814
0.1724137931034483
0.27586206896551724
0.36
0.22727272727272727
0.2
0.25
0.2692307692307692
0.2962962962962963
0.3333333333333333
0.23809523809523808
0.18181818181818182
0.17391304347826086
0.2413793103448276
0.16666666666666666
0.3103448275862069
0.3333333333333333
0.25
0.391304347826087
0.2857142857142857
0.2916666666666667
0.2857142857142857
0.22727272727272727
0.30434782608695654
0.2916666666666667
0.20833333333333334
0.28
0.20833333333333334
0.32142857142857145
0.3333333333333333
0.2727272727272727
0.21739130434782608
0.12
0.25806451612903225
0.2222222222222222
0.3333333333333333
0.38095238095238093
0.15789473684210525
0.3
0.21739130434782608
0.2692307692307692
0.44
0.17391304347826086
0.24
0.36
0.32
0.36
0.36
0.17391304347826086
0.30434782608695654
0.15384615384615385
0.3076923076923077
0.375
0.125
0.2857142857142857
0.25
0.18518518518518517
0.25
0.25
0.28
0.17391304347826086
0.2916666666666667
0.24
0.4
0.3333333333333333
0.08695652173913043
0.3
0.35714285714285715
0.16666666666666666
0.25925925925925924
0.25
0.21428571428571427
0.07407407407407407
0.28125
0.3
0.3076923076923077
0.2727272727272727
0.2727272727272727
0.22727272727272727
0.14285714285714285
0.24
0.25
0.3225806451612903
0.23076923076923078
0.28
0.2222222222222222
0.17857142857142858
0.17857142857142858
0.25925925925925924
0.28
0.25
0.2916666666666667
0.16666666666666666
0.25925925925925924
0.19230769230769232
0.25925925925925924
0.11538461538461539
0.27586206896551724
0.3076923076923077
0.24
0.24
0.38461538461538464
0.3181818181818182
0.22727272727272727
0.2608695652173913
0.08
0.23076923076923078
0.1935483870967742
0.25925925925925924
0.24
0.17857142857142858
0.25925925925925924
0.25
0.16666666666666666
0.32142857142857145
0.3333333333333333
0.2
0.2
0.18518518518518517
0.1935483870967742
0.10344827586206896
0.25
0.2857142857142857
0.2692307692307692
0.13636363636363635
0.19230769230769232
0.25925925925925924
0.2692307692307692
0.375
0.30434782608695654
0.30434782608695654
0.22727272727272727
0.21739130434782608
0.2962962962962963
0.14285714285714285
0.25
0.24
0.26666666666666666
0.3
0.4230769230769231
0.13636363636363635
0.2222222222222222
0.28
0.17391304347826086
0.28
0.2962962962962963
0.2916666666666667
0.19047619047619047
0.2
0.23076923076923078
0.16666666666666666
0.3333333333333333
0.13043478260869565
0.25925925925925924
0.2222222222222222
0.34782608695652173
0.21739130434782608
0.20833333333333334
0.34615384615384615
0.25
0.24
