Overall Mean: 0.2501182067757301
0.4
0.2631578947368421
0.3888888888888889
0.42105263157894735
0.35294117647058826
0.25
0.16666666666666666
0.15789473684210525
0.19047619047619047
0.2857142857142857
0.3333333333333333
0.21052631578947367
0.47368421052631576
0.26666666666666666
0.25
0.2631578947368421
0.23529411764705882
0.2777777777777778
0.23529411764705882
0.38095238095238093
0.2
0.29411764705882354
0.125
0.2857142857142857
0.25
0.2631578947368421
0.25
0.23809523809523808
0.3
0.2
0.3333333333333333
0.3333333333333333
0.25
0.4117647058823529
0.15384615384615385
0.47058823529411764
0.29411764705882354
0.1875
0.3333333333333333
0.09523809523809523
0.38095238095238093
0.3888888888888889
0.2222222222222222
0.3888888888888889
0.2777777777777778
0.5294117647058824
0.26666666666666666
0.1875
0.2222222222222222
0.15789473684210525
0.15789473684210525
0.4375
0.1875
0.1875
0.4117647058823529
0.375
0.2777777777777778
0.23529411764705882
0.2777777777777778
0.29411764705882354
0.2222222222222222
0.35294117647058826
0.2777777777777778
0.15789473684210525
0.2
0.4
0.16666666666666666
0.3
0.2222222222222222
0.2777777777777778
0.23529411764705882
0.16666666666666666
0.2
0.2727272727272727
0.25
0.2222222222222222
0.05
0.20833333333333334
0.2916666666666667
0.20833333333333334
0.43478260869565216
0.21052631578947367
0.10526315789473684
0.2608695652173913
0.25
0.3333333333333333
0.11764705882352941
0.3888888888888889
0.16666666666666666
0.3333333333333333
0.2777777777777778
0.17647058823529413
0.2608695652173913
0.35
0.17391304347826086
0.30434782608695654
0.2857142857142857
0.3888888888888889
0.0625
0.2777777777777778
0.3125
0.14285714285714285
0.19047619047619047
0.23809523809523808
0.18181818181818182
0.3333333333333333
0.2777777777777778
0.15789473684210525
0.10526315789473684
0.15
0.2
0.15789473684210525
0.25
0.3333333333333333
0.3
0.375
0.3125
0.29411764705882354
0.4117647058823529
0.1111111111111111
0.3157894736842105
0.3333333333333333
0.1875
0.16666666666666666
0.11764705882352941
0.25
0.2222222222222222
0.2222222222222222
0.2777777777777778
0.10526315789473684
0.2857142857142857
0.2222222222222222
0.2777777777777778
0.2777777777777778
0.2631578947368421
0.1875
0.375
0.1875
0.2777777777777778
0.2857142857142857
0.3157894736842105
0.2222222222222222
0.2
0.35
0.3157894736842105
0.4
0.4117647058823529
0.21428571428571427
0.2
0.35294117647058826
0.4375
0.3157894736842105
0.23529411764705882
0.125
0.3333333333333333
0.3684210526315789
0.2
0.3
0.5
0.3333333333333333
0.25
0.42105263157894735
0.29411764705882354
0.375
0.14285714285714285
0.29411764705882354
0.23529411764705882
0.375
0.15384615384615385
0.17647058823529413
0.2608695652173913
0.22727272727272727
0.2
0.42857142857142855
0.3157894736842105
0.3888888888888889
0.2777777777777778
0.2222222222222222
0.2
0.23529411764705882
0.14285714285714285
0.2727272727272727
0.30434782608695654
0.15789473684210525
0.2727272727272727
0.2631578947368421
0.23529411764705882
0.23529411764705882
0.35294117647058826
0.1875
0.2631578947368421
0.42857142857142855
0.23529411764705882
0.17647058823529413
0.3
0.25
0.23529411764705882
0.1111111111111111
0.15789473684210525
0.23529411764705882
0.2222222222222222
0.2222222222222222
0.17647058823529413
0.08695652173913043
0.25
0.16666666666666666
0.13636363636363635
0.3333333333333333
0.23809523809523808
0.3181818181818182
0.1875
0.29411764705882354
0.35294117647058826
0.2222222222222222
0.21052631578947367
0.3333333333333333
0.1111111111111111
0.3333333333333333
0.17647058823529413
0.3684210526315789
0.25
0.3333333333333333
0.4
0.16666666666666666
0.15
0.22727272727272727
0.3
0.3333333333333333
0.16666666666666666
0.3
0.4444444444444444
0.3333333333333333
0.13333333333333333
0.4117647058823529
0.26666666666666666
0.29411764705882354
0.13333333333333333
0.047619047619047616
0.16666666666666666
0.4
0.42105263157894735
0.16666666666666666
0.36363636363636365
0.2222222222222222
0.1875
0.23809523809523808
0.16666666666666666
0.2727272727272727
0.45
0.21428571428571427
0.15789473684210525
0.2631578947368421
0.16666666666666666
0.2
0.22727272727272727
0.25
0.23809523809523808
0.25
0.4
0.2777777777777778
0.23529411764705882
0.2608695652173913
0.21739130434782608
0.25
0.2857142857142857
0.3333333333333333
0.21052631578947367
0.4444444444444444
0.26666666666666666
0.21428571428571427
0.29411764705882354
0.29411764705882354
0.17647058823529413
0.22727272727272727
0.36363636363636365
0.19047619047619047
0.18181818181818182
0.3181818181818182
0.3333333333333333
0.15
0.2631578947368421
0.2777777777777778
0.25
0.3684210526315789
0.2
0.26666666666666666
0.35714285714285715
0.3333333333333333
0.05555555555555555
0.4090909090909091
0.29411764705882354
0.25
0.25
0.21052631578947367
0.3
0.2631578947368421
0.11764705882352941
0.21052631578947367
0.2
0.18181818181818182
0.09090909090909091
0.3333333333333333
0.36363636363636365
0.2777777777777778
0.23529411764705882
0.17647058823529413
0.23529411764705882
0.21052631578947367
0.3
0.3157894736842105
0.17647058823529413
0.3
0.1875
0.29411764705882354
0.21052631578947367
0.25
0.21052631578947367
0.2727272727272727
0.2608695652173913
0.2857142857142857
0.16666666666666666
0.22727272727272727
0.38095238095238093
0.125
0.35294117647058826
0.2777777777777778
0.15789473684210525
0.17391304347826086
0.13043478260869565
0.24
0.28
0.23809523809523808
0.09523809523809523
0.38095238095238093
0.35294117647058826
0.26666666666666666
0.3125
0.1111111111111111
0.3333333333333333
0.2631578947368421
0.3125
0.2
0.3684210526315789
0.3125
0.2
0.1875
0.14285714285714285
0.125
0.4
0.2
0.4
0.0625
0.2777777777777778
0.2777777777777778
0.35294117647058826
0.15789473684210525
0.22727272727272727
0.23809523809523808
0.19047619047619047
0.21052631578947367
0.35294117647058826
0.13333333333333333
0.3157894736842105
0.3
0.3125
0.23529411764705882
0.35
0.16666666666666666
0.35294117647058826
0.35714285714285715
0.2
0.15
0.08
0.23333333333333334
0.25
0.2608695652173913
0.21052631578947367
0.10526315789473684
0.25
0.3157894736842105
0.11764705882352941
0.2631578947368421
0.2631578947368421
0.15789473684210525
0.05555555555555555
0.4
0.2631578947368421
0.2631578947368421
0.05263157894736842
0.21739130434782608
0.2608695652173913
0.391304347826087
0.21052631578947367
0.3333333333333333
0.2
0.17647058823529413
0.14285714285714285
0.19047619047619047
0.25
0.3333333333333333
0.25
0.35294117647058826
0.4
0.26666666666666666
0.2
0.4
0.2857142857142857
0.25
0.2
0.3157894736842105
0.23809523809523808
0.2
0.15789473684210525
0.36363636363636365
0.2857142857142857
0.21052631578947367
0.2777777777777778
0.2857142857142857
0.2777777777777778
0.23529411764705882
0.2631578947368421
0.2777777777777778
0.25
0.2777777777777778
0.14285714285714285
0.23809523809523808
0.35294117647058826
0.17647058823529413
0.25
0.23529411764705882
0.1875
0.21052631578947367
0.2
0.3333333333333333
0.3
0.2222222222222222
0.0
0.36363636363636365
0.32
0.25
0.21052631578947367
0.3157894736842105
0.21052631578947367
0.2631578947368421
0.2631578947368421
0.15
0.15
0.2857142857142857
0.22727272727272727
0.3181818181818182
0.30434782608695654
0.25
0.3157894736842105
0.26666666666666666
0.13333333333333333
0.2777777777777778
0.26666666666666666
0.25
0.5
0.2
0.3333333333333333
0.13333333333333333
0.125
0.4
0.21428571428571427
0.2222222222222222
0.25
0.25
0.2777777777777778
0.3125
0.3333333333333333
0.29411764705882354
0.3684210526315789
0.35
0.21052631578947367
0.3
0.2
0.2857142857142857
0.5263157894736842
0.07142857142857142
0.21052631578947367
0.1111111111111111
0.19047619047619047
0.14285714285714285
0.22727272727272727
0.3181818181818182
0.16666666666666666
0.3333333333333333
0.21052631578947367
0.18181818181818182
0.15
0.17391304347826086
0.2608695652173913
0.2222222222222222
0.3157894736842105
0.1875
0.2222222222222222
0.2631578947368421
0.1111111111111111
0.36363636363636365
0.29411764705882354
0.2222222222222222
0.3157894736842105
0.3684210526315789
0.2222222222222222
0.1111111111111111
0.2
0.3
0.2631578947368421
0.3684210526315789
0.25
0.2857142857142857
0.2777777777777778
0.1111111111111111
0.4444444444444444
0.15384615384615385
0.35294117647058826
0.29411764705882354
0.29411764705882354
0.23529411764705882
0.19047619047619047
0.22727272727272727
0.2631578947368421
0.25
0.43478260869565216
0.16666666666666666
0.16666666666666666
0.2
0.3333333333333333
0.22727272727272727
0.3157894736842105
0.2222222222222222
0.16666666666666666
0.1
0.30434782608695654
0.4090909090909091
0.2
0.15384615384615385
0.4117647058823529
0.2631578947368421
0.2222222222222222
0.17647058823529413
0.16666666666666666
0.16666666666666666
0.25
0.45
0.4
0.46153846153846156
0.07692307692307693
0.3333333333333333
0.21052631578947367
0.3333333333333333
0.5625
0.42857142857142855
0.21428571428571427
0.2
0.2
0.34782608695652173
0.2222222222222222
0.2222222222222222
0.2857142857142857
0.3888888888888889
0.25
0.16666666666666666
0.3684210526315789
0.125
0.2
0.23809523809523808
0.14285714285714285
0.38461538461538464
0.3333333333333333
0.2631578947368421
0.16666666666666666
0.2
0.23529411764705882
0.05555555555555555
0.25
0.19047619047619047
0.2
0.18181818181818182
0.25
0.21052631578947367
0.3157894736842105
0.29411764705882354
0.29411764705882354
0.25
0.17391304347826086
0.25
0.3
0.4
0.16666666666666666
0.047619047619047616
0.17391304347826086
0.2
0.2
0.22727272727272727
0.21052631578947367
0.2727272727272727
0.2631578947368421
0.3333333333333333
0.11764705882352941
0.3181818181818182
0.2
0.05263157894736842
0.16
0.32
0.2
0.15
0.18181818181818182
0.3157894736842105
0.17647058823529413
0.2222222222222222
0.14285714285714285
0.20833333333333334
0.36
0.3333333333333333
0.4
0.0
0.13636363636363635
0.20833333333333334
0.25
0.2727272727272727
0.25
0.3333333333333333
0.2777777777777778
0.3333333333333333
0.10526315789473684
0.2727272727272727
0.3
0.35
0.2631578947368421
0.21052631578947367
0.15
0.25
0.35294117647058826
0.4
0.15384615384615385
0.2
0.3157894736842105
0.25
0.16666666666666666
0.14285714285714285
0.16
0.2608695652173913
0.2857142857142857
0.13636363636363635
0.3333333333333333
0.3157894736842105
0.26666666666666666
0.23529411764705882
0.3157894736842105
0.23529411764705882
0.23529411764705882
0.1875
0.2777777777777778
0.3125
0.23529411764705882
0.1
0.18181818181818182
0.2916666666666667
0.3333333333333333
0.2727272727272727
0.2857142857142857
0.15789473684210525
0.25
0.10526315789473684
0.2608695652173913
0.08695652173913043
0.23076923076923078
0.21739130434782608
0.3333333333333333
0.25
0.125
0.3333333333333333
0.2631578947368421
0.11764705882352941
0.3157894736842105
0.17647058823529413
0.3333333333333333
0.17647058823529413
0.3125
0.23529411764705882
0.35294117647058826
0.13333333333333333
0.21052631578947367
0.18181818181818182
0.3333333333333333
0.17647058823529413
0.1875
0.23809523809523808
0.21052631578947367
0.30434782608695654
0.23809523809523808
0.23809523809523808
0.2777777777777778
0.21052631578947367
0.3333333333333333
0.35294117647058826
0.26666666666666666
0.2222222222222222
0.38095238095238093
0.058823529411764705
0.35
0.15789473684210525
0.2608695652173913
0.22727272727272727
0.14285714285714285
0.3181818181818182
0.29411764705882354
0.17647058823529413
0.15
0.18181818181818182
0.20833333333333334
0.17391304347826086
0.23076923076923078
0.2727272727272727
0.36363636363636365
0.29411764705882354
0.29411764705882354
0.17647058823529413
0.2
0.23529411764705882
0.3125
0.1875
0.35
0.21052631578947367
0.21052631578947367
0.42857142857142855
0.3333333333333333
0.2222222222222222
0.4117647058823529
0.3333333333333333
0.42857142857142855
0.2857142857142857
0.375
0.21052631578947367
0.3
0.25
0.25
0.42105263157894735
0.35294117647058826
0.5333333333333333
0.23076923076923078
0.35294117647058826
0.47368421052631576
0.14285714285714285
0.35294117647058826
0.3888888888888889
0.3076923076923077
0.15384615384615385
0.17647058823529413
0.16666666666666666
0.2857142857142857
0.17647058823529413
0.125
0.15
0.3333333333333333
0.25
0.13636363636363635
0.375
0.21052631578947367
0.15
0.19047619047619047
0.4
0.1111111111111111
0.4
0.10526315789473684
0.3333333333333333
0.11764705882352941
0.3333333333333333
0.25
0.23529411764705882
0.3333333333333333
0.375
0.125
0.2727272727272727
0.3
0.17647058823529413
0.15789473684210525
0.19047619047619047
0.2916666666666667
0.047619047619047616
0.36363636363636365
0.3157894736842105
0.15789473684210525
0.55
0.2
0.4444444444444444
0.4
0.4117647058823529
0.1875
0.16666666666666666
0.15789473684210525
0.35
0.2777777777777778
0.16666666666666666
0.3
0.22727272727272727
0.25
0.11764705882352941
0.2
0.22727272727272727
0.2727272727272727
0.42857142857142855
0.2222222222222222
0.4
0.2222222222222222
0.10526315789473684
0.3333333333333333
0.3333333333333333
0.125
0.15
0.1
0.17391304347826086
0.21739130434782608
0.34782608695652173
0.2222222222222222
0.23809523809523808
0.3181818181818182
0.3157894736842105
0.3157894736842105
0.25
0.125
0.2777777777777778
0.3333333333333333
0.18181818181818182
0.3
0.11764705882352941
0.2631578947368421
0.21052631578947367
0.25
0.17391304347826086
0.16
0.32
0.3333333333333333
0.2222222222222222
0.1111111111111111
0.21052631578947367
0.47368421052631576
0.23529411764705882
0.2777777777777778
0.07142857142857142
0.16666666666666666
0.18181818181818182
0.375
0.3888888888888889
0.2
0.25
0.29411764705882354
0.25
0.3
0.3125
0.25
0.35
0.35294117647058826
0.15
0.2727272727272727
0.3
0.29411764705882354
0.21052631578947367
0.4444444444444444
0.0625
0.29411764705882354
0.11764705882352941
0.15789473684210525
0.25
0.23529411764705882
0.17647058823529413
0.2777777777777778
0.3333333333333333
0.2222222222222222
0.2777777777777778
0.2
0.3684210526315789
0.23529411764705882
0.3333333333333333
0.3333333333333333
0.3125
0.3125
0.17647058823529413
0.25
0.2
0.2
0.17391304347826086
0.3333333333333333
0.16666666666666666
0.2222222222222222
0.2857142857142857
0.35
0.3125
0.2857142857142857
0.07692307692307693
0.42857142857142855
0.3157894736842105
0.2631578947368421
0.15789473684210525
0.14285714285714285
0.375
0.21052631578947367
0.19047619047619047
0.15789473684210525
0.3333333333333333
0.2857142857142857
0.21052631578947367
0.35
0.1875
0.21052631578947367
0.23529411764705882
0.2777777777777778
0.35294117647058826
0.15789473684210525
0.4
0.25
0.21052631578947367
0.16666666666666666
0.15789473684210525
0.3157894736842105
0.3333333333333333
0.35714285714285715
0.26666666666666666
0.23529411764705882
0.2631578947368421
0.25
0.3333333333333333
0.2631578947368421
0.2222222222222222
0.23809523809523808
0.2727272727272727
0.38095238095238093
0.29411764705882354
0.29411764705882354
0.10526315789473684
0.2857142857142857
0.23809523809523808
0.24
0.22727272727272727
0.19047619047619047
0.3
0.21052631578947367
0.21052631578947367
0.25
0.19047619047619047
0.24
0.13636363636363635
0.16666666666666666
0.12
0.23076923076923078
0.2916666666666667
0.45
0.2222222222222222
0.16666666666666666
0.42857142857142855
0.17647058823529413
0.21052631578947367
0.2608695652173913
0.3
0.19047619047619047
0.2631578947368421
0.2857142857142857
0.29411764705882354
0.2
0.35294117647058826
0.3333333333333333
0.35714285714285715
0.3125
0.13333333333333333
0.21052631578947367
0.20833333333333334
0.17391304347826086
0.09523809523809523
0.2608695652173913
0.10526315789473684
0.16666666666666666
0.18181818181818182
0.4090909090909091
0.2777777777777778
0.13333333333333333
0.2631578947368421
0.14285714285714285
0.2916666666666667
0.28
0.45
0.25
0.2777777777777778
0.2222222222222222
0.17647058823529413
0.2222222222222222
0.17647058823529413
0.23529411764705882
0.16666666666666666
0.35
0.2631578947368421
0.2222222222222222
0.2
0.16666666666666666
0.2
0.3333333333333333
0.05263157894736842
0.30434782608695654
0.19047619047619047
0.391304347826087
0.3888888888888889
0.3076923076923077
0.08333333333333333
0.11764705882352941
0.25
0.2222222222222222
0.19047619047619047
0.15
0.25
0.2
0.25
0.2857142857142857
0.42857142857142855
0.2
0.125
0.3333333333333333
0.2777777777777778
0.2222222222222222
0.16666666666666666
0.2727272727272727
0.42857142857142855
0.058823529411764705
0.2631578947368421
0.23529411764705882
0.2857142857142857
0.125
0.2857142857142857
0.22727272727272727
0.12
0.16666666666666666
0.20833333333333334
0.28
0.3
0.21052631578947367
0.2631578947368421
0.4
0.2857142857142857
0.3125
0.23076923076923078
0.14285714285714285
0.4117647058823529
0.3333333333333333
0.2222222222222222
0.15
0.18181818181818182
0.20833333333333334
0.38095238095238093
0.058823529411764705
0.15
0.08695652173913043
0.18181818181818182
0.09523809523809523
0.21739130434782608
0.14285714285714285
0.4166666666666667
0.3
0.3333333333333333
0.1875
0.4375
0.1875
0.3888888888888889
0.29411764705882354
0.47058823529411764
0.4166666666666667
0.2
0.058823529411764705
0.2916666666666667
0.2608695652173913
0.36363636363636365
0.058823529411764705
0.19047619047619047
0.34782608695652173
0.29411764705882354
0.4375
0.38461538461538464
0.25
0.3076923076923077
0.35294117647058826
0.1875
0.16666666666666666
0.3
0.29411764705882354
0.1875
0.11764705882352941
0.42105263157894735
0.3333333333333333
0.16666666666666666
0.09523809523809523
0.20833333333333334
0.36363636363636365
0.3157894736842105
0.11764705882352941
0.15789473684210525
0.2608695652173913
0.2608695652173913
0.2857142857142857
0.29411764705882354
0.4117647058823529
0.29411764705882354
0.35294117647058826
0.2222222222222222
0.2
0.35294117647058826
0.25
0.29411764705882354
0.26666666666666666
0.2222222222222222
0.38095238095238093
0.21052631578947367
0.25
0.3157894736842105
0.17647058823529413
0.11764705882352941
0.29411764705882354
0.26666666666666666
0.2857142857142857
0.16666666666666666
0.19047619047619047
0.30434782608695654
0.2857142857142857
0.15789473684210525
0.2631578947368421
0.2
0.19047619047619047
0.05555555555555555
0.2
0.23809523809523808
0.25
0.1111111111111111
0.20833333333333334
0.2608695652173913
0.45
0.47058823529411764
0.46153846153846156
0.38461538461538464
0.1875
0.3684210526315789
0.2777777777777778
0.375
0.25
0.25
0.3333333333333333
0.4117647058823529
0.2857142857142857
0.17647058823529413
0.35
0.2
0.2777777777777778
0.11764705882352941
0.16666666666666666
0.2222222222222222
0.2727272727272727
0.2777777777777778
0.13333333333333333
0.3
0.23529411764705882
0.2857142857142857
0.23809523809523808
0.25
0.2857142857142857
0.2
0.3684210526315789
0.058823529411764705
0.36
0.3888888888888889
0.29411764705882354
0.25
0.3
0.23529411764705882
0.3
0.2222222222222222
0.2777777777777778
0.45
0.29411764705882354
0.2
0.16666666666666666
0.17647058823529413
0.18181818181818182
0.2608695652173913
0.13636363636363635
0.30434782608695654
0.21052631578947367
0.2222222222222222
0.21052631578947367
0.38095238095238093
0.2631578947368421
0.25
0.10526315789473684
0.2222222222222222
0.2
0.14285714285714285
0.2857142857142857
0.2727272727272727
0.16666666666666666
0.16666666666666666
0.2857142857142857
0.14285714285714285
0.2
0.16
0.25
0.34782608695652173
0.21052631578947367
0.36363636363636365
0.2222222222222222
0.2
0.23809523809523808
0.19047619047619047
0.2777777777777778
0.16666666666666666
0.21052631578947367
0.35294117647058826
0.3
0.23529411764705882
0.2777777777777778
0.3333333333333333
0.4117647058823529
0.16666666666666666
0.2777777777777778
0.1111111111111111
0.3333333333333333
0.17647058823529413
0.19047619047619047
0.045454545454545456
0.25
0.3181818181818182
0.16666666666666666
0.25
0.35
0.25
0.15789473684210525
0.30434782608695654
0.15789473684210525
0.2
0.25
0.2727272727272727
0.2
0.25
0.3684210526315789
0.07692307692307693
0.16666666666666666
0.10526315789473684
0.45
0.3888888888888889
0.375
0.3125
0.125
0.16666666666666666
0.45454545454545453
0.16666666666666666
0.3157894736842105
0.2631578947368421
0.45454545454545453
0.23076923076923078
0.2857142857142857
0.26666666666666666
0.1875
0.4
0.35
0.45
0.3
0.35294117647058826
0.17647058823529413
0.1111111111111111
0.2
0.2608695652173913
0.23809523809523808
0.3181818181818182
0.16666666666666666
0.2727272727272727
0.25
0.2857142857142857
0.3157894736842105
0.4117647058823529
0.25
0.14285714285714285
0.17647058823529413
0.4444444444444444
0.15789473684210525
0.3
0.21052631578947367
0.18181818181818182
0.19047619047619047
0.3
0.21052631578947367
0.16666666666666666
0.3181818181818182
0.09523809523809523
0.21739130434782608
0.14285714285714285
0.17391304347826086
0.17391304347826086
0.2857142857142857
0.35294117647058826
0.125
0.42105263157894735
0.2857142857142857
0.2222222222222222
0.35
0.3888888888888889
0.25
0.3125
0.38461538461538464
0.23076923076923078
0.26666666666666666
0.2
0.16666666666666666
0.21739130434782608
0.2916666666666667
0.2727272727272727
0.42105263157894735
0.375
0.11764705882352941
0.2777777777777778
0.38095238095238093
0.29411764705882354
0.3333333333333333
0.3333333333333333
0.058823529411764705
0.3
0.29411764705882354
0.05263157894736842
0.15
0.3181818181818182
0.3333333333333333
0.2
0.3684210526315789
0.1875
0.13636363636363635
0.2727272727272727
0.2222222222222222
0.3888888888888889
0.2857142857142857
0.22727272727272727
0.21052631578947367
0.045454545454545456
0.25925925925925924
0.28
0.25
0.23809523809523808
0.25
0.29411764705882354
0.2777777777777778
0.21052631578947367
0.3
0.23809523809523808
0.15
0.17391304347826086
0.375
0.3
0.15789473684210525
0.35
0.35294117647058826
0.26666666666666666
0.2
0.1111111111111111
0.42857142857142855
0.2
0.2222222222222222
0.35
0.23529411764705882
0.16666666666666666
0.3333333333333333
0.1875
0.10526315789473684
0.19047619047619047
0.34782608695652173
0.25
0.2222222222222222
0.16666666666666666
0.21052631578947367
0.25
0.3333333333333333
0.2631578947368421
0.4
0.29411764705882354
0.4117647058823529
0.3125
0.26666666666666666
0.05263157894736842
0.4090909090909091
0.29411764705882354
0.1875
0.2857142857142857
0.21052631578947367
0.30434782608695654
0.4
0.2777777777777778
0.2777777777777778
0.2631578947368421
0.3333333333333333
0.1875
0.1
0.10526315789473684
0.21739130434782608
0.20833333333333334
0.21739130434782608
0.2727272727272727
0.14285714285714285
0.25
0.35
0.1
0.22727272727272727
0.25
0.3
0.3
0.47058823529411764
0.14285714285714285
0.17647058823529413
0.2631578947368421
0.25
0.23529411764705882
0.15789473684210525
0.25
0.21052631578947367
0.2631578947368421
0.23809523809523808
0.2631578947368421
0.1875
0.3684210526315789
0.23529411764705882
0.23809523809523808
0.15789473684210525
0.3
0.5263157894736842
0.46153846153846156
0.25
0.25
0.3125
0.29411764705882354
0.29411764705882354
0.2777777777777778
0.25
0.3
0.45
0.15384615384615385
0.21052631578947367
0.45
0.23529411764705882
0.16666666666666666
0.2777777777777778
0.4117647058823529
0.4375
0.26666666666666666
0.23076923076923078
0.23529411764705882
0.3
0.23809523809523808
0.2857142857142857
0.3333333333333333
0.2
0.15789473684210525
0.19047619047619047
0.2
0.23809523809523808
0.23809523809523808
0.15
0.2727272727272727
0.15
0.2727272727272727
0.08695652173913043
0.2916666666666667
0.14285714285714285
0.24
0.2608695652173913
0.21052631578947367
0.05555555555555555
0.1
0.30434782608695654
0.23809523809523808
0.36363636363636365
0.35294117647058826
0.3125
0.125
0.2857142857142857
0.2608695652173913
0.3181818181818182
0.09523809523809523
0.3684210526315789
0.3
0.38095238095238093
0.3125
0.23076923076923078
0.35714285714285715
0.21428571428571427
0.08333333333333333
0.2
0.3333333333333333
0.3157894736842105
0.1111111111111111
0.15789473684210525
0.3333333333333333
0.18181818181818182
0.3181818181818182
0.15
0.3684210526315789
0.19047619047619047
0.2857142857142857
0.18181818181818182
0.2857142857142857
0.16666666666666666
0.16666666666666666
0.2857142857142857
0.18181818181818182
0.24
0.20833333333333334
0.2608695652173913
0.23809523809523808
0.16666666666666666
0.21052631578947367
0.3157894736842105
0.2631578947368421
0.2631578947368421
0.25
0.23529411764705882
0.3333333333333333
0.3333333333333333
0.3888888888888889
0.23529411764705882
0.2631578947368421
0.3157894736842105
0.2222222222222222
0.3333333333333333
0.13636363636363635
0.30434782608695654
0.15
0.2631578947368421
0.18181818181818182
0.3333333333333333
0.2
0.25
0.3684210526315789
0.2857142857142857
0.047619047619047616
0.16666666666666666
0.16666666666666666
0.36
0.21052631578947367
0.2631578947368421
0.125
0.16666666666666666
0.2222222222222222
0.09523809523809523
0.2692307692307692
0.3181818181818182
0.25
0.17647058823529413
0.1111111111111111
0.2608695652173913
0.36363636363636365
0.17647058823529413
0.4
0.25
0.3333333333333333
0.2777777777777778
0.15
0.13636363636363635
0.16666666666666666
0.24
0.22727272727272727
0.35
0.375
0.38461538461538464
0.4
0.26666666666666666
0.375
0.3333333333333333
0.29411764705882354
0.21052631578947367
0.2777777777777778
0.3333333333333333
0.16666666666666666
0.2631578947368421
0.15789473684210525
0.25
0.22727272727272727
0.4
0.2222222222222222
0.2222222222222222
0.4444444444444444
0.25
0.375
0.10526315789473684
0.23809523809523808
0.23809523809523808
0.35
0.3333333333333333
0.26666666666666666
0.2
0.16666666666666666
0.3181818181818182
0.2777777777777778
0.23529411764705882
0.2
0.17391304347826086
0.21052631578947367
0.25
0.15
0.19047619047619047
0.22727272727272727
0.08695652173913043
0.34615384615384615
0.25
0.4117647058823529
0.38461538461538464
0.21428571428571427
0.23529411764705882
0.35294117647058826
0.09523809523809523
0.13636363636363635
0.24
0.2
0.21739130434782608
0.09523809523809523
0.38095238095238093
0.2222222222222222
0.3333333333333333
0.3333333333333333
0.2
0.15789473684210525
0.3
0.25
0.2222222222222222
0.17647058823529413
0.25
0.21052631578947367
0.3333333333333333
0.3333333333333333
0.21052631578947367
0.0
0.16666666666666666
0.34782608695652173
0.25
0.11764705882352941
0.3
0.17647058823529413
0.25
0.30434782608695654
0.29411764705882354
0.375
0.058823529411764705
0.18181818181818182
0.30434782608695654
0.2631578947368421
0.14285714285714285
0.22727272727272727
0.391304347826087
0.25
0.23529411764705882
0.2631578947368421
0.10526315789473684
0.3333333333333333
0.15789473684210525
0.3333333333333333
0.21052631578947367
0.35
0.25
0.1111111111111111
0.19047619047619047
0.22727272727272727
0.15
0.21052631578947367
0.15789473684210525
0.22727272727272727
0.30434782608695654
0.3
0.25
0.3333333333333333
0.21052631578947367
0.2222222222222222
0.17647058823529413
0.15789473684210525
0.25
0.3181818181818182
0.14285714285714285
0.24
0.2608695652173913
0.19047619047619047
0.21052631578947367
0.2
0.22727272727272727
0.34782608695652173
0.47368421052631576
0.23076923076923078
0.125
0.2631578947368421
0.19047619047619047
0.19047619047619047
0.25
0.2777777777777778
0.3333333333333333
0.4444444444444444
0.2222222222222222
0.25
0.25
0.3157894736842105
0.3157894736842105
0.125
0.3684210526315789
0.42105263157894735
0.25
0.1875
0.3125
0.2777777777777778
0.15789473684210525
0.22727272727272727
0.23809523809523808
0.19047619047619047
0.20833333333333334
0.2692307692307692
0.13636363636363635
0.3181818181818182
0.13636363636363635
0.13636363636363635
0.34782608695652173
0.23809523809523808
0.2222222222222222
0.05263157894736842
0.2727272727272727
0.3333333333333333
0.10526315789473684
0.2631578947368421
0.14285714285714285
0.19047619047619047
0.2857142857142857
0.25
0.15
0.45454545454545453
0.2
0.15384615384615385
0.09523809523809523
0.32
0.1
0.2916666666666667
0.14285714285714285
0.3333333333333333
0.1
0.36363636363636365
0.3157894736842105
0.15
0.09523809523809523
0.25
0.23809523809523808
0.35
0.2222222222222222
0.2777777777777778
0.1875
0.1111111111111111
0.23809523809523808
0.2
0.45
0.3125
0.25
0.17647058823529413
0.19047619047619047
0.2727272727272727
0.3181818181818182
0.15
0.3157894736842105
0.06666666666666667
0.2857142857142857
0.18181818181818182
0.3333333333333333
0.2777777777777778
0.29411764705882354
0.17647058823529413
0.3157894736842105
0.05263157894736842
0.23809523809523808
0.16666666666666666
0.14814814814814814
0.24
0.3333333333333333
0.17647058823529413
0.3333333333333333
0.1875
0.3157894736842105
0.21052631578947367
0.2222222222222222
0.36363636363636365
0.10526315789473684
0.15
0.24
0.25
0.05
0.32
0.15789473684210525
0.14285714285714285
0.36363636363636365
0.3157894736842105
0.23529411764705882
0.25
0.125
0.2631578947368421
0.29411764705882354
0.3157894736842105
0.21052631578947367
0.16666666666666666
0.05263157894736842
0.22727272727272727
0.2727272727272727
0.29411764705882354
0.26666666666666666
0.16666666666666666
0.0
0.25
0.047619047619047616
0.2222222222222222
0.3076923076923077
0.18181818181818182
0.3
0.25
0.35294117647058826
0.23529411764705882
0.15
0.2727272727272727
0.25
0.3
0.15789473684210525
0.14285714285714285
0.23809523809523808
0.2631578947368421
0.2631578947368421
0.3333333333333333
0.3125
0.2857142857142857
0.2222222222222222
0.17647058823529413
0.42857142857142855
0.35294117647058826
0.3125
0.2222222222222222
0.2
0.2857142857142857
0.2
0.22727272727272727
0.22727272727272727
0.10526315789473684
0.19047619047619047
0.22727272727272727
0.23809523809523808
0.14285714285714285
0.2857142857142857
0.15
0.15
0.22727272727272727
0.18181818181818182
0.22727272727272727
0.38095238095238093
0.4117647058823529
0.13333333333333333
0.29411764705882354
0.14285714285714285
0.2608695652173913
0.36
0.19047619047619047
0.2608695652173913
0.15
0.23809523809523808
0.14285714285714285
0.1
0.19047619047619047
0.2
0.25
0.3
0.3333333333333333
0.25
0.47058823529411764
0.3333333333333333
0.13333333333333333
0.23529411764705882
0.35294117647058826
0.15789473684210525
0.23529411764705882
0.21052631578947367
0.25
0.21052631578947367
0.25
0.21052631578947367
0.19047619047619047
0.15
0.10526315789473684
0.2727272727272727
0.2727272727272727
0.2777777777777778
0.35294117647058826
0.3333333333333333
0.125
0.16666666666666666
0.3
0.2
0.25
0.22727272727272727
0.3333333333333333
0.2777777777777778
0.2777777777777778
0.21052631578947367
0.2631578947368421
0.17647058823529413
0.2631578947368421
0.10526315789473684
0.375
0.25
0.3
0.05263157894736842
0.14285714285714285
0.07692307692307693
0.3103448275862069
0.14285714285714285
0.20833333333333334
0.36363636363636365
0.25
0.14285714285714285
0.09523809523809523
0.09090909090909091
0.2692307692307692
0.2608695652173913
0.38095238095238093
0.16666666666666666
0.21739130434782608
0.24
0.15
0.2
0.3
0.25
0.17647058823529413
0.4444444444444444
0.14285714285714285
0.2777777777777778
0.3
0.3157894736842105
0.46153846153846156
0.25
0.4
0.16666666666666666
0.3333333333333333
0.15789473684210525
0.19047619047619047
0.34782608695652173
0.2777777777777778
0.35294117647058826
0.125
0.3157894736842105
0.4444444444444444
0.125
0.35
0.3684210526315789
0.3125
0.25
0.26666666666666666
0.2
0.25
0.3888888888888889
0.1875
0.16666666666666666
0.3333333333333333
0.25
0.2777777777777778
0.17647058823529413
0.23809523809523808
0.2222222222222222
0.2631578947368421
0.35
0.47058823529411764
0.11764705882352941
0.21052631578947367
0.17647058823529413
0.3333333333333333
0.1
0.20833333333333334
0.17391304347826086
0.16
0.23076923076923078
0.043478260869565216
0.25
0.19047619047619047
0.2857142857142857
0.35294117647058826
0.2777777777777778
0.06666666666666667
0.35
0.3
0.14285714285714285
0.4
0.25
0.23809523809523808
0.2777777777777778
0.25
0.17647058823529413
0.15789473684210525
0.23809523809523808
0.3684210526315789
0.2857142857142857
0.14285714285714285
0.1111111111111111
0.1
0.2916666666666667
0.4090909090909091
0.29411764705882354
0.375
0.26666666666666666
0.25
0.42105263157894735
0.17647058823529413
0.29411764705882354
0.23076923076923078
0.25
0.15
0.047619047619047616
0.23076923076923078
0.44
0.2222222222222222
0.3333333333333333
0.2
0.11764705882352941
0.10526315789473684
0.23809523809523808
0.2
0.3157894736842105
0.2222222222222222
0.17647058823529413
0.10526315789473684
0.34782608695652173
0.21052631578947367
0.42105263157894735
0.06666666666666667
0.34782608695652173
0.3181818181818182
0.09523809523809523
0.28
0.18181818181818182
0.16666666666666666
0.21739130434782608
0.35
0.2777777777777778
0.2631578947368421
0.3684210526315789
0.2222222222222222
0.2777777777777778
0.16666666666666666
0.3684210526315789
0.2
0.36363636363636365
0.3157894736842105
0.2777777777777778
0.125
0.15
0.2777777777777778
0.2777777777777778
0.16666666666666666
0.21052631578947367
0.2222222222222222
0.2727272727272727
0.2608695652173913
0.22727272727272727
0.25
0.21052631578947367
0.11764705882352941
0.3684210526315789
0.25
0.23529411764705882
0.21052631578947367
0.21052631578947367
0.15
0.2727272727272727
0.21052631578947367
0.2857142857142857
0.23809523809523808
0.2
0.3157894736842105
0.2222222222222222
0.16666666666666666
0.47368421052631576
0.35714285714285715
0.14285714285714285
0.3333333333333333
0.3333333333333333
0.17647058823529413
0.3157894736842105
0.3684210526315789
0.4117647058823529
0.23529411764705882
0.2
0.25
0.18181818181818182
0.21739130434782608
0.2727272727272727
0.23809523809523808
0.3
0.5625
0.3125
0.11764705882352941
0.1111111111111111
0.22727272727272727
0.4090909090909091
0.3684210526315789
0.2857142857142857
0.07142857142857142
0.35294117647058826
0.125
0.16666666666666666
0.2857142857142857
0.2631578947368421
0.1111111111111111
0.25
0.42105263157894735
0.3125
0.17647058823529413
0.29411764705882354
0.4666666666666667
0.21428571428571427
0.2
0.3157894736842105
0.3181818181818182
0.23529411764705882
0.2777777777777778
0.05
0.3333333333333333
0.2222222222222222
0.3333333333333333
0.17647058823529413
0.2777777777777778
0.21739130434782608
0.2
0.2
0.3181818181818182
0.3157894736842105
0.1875
0.3
0.25
0.2631578947368421
0.19047619047619047
0.22727272727272727
0.2727272727272727
0.2777777777777778
0.23529411764705882
0.1111111111111111
0.2631578947368421
0.15789473684210525
0.30434782608695654
0.2631578947368421
0.3684210526315789
0.15789473684210525
0.18181818181818182
0.21739130434782608
0.19047619047619047
0.42105263157894735
0.1875
0.1875
0.3333333333333333
0.1875
0.23809523809523808
0.25
0.2777777777777778
0.21052631578947367
0.17391304347826086
0.3181818181818182
0.11764705882352941
0.3333333333333333
0.2
0.2631578947368421
0.2222222222222222
0.5263157894736842
0.38461538461538464
0.3157894736842105
0.1875
0.15
0.3333333333333333
0.23809523809523808
0.25
0.15
0.2631578947368421
0.3157894736842105
0.35294117647058826
0.2222222222222222
0.3333333333333333
0.35
0.2
0.2631578947368421
0.23529411764705882
0.375
0.3125
0.15789473684210525
0.25
0.35
0.3125
0.07142857142857142
0.05263157894736842
0.23809523809523808
0.36363636363636365
0.29411764705882354
0.2777777777777778
0.23529411764705882
0.16666666666666666
0.3333333333333333
0.2
0.25
0.15
0.3
0.3333333333333333
0.4
0.21428571428571427
0.4117647058823529
0.14285714285714285
0.13333333333333333
0.3333333333333333
0.2
0.25
0.2
0.3
0.3333333333333333
0.3
0.21052631578947367
0.23809523809523808
0.23809523809523808
0.18181818181818182
0.30434782608695654
0.2727272727272727
0.058823529411764705
0.23809523809523808
0.23809523809523808
0.3181818181818182
0.2631578947368421
0.15
0.25
0.2631578947368421
0.15
0.3
0.25
0.23809523809523808
0.3157894736842105
0.2
0.17647058823529413
0.21052631578947367
0.3
0.125
0.2222222222222222
0.2631578947368421
0.2
0.3333333333333333
0.375
0.15384615384615385
0.23529411764705882
0.16666666666666666
0.2857142857142857
0.2777777777777778
0.2222222222222222
0.5
0.13333333333333333
0.3333333333333333
0.21052631578947367
0.2222222222222222
0.25
0.15
0.2
0.2222222222222222
0.3
0.2727272727272727
0.3
0.26666666666666666
0.29411764705882354
0.05555555555555555
0.22727272727272727
0.34782608695652173
0.2777777777777778
0.058823529411764705
0.2631578947368421
0.29411764705882354
0.25
0.17647058823529413
0.3125
0.3125
0.06666666666666667
0.2631578947368421
0.2631578947368421
0.1
0.30434782608695654
0.2777777777777778
0.2777777777777778
0.35294117647058826
0.2777777777777778
0.2
0.22727272727272727
0.4117647058823529
0.2
0.3125
0.2631578947368421
0.23809523809523808
0.35
0.1875
0.2222222222222222
0.2777777777777778
0.2222222222222222
0.42105263157894735
0.23076923076923078
0.1875
0.2
0.2727272727272727
0.14285714285714285
0.22727272727272727
0.21739130434782608
0.2727272727272727
0.3333333333333333
0.15
0.22727272727272727
0.3
0.2
0.25
0.17647058823529413
0.3888888888888889
0.3
0.2
0.18181818181818182
0.2727272727272727
0.3181818181818182
0.10526315789473684
0.42105263157894735
0.1
0.08695652173913043
0.18518518518518517
0.2222222222222222
0.25
0.2631578947368421
0.375
0.26666666666666666
0.14285714285714285
0.23809523809523808
0.23809523809523808
0.3684210526315789
0.3157894736842105
0.29411764705882354
0.16666666666666666
0.3
0.3157894736842105
0.2608695652173913
0.2727272727272727
0.3333333333333333
0.4117647058823529
0.2777777777777778
0.38095238095238093
0.125
0.45
0.125
0.2
0.2
0.2
0.23076923076923078
0.28
0.2
0.3157894736842105
0.29411764705882354
0.058823529411764705
0.23809523809523808
0.23809523809523808
0.13636363636363635
0.23809523809523808
0.21052631578947367
0.2
0.2631578947368421
0.25
0.21052631578947367
0.16666666666666666
0.24
0.23809523809523808
0.35
0.15789473684210525
0.2631578947368421
0.4
0.23529411764705882
0.2222222222222222
0.15
0.21052631578947367
0.25
0.2222222222222222
0.22727272727272727
0.3181818181818182
0.15789473684210525
0.1
0.36363636363636365
0.15
0.19047619047619047
0.25
0.2222222222222222
0.2631578947368421
0.3
0.1875
0.2222222222222222
0.35294117647058826
0.26666666666666666
0.4117647058823529
0.2222222222222222
0.23809523809523808
0.25
0.25
0.3333333333333333
0.21052631578947367
0.35
0.10526315789473684
0.2
0.19047619047619047
0.15
0.19047619047619047
0.35
0.3125
0.17647058823529413
0.2222222222222222
0.1111111111111111
0.23809523809523808
0.23809523809523808
0.2857142857142857
0.3333333333333333
0.3157894736842105
0.23529411764705882
0.2222222222222222
0.23809523809523808
0.3333333333333333
0.23529411764705882
0.2222222222222222
0.3
0.42105263157894735
0.26666666666666666
0.2
0.17647058823529413
0.3157894736842105
0.29411764705882354
0.16666666666666666
0.2
0.19047619047619047
0.22727272727272727
0.20833333333333334
0.45454545454545453
0.35294117647058826
0.1875
0.3333333333333333
0.23529411764705882
0.16666666666666666
0.15789473684210525
0.25
0.21052631578947367
0.2727272727272727
0.2857142857142857
0.2631578947368421
0.4
0.21428571428571427
0.16666666666666666
0.35
0.17647058823529413
0.3333333333333333
0.26666666666666666
0.35714285714285715
0.07142857142857142
0.3888888888888889
0.3333333333333333
0.2631578947368421
0.21052631578947367
0.14285714285714285
0.2727272727272727
0.2
0.4117647058823529
0.5
0.18181818181818182
0.23529411764705882
0.3333333333333333
0.25
0.11764705882352941
0.2
0.18181818181818182
0.22727272727272727
0.38095238095238093
0.2777777777777778
0.05555555555555555
0.15
0.2
0.2631578947368421
0.15789473684210525
0.15789473684210525
0.22727272727272727
0.08695652173913043
0.25925925925925924
0.19047619047619047
0.23809523809523808
0.3157894736842105
0.15789473684210525
0.30434782608695654
0.10526315789473684
0.17391304347826086
0.3181818181818182
0.2777777777777778
0.2
0.3
0.2777777777777778
0.35294117647058826
0.2222222222222222
0.14285714285714285
0.19047619047619047
0.3
0.23529411764705882
0.2631578947368421
0.23529411764705882
0.15
0.19047619047619047
0.3333333333333333
0.19047619047619047
0.23809523809523808
0.3
0.15789473684210525
0.19047619047619047
0.18181818181818182
0.23809523809523808
0.09090909090909091
0.16
0.2608695652173913
0.23809523809523808
0.25
0.1
0.32
0.2727272727272727
0.2222222222222222
0.17647058823529413
0.3
0.25
0.3684210526315789
0.3333333333333333
0.23076923076923078
0.4375
0.25
0.2777777777777778
0.42857142857142855
0.3333333333333333
0.1875
0.2222222222222222
0.19047619047619047
0.2631578947368421
0.35
0.2857142857142857
0.3125
0.3125
0.3333333333333333
0.17647058823529413
0.2777777777777778
0.21052631578947367
0.23809523809523808
0.058823529411764705
0.17391304347826086
0.3333333333333333
0.21052631578947367
0.22727272727272727
0.2
0.2857142857142857
0.35294117647058826
0.21428571428571427
0.2857142857142857
0.14285714285714285
0.14285714285714285
0.3
0.23809523809523808
0.2222222222222222
0.2857142857142857
0.2857142857142857
0.16666666666666666
0.15789473684210525
0.05263157894736842
0.23076923076923078
0.2857142857142857
0.1111111111111111
0.47368421052631576
0.125
0.29411764705882354
0.0
0.2608695652173913
0.2
0.2
0.36363636363636365
0.23809523809523808
0.2
0.3
0.25
0.375
0.4444444444444444
0.3125
0.25
0.3125
0.4
0.29411764705882354
0.25
0.4
0.1875
0.2222222222222222
0.2777777777777778
0.4
0.25
0.05
0.36
0.17647058823529413
0.16666666666666666
0.3
0.2727272727272727
0.20833333333333334
0.17391304347826086
0.3181818181818182
0.2631578947368421
0.2222222222222222
0.16666666666666666
0.125
0.125
0.15384615384615385
0.19230769230769232
0.28
0.3181818181818182
0.23809523809523808
0.3
0.35294117647058826
0.29411764705882354
0.35714285714285715
0.375
0.5714285714285714
0.18181818181818182
0.26666666666666666
0.2222222222222222
0.2857142857142857
0.2
0.15789473684210525
0.15789473684210525
0.19047619047619047
0.25
0.2727272727272727
0.38095238095238093
0.3157894736842105
0.3333333333333333
0.21428571428571427
0.21428571428571427
0.3684210526315789
0.375
0.4
0.058823529411764705
0.3333333333333333
0.17647058823529413
0.4
0.1111111111111111
0.2608695652173913
0.22727272727272727
0.3
0.29411764705882354
0.23529411764705882
0.35294117647058826
0.3125
0.4666666666666667
0.3333333333333333
0.3125
0.3333333333333333
0.46153846153846156
0.3333333333333333
0.16666666666666666
0.25
0.2857142857142857
0.21052631578947367
0.2857142857142857
0.42105263157894735
0.3125
0.2222222222222222
0.21052631578947367
0.2777777777777778
0.3125
0.2631578947368421
0.2222222222222222
0.2857142857142857
0.17647058823529413
0.19047619047619047
0.19047619047619047
0.2
0.3157894736842105
0.16666666666666666
0.2
0.36363636363636365
0.3157894736842105
0.15789473684210525
0.3157894736842105
0.2631578947368421
0.2777777777777778
0.23529411764705882
0.3333333333333333
0.2777777777777778
0.1111111111111111
0.30434782608695654
0.2857142857142857
0.23809523809523808
0.25
0.47368421052631576
0.2857142857142857
0.2857142857142857
0.06666666666666667
0.1
0.30434782608695654
0.2857142857142857
0.2
0.3
0.16666666666666666
0.35294117647058826
0.23529411764705882
0.21052631578947367
0.2222222222222222
0.3333333333333333
0.23529411764705882
0.25
0.3
0.3
0.15789473684210525
0.15789473684210525
0.35
0.26666666666666666
0.2
0.42105263157894735
0.13333333333333333
0.17647058823529413
0.3157894736842105
0.16666666666666666
0.36363636363636365
0.10526315789473684
0.25
0.3333333333333333
0.11764705882352941
0.2631578947368421
0.2
0.25
0.3157894736842105
0.13333333333333333
0.15
0.18181818181818182
0.15789473684210525
0.2916666666666667
0.3
0.2222222222222222
0.05
0.16666666666666666
0.24
0.2857142857142857
0.19047619047619047
0.2222222222222222
0.2608695652173913
0.14285714285714285
0.2916666666666667
0.15789473684210525
0.2
0.38095238095238093
0.3
0.2
0.21052631578947367
0.23809523809523808
0.2631578947368421
0.29411764705882354
0.3
0.05263157894736842
0.14285714285714285
0.2
0.35
0.3333333333333333
0.1875
0.2222222222222222
0.2631578947368421
0.3
0.2857142857142857
0.3157894736842105
0.3888888888888889
0.22727272727272727
0.4090909090909091
0.2222222222222222
0.2631578947368421
0.3
0.11764705882352941
0.23809523809523808
0.3333333333333333
0.1111111111111111
0.14285714285714285
0.25
0.18181818181818182
0.23809523809523808
0.21052631578947367
0.2631578947368421
0.3157894736842105
0.2
0.23529411764705882
0.125
0.3
0.17647058823529413
0.2222222222222222
0.2
0.42857142857142855
0.35294117647058826
0.1875
0.2631578947368421
0.25
0.16666666666666666
0.1111111111111111
0.13636363636363635
0.24
0.08695652173913043
0.25925925925925924
0.125
0.32
0.23809523809523808
0.30434782608695654
0.35
0.25
0.2631578947368421
0.25
0.38095238095238093
0.2222222222222222
0.45
0.07142857142857142
0.3333333333333333
0.15
0.30434782608695654
0.2631578947368421
0.15789473684210525
0.2222222222222222
0.3
0.23529411764705882
0.29411764705882354
0.4
0.29411764705882354
0.11764705882352941
0.25
0.4583333333333333
0.2777777777777778
0.17647058823529413
0.11764705882352941
0.3
0.0625
0.10526315789473684
0.08695652173913043
0.2916666666666667
0.3333333333333333
0.125
0.17647058823529413
0.3
0.3333333333333333
0.2631578947368421
0.2631578947368421
0.2777777777777778
0.25
0.16666666666666666
0.21052631578947367
0.22727272727272727
0.2
0.3
0.3333333333333333
0.2777777777777778
0.35714285714285715
0.4
0.29411764705882354
0.26666666666666666
0.29411764705882354
0.3125
0.23529411764705882
0.3684210526315789
0.2222222222222222
0.2631578947368421
0.3157894736842105
0.1875
0.25
0.16666666666666666
0.22727272727272727
0.13043478260869565
0.38095238095238093
0.4375
0.07692307692307693
0.3125
0.21428571428571427
0.2222222222222222
0.47368421052631576
0.21428571428571427
0.3157894736842105
0.3684210526315789
0.3125
0.23529411764705882
0.375
0.25
0.3157894736842105
0.125
0.3181818181818182
0.3888888888888889
0.13333333333333333
0.23809523809523808
0.2
0.23809523809523808
0.2727272727272727
0.16666666666666666
0.3888888888888889
0.16666666666666666
0.3684210526315789
0.23529411764705882
0.47368421052631576
0.4
0.125
0.2857142857142857
0.42857142857142855
0.16666666666666666
0.25
0.3
0.2857142857142857
0.09090909090909091
0.28
0.30434782608695654
0.2857142857142857
0.2222222222222222
0.375
0.25
0.11764705882352941
0.3333333333333333
0.2631578947368421
0.2777777777777778
0.2857142857142857
0.25
0.2222222222222222
0.19047619047619047
0.17391304347826086
0.2608695652173913
0.2
0.3333333333333333
0.3888888888888889
0.11764705882352941
0.2
0.2
0.23809523809523808
0.15
0.2608695652173913
0.23809523809523808
0.2777777777777778
0.21052631578947367
0.3157894736842105
0.375
0.06666666666666667
0.23529411764705882
0.058823529411764705
0.21739130434782608
0.2
0.24
0.25
0.21052631578947367
0.30434782608695654
0.25
0.19047619047619047
0.3
0.3157894736842105
0.125
0.2
0.05
0.18181818181818182
0.04
0.23076923076923078
0.3333333333333333
0.25
0.15789473684210525
0.21052631578947367
0.14285714285714285
0.3
0.3684210526315789
0.3333333333333333
0.3125
0.25
0.17647058823529413
0.2777777777777778
0.15789473684210525
0.2777777777777778
0.2777777777777778
0.21052631578947367
0.3181818181818182
0.47619047619047616
0.2
0.15789473684210525
0.3333333333333333
0.16666666666666666
0.3684210526315789
0.2222222222222222
0.3157894736842105
0.17647058823529413
0.23529411764705882
0.25
0.15
0.4
0.15
0.3
0.2
0.38095238095238093
0.3333333333333333
0.2222222222222222
0.3157894736842105
0.29411764705882354
0.2222222222222222
