Overall Mean: 40.44375
36.1
42.7
43.95
48.05
43.25
42.85
36.6
40.8
35.4
38.9
39.0
54.05
44.0
35.95
43.2
37.3
41.1
40.1
45.2
44.95
42.35
38.05
39.75
29.0
38.95
41.45
43.15
43.55
43.55
31.75
42.2
45.55
40.05
36.4
35.8
41.3
38.9
43.45
34.9
37.0
43.25
44.7
35.5
40.95
46.0
31.4
47.15
36.65
33.9
35.05
41.15
43.1
41.35
47.4
39.8
39.85
38.85
37.65
41.0
41.7
39.95
34.4
42.75
43.45
34.2
43.05
38.35
47.1
36.0
37.0
36.6
46.15
41.35
37.2
32.05
44.2
43.65
37.65
39.15
34.05
40.15
32.65
40.95
44.65
40.2
44.8
43.65
43.05
38.95
39.2
38.15
41.35
37.75
40.65
32.3
31.4
49.5
27.45
44.9
37.65
35.6
31.4
39.45
35.1
39.75
30.6
38.75
45.05
37.45
45.9
35.55
35.95
44.4
32.95
33.95
47.25
36.4
42.2
35.85
40.55
43.35
34.9
40.3
43.0
47.35
34.65
33.75
43.0
40.8
46.75
36.15
41.8
44.45
33.45
51.1
41.3
29.2
41.5
39.25
43.35
36.6
43.15
49.55
39.05
46.45
34.3
43.65
42.45
45.0
37.6
46.7
29.3
36.55
38.9
40.2
41.85
36.25
40.7
40.5
38.9
47.8
43.3
38.55
40.9
47.25
37.15
44.3
42.0
37.0
41.1
42.05
31.3
42.45
40.2
42.7
35.05
34.55
43.3
43.35
30.7
42.6
44.1
42.4
38.7
38.9
33.15
39.55
45.6
48.6
32.6
44.0
42.45
36.65
39.8
42.9
35.1
37.3
38.15
39.15
40.45
43.8
41.3
42.7
46.3
43.35
35.6
34.5
32.45
37.85
40.3
40.85
30.15
34.1
40.25
35.1
36.15
48.05
32.35
46.25
45.05
41.5
50.15
39.6
45.7
29.35
48.2
32.1
37.2
43.4
39.1
36.05
39.95
43.2
41.2
41.3
45.65
48.4
41.55
38.75
36.1
47.4
43.6
44.6
37.8
45.9
31.6
34.35
27.5
32.9
39.2
45.1
48.0
40.25
48.6
34.95
44.95
37.65
39.95
35.45
42.4
41.45
50.9
40.6
43.55
36.4
43.15
45.8
39.15
33.1
42.6
35.4
43.6
42.3
46.55
44.9
43.1
38.25
41.55
36.45
33.9
38.1
34.2
39.1
41.6
34.2
38.3
33.7
46.25
39.35
45.55
41.45
43.2
39.6
37.4
45.3
48.3
36.0
36.85
49.1
48.3
44.15
36.75
40.45
42.8
32.55
31.7
43.35
44.45
45.2
38.45
40.65
41.35
36.5
43.35
44.05
45.5
39.75
39.4
39.45
45.15
46.5
38.95
38.1
35.85
37.35
36.8
42.55
42.0
42.3
44.95
39.25
45.35
39.05
46.7
41.85
39.05
43.95
38.45
36.7
44.0
33.7
41.1
39.65
36.95
36.0
33.65
47.25
35.65
42.5
39.25
33.5
44.2
45.2
39.35
36.75
35.85
32.25
46.65
36.3
32.05
38.55
44.75
35.05
42.65
34.95
41.05
39.8
40.9
39.65
29.55
40.05
46.85
43.25
44.45
40.45
44.65
37.25
41.55
37.65
41.5
41.45
45.9
38.0
40.2
39.25
47.55
46.8
32.5
37.55
45.05
37.75
45.85
40.25
40.65
38.4
34.7
43.05
40.05
37.1
39.6
37.65
38.65
45.5
46.65
43.7
36.05
46.35
32.4
43.05
41.85
42.35
33.85
43.65
43.7
42.0
38.55
46.55
45.25
43.0
42.25
39.5
42.35
39.2
42.25
35.85
48.7
39.75
44.05
37.75
44.0
40.35
47.7
49.05
48.15
41.85
40.6
46.8
41.25
35.5
43.7
40.1
42.75
43.1
38.05
41.1
40.25
45.05
40.6
41.8
47.7
43.7
36.0
42.55
39.45
42.95
40.4
37.9
35.5
41.35
38.5
39.2
42.0
40.55
50.45
42.85
42.65
39.55
38.95
48.95
34.7
48.85
41.05
39.9
36.85
39.2
48.5
42.15
31.55
41.15
37.75
38.0
37.35
39.4
41.75
42.75
30.75
48.15
38.95
46.0
45.4
49.7
39.05
42.7
36.2
37.5
48.05
42.25
41.55
37.6
37.35
38.0
32.5
47.2
46.3
48.25
45.3
38.05
37.7
41.2
48.8
40.85
33.35
39.95
44.9
38.05
38.8
42.5
47.8
41.85
34.85
37.25
33.6
36.5
48.35
43.45
48.95
41.45
33.8
45.5
39.7
38.1
40.65
49.2
48.45
37.7
38.6
37.25
42.85
41.05
47.7
44.45
36.9
41.25
35.4
39.05
49.9
38.45
37.85
36.4
45.65
43.25
37.8
40.85
39.4
35.2
44.25
40.6
43.9
44.95
37.05
39.05
44.0
42.45
45.45
49.25
43.0
37.15
39.5
39.55
30.8
27.25
33.65
43.85
43.4
40.4
44.65
43.8
42.0
40.5
41.15
35.1
36.1
43.45
35.65
37.95
37.0
47.5
38.7
36.35
45.75
49.3
43.35
47.35
38.7
39.85
39.75
35.95
45.85
35.45
42.3
38.45
35.45
35.15
37.7
25.75
43.55
39.3
36.7
44.7
35.4
42.6
38.85
43.9
41.3
38.25
41.8
46.4
33.8
47.95
42.75
36.4
46.1
44.9
39.0
39.75
36.4
34.0
41.85
42.7
46.85
47.45
29.3
40.0
40.9
40.7
45.35
37.85
43.95
36.8
33.85
38.25
47.95
44.25
37.8
33.5
38.95
43.8
33.45
38.35
52.3
39.25
43.6
37.0
39.35
47.0
35.75
35.7
44.5
47.7
34.7
37.7
38.3
34.65
40.25
41.35
31.75
46.8
47.3
43.15
43.0
43.45
46.9
47.0
44.35
46.55
46.5
42.75
36.6
42.7
39.85
36.55
42.65
35.25
38.75
42.5
42.7
39.25
37.45
39.35
42.6
41.65
36.7
36.45
44.2
29.55
40.3
46.45
46.55
43.75
52.3
43.6
40.6
47.7
32.75
41.35
42.95
40.8
41.15
41.75
50.6
38.9
34.55
46.2
41.7
41.45
48.55
40.3
38.7
35.25
41.2
34.0
43.7
45.55
35.6
48.45
40.75
43.25
41.55
40.9
33.55
42.15
38.35
39.65
39.65
40.5
41.65
40.75
37.3
26.7
34.6
47.6
37.6
39.0
43.65
41.4
34.4
39.0
38.4
47.8
43.5
35.95
43.0
43.7
40.8
35.65
41.65
44.1
44.25
36.5
41.5
38.05
45.9
42.2
36.25
42.35
42.6
39.5
36.55
37.35
33.85
52.5
35.9
37.05
42.45
39.35
36.35
36.6
52.1
39.45
42.75
32.45
38.55
41.25
33.9
44.5
43.5
41.3
39.75
47.8
41.95
38.8
35.2
45.5
39.9
39.75
36.65
45.45
33.2
44.65
36.35
40.55
41.65
34.85
30.05
36.25
42.3
39.55
39.35
46.7
33.9
39.0
40.15
48.55
39.1
39.9
42.95
36.15
37.55
31.5
37.65
37.65
39.95
44.3
35.65
36.2
38.55
35.4
38.85
43.4
43.7
39.6
40.5
35.0
48.5
43.65
33.15
38.85
46.3
44.25
44.7
37.0
39.45
49.15
44.2
46.1
37.1
32.35
32.7
40.25
35.25
37.45
46.3
39.75
37.65
33.9
40.95
39.6
42.55
46.65
35.5
37.8
39.35
39.95
38.8
50.45
36.1
36.45
34.35
32.1
50.3
44.35
38.7
37.1
50.05
47.8
45.35
40.55
39.2
45.65
41.55
33.95
43.85
44.85
40.1
43.2
46.8
42.6
38.75
43.35
43.8
34.5
35.45
40.7
31.6
39.45
40.55
45.0
32.55
36.6
42.55
41.95
42.35
42.6
29.7
37.8
40.45
32.8
35.05
44.05
40.9
42.9
41.75
42.45
43.35
37.05
37.35
40.5
34.5
39.7
37.8
37.0
35.0
39.9
43.5
38.5
49.0
40.9
46.6
35.2
45.65
43.35
51.15
36.85
38.45
33.1
42.6
35.7
36.1
40.95
38.55
42.35
41.5
48.25
39.85
40.95
35.55
37.05
42.4
45.15
41.5
38.1
37.65
37.0
44.5
34.75
32.0
36.3
38.4
40.6
41.6
37.95
37.4
43.35
38.85
44.8
46.35
32.9
43.7
42.0
39.3
50.4
39.05
39.05
34.55
30.1
40.15
41.5
40.8
45.3
42.05
45.4
33.6
39.25
36.6
37.75
33.35
32.35
35.9
37.65
46.2
41.35
33.6
45.55
36.9
36.05
47.4
39.05
43.85
34.15
45.75
45.95
39.15
52.3
42.6
27.05
32.0
40.55
48.75
40.4
43.4
36.15
39.1
43.4
34.8
48.65
32.55
39.65
46.25
42.8
39.4
36.1
41.5
36.15
35.55
42.7
40.8
42.6
37.95
40.3
37.4
30.2
41.55
42.9
34.05
45.3
46.4
43.85
34.05
43.6
44.8
43.15
47.45
49.95
36.6
41.6
38.45
39.2
35.15
38.9
50.1
46.95
47.3
45.0
41.3
41.6
41.05
39.1
48.2
40.45
38.65
35.45
47.25
37.85
46.25
40.8
40.5
34.45
29.7
42.3
32.35
43.85
43.0
39.2
42.15
42.15
40.1
39.5
37.0
37.85
44.6
37.1
38.0
39.05
48.35
45.35
42.15
26.1
36.6
52.1
35.35
42.05
44.1
40.3
33.25
39.75
42.6
40.85
39.6
43.05
41.05
38.8
43.0
41.7
47.25
43.3
40.55
41.0
41.0
37.85
41.35
39.3
35.95
36.95
47.3
35.4
44.65
27.1
42.1
32.9
37.35
38.45
42.5
34.85
45.45
43.35
43.2
40.9
44.8
43.5
31.0
40.5
39.25
38.7
36.3
43.85
32.55
43.1
39.45
49.2
39.25
47.05
43.75
38.95
40.85
33.2
36.2
40.15
50.9
38.2
34.2
33.05
39.95
47.05
47.45
43.15
42.45
43.2
36.8
43.9
41.75
44.6
41.05
47.4
41.3
38.2
42.95
40.75
42.8
43.35
40.7
43.5
42.1
46.25
31.5
42.9
39.65
43.3
41.7
38.9
46.95
34.2
30.55
41.3
41.6
42.05
47.85
36.8
44.15
49.65
39.75
47.1
36.7
43.55
36.4
43.7
41.2
38.85
50.0
45.7
36.35
38.65
35.95
41.65
36.85
40.2
43.55
43.0
40.7
40.45
30.2
40.15
30.05
31.0
40.1
45.85
46.9
41.65
44.9
38.95
38.65
45.1
37.65
45.9
40.55
38.45
38.8
37.8
43.05
40.25
47.15
39.05
32.8
36.6
40.2
38.25
42.95
35.55
39.8
42.3
42.35
48.1
34.95
36.85
39.5
35.45
44.4
43.1
36.3
39.75
43.25
41.25
31.4
37.05
38.85
30.9
43.05
41.3
39.45
43.05
29.65
43.85
36.1
44.55
37.3
37.65
33.25
40.05
39.05
45.05
38.5
45.75
34.05
48.6
37.75
35.5
40.55
40.8
48.7
44.05
29.55
45.8
38.1
36.8
33.1
39.95
44.55
43.4
46.95
37.7
45.9
46.2
37.15
42.2
28.55
33.65
39.85
38.35
38.8
39.4
41.8
41.55
33.75
37.7
33.15
42.7
42.9
40.05
41.15
41.55
37.0
38.35
40.0
44.7
36.0
46.25
50.7
44.9
45.15
43.65
45.9
45.7
41.85
35.35
40.7
31.15
36.95
40.05
44.05
47.55
36.35
33.3
49.45
36.8
35.05
35.25
42.7
34.35
42.35
36.5
43.4
43.45
41.3
38.85
52.9
44.55
43.55
42.65
31.45
36.0
45.75
40.55
38.3
40.25
43.65
39.3
38.55
50.9
49.75
38.7
33.3
35.4
49.4
43.15
37.9
38.95
41.65
37.3
37.95
39.05
42.95
40.4
41.4
45.75
40.25
39.1
45.25
44.2
34.8
36.95
43.95
39.8
38.95
34.55
50.2
41.2
39.5
44.65
39.4
39.1
48.45
43.45
39.9
40.55
41.75
39.75
34.75
33.6
39.05
42.4
37.95
32.0
42.45
40.05
36.85
40.0
50.75
45.4
47.45
43.25
38.95
36.85
38.1
41.7
44.55
43.3
45.35
37.1
46.2
45.65
40.55
37.5
39.45
41.55
29.55
38.45
39.6
41.95
40.95
45.6
39.85
33.35
39.05
35.95
40.95
35.35
42.3
41.9
33.95
36.75
42.4
38.75
41.45
50.1
41.2
36.65
40.5
41.75
49.4
44.5
38.95
41.45
36.6
44.15
42.2
40.4
45.3
36.1
31.2
44.25
48.3
38.6
41.0
43.0
46.75
40.35
39.45
41.15
47.45
43.4
42.8
40.35
39.45
37.85
41.4
49.7
37.5
42.4
40.2
40.5
39.7
39.2
38.5
37.1
49.1
42.1
40.15
37.15
44.25
40.65
42.7
45.85
42.25
41.65
37.9
39.65
40.65
45.0
41.2
45.65
42.3
36.45
40.5
42.3
39.65
35.8
33.8
42.2
40.85
33.55
42.3
38.9
42.35
37.5
40.7
48.8
48.95
32.35
35.35
38.8
33.5
39.3
36.55
36.75
36.7
39.45
44.55
44.6
33.0
40.55
43.65
45.4
39.4
43.55
36.8
28.45
43.55
31.15
51.8
35.15
38.95
39.6
46.05
39.9
52.65
38.4
42.15
35.15
38.9
42.25
39.8
41.15
37.7
33.75
43.1
43.3
41.75
37.85
41.2
37.4
36.05
44.0
34.05
39.95
32.15
42.95
39.1
37.0
37.3
38.45
35.2
46.6
41.4
34.25
40.9
36.65
36.15
39.9
36.2
45.85
40.3
37.75
40.4
37.85
42.1
43.25
42.75
42.4
34.85
41.6
38.2
35.4
45.25
38.3
42.55
36.65
40.3
39.7
47.9
39.55
42.75
46.15
55.1
37.7
35.15
38.05
44.7
44.8
38.95
36.1
47.75
39.35
54.4
33.7
38.15
45.35
38.8
31.75
35.4
47.65
46.05
42.0
37.75
35.0
40.55
37.7
35.65
39.05
45.05
42.45
35.2
41.75
43.35
37.7
43.4
35.65
43.55
41.15
37.65
40.5
30.65
42.8
34.15
33.05
40.25
43.2
40.35
36.35
39.05
43.6
35.85
39.65
36.05
38.85
45.15
47.95
42.1
39.5
43.5
38.95
43.7
48.45
48.0
36.95
38.3
39.95
45.2
47.2
43.25
39.95
39.8
40.8
35.35
40.1
44.3
32.1
48.35
34.55
38.35
40.2
38.7
45.0
44.75
31.0
45.65
42.9
44.65
43.85
41.35
36.2
40.15
40.05
36.3
35.05
42.65
29.2
43.5
36.5
39.3
37.4
41.9
46.15
46.25
40.2
41.6
45.85
43.3
36.55
46.5
51.4
41.05
29.2
42.9
35.85
40.5
41.0
33.25
40.3
36.0
28.75
36.0
41.9
38.65
41.2
41.35
36.8
42.75
36.9
45.95
30.6
40.0
39.65
37.05
35.0
44.1
34.15
43.95
43.55
44.1
38.15
47.8
40.0
51.35
44.0
41.0
46.85
39.9
31.15
34.55
37.05
41.1
40.75
41.45
33.7
42.8
44.65
34.55
43.05
39.05
35.3
44.65
49.6
47.15
37.0
43.6
36.75
35.6
43.6
36.05
39.55
33.75
42.4
40.3
41.9
41.5
37.9
40.45
41.3
36.25
42.4
37.1
43.75
47.3
38.85
43.15
44.2
41.25
40.25
45.75
45.55
35.0
29.8
51.6
38.6
37.6
42.2
46.55
42.6
35.6
34.8
33.3
42.55
37.1
39.05
45.2
35.55
44.65
45.25
41.5
43.25
33.8
43.4
42.65
32.55
36.85
37.55
34.65
40.7
33.05
43.65
46.4
38.2
46.3
38.85
35.95
38.85
45.05
44.75
33.9
37.95
34.45
36.55
51.55
37.35
37.75
34.7
51.25
43.3
37.6
49.9
41.3
34.75
45.45
49.15
51.55
44.45
36.75
33.0
40.75
31.7
43.15
37.4
33.7
43.8
43.35
47.15
37.7
40.5
52.0
38.1
36.15
34.1
34.05
39.55
34.9
40.15
45.75
31.6
35.15
37.8
38.55
39.7
46.2
39.0
44.3
38.85
39.85
39.4
45.2
35.85
29.6
29.15
32.5
40.35
42.2
34.05
42.6
40.4
40.2
36.55
44.8
36.45
35.85
45.25
38.85
36.15
42.55
43.8
41.0
38.4
44.45
31.65
45.1
38.85
41.05
39.9
37.35
41.45
30.7
40.85
45.15
36.9
38.2
40.25
47.2
47.5
43.8
43.0
39.2
41.55
44.0
43.5
40.8
35.1
44.05
41.85
37.55
43.0
41.7
39.05
36.9
48.45
36.1
35.45
38.95
40.7
38.45
41.2
46.25
38.45
41.05
37.8
34.85
47.4
35.55
42.6
47.35
37.0
32.85
39.25
37.8
39.9
47.7
33.5
43.0
44.3
36.25
32.2
41.35
34.45
48.15
42.15
42.9
45.15
41.55
39.9
43.7
47.2
42.05
36.95
36.8
37.2
43.1
43.75
35.3
36.8
36.35
45.5
47.15
43.2
37.75
36.25
40.6
36.5
35.1
40.0
43.7
45.3
41.65
35.4
34.9
38.25
38.8
45.75
42.65
42.3
47.55
39.65
34.8
41.6
48.1
41.55
40.4
43.0
40.9
42.95
43.8
38.8
37.15
43.85
36.6
46.15
46.35
44.25
46.55
43.45
34.05
32.8
35.7
38.35
44.6
34.9
49.25
37.6
36.1
45.35
42.8
35.65
33.75
34.1
46.85
38.85
35.55
40.1
38.95
40.65
39.6
41.3
39.95
43.15
32.4
40.15
37.65
36.45
38.95
38.15
39.6
41.25
37.75
40.25
45.7
43.2
45.85
42.95
36.7
46.95
37.95
43.3
37.55
43.85
41.85
40.45
42.3
47.85
37.3
45.45
32.15
36.7
46.2
45.8
31.6
41.9
34.35
46.0
37.65
41.3
46.1
39.9
37.15
43.0
35.65
33.05
43.35
43.15
42.1
48.25
40.3
31.6
39.05
48.65
38.15
48.55
37.55
37.9
38.75
43.8
32.4
40.7
39.45
43.3
38.35
45.9
47.7
41.0
46.45
43.1
43.1
42.05
36.75
37.85
34.0
32.75
42.0
45.35
35.25
42.25
42.0
40.6
43.0
37.0
41.55
37.5
42.45
45.3
40.3
50.15
48.85
44.4
37.05
32.4
39.75
40.6
45.05
38.1
45.3
41.8
45.7
39.4
47.35
43.35
35.8
44.65
32.4
40.85
39.3
37.65
45.35
33.85
46.65
35.95
40.75
27.1
49.95
38.8
40.35
30.8
38.1
36.95
42.95
35.95
47.75
40.7
32.65
30.2
45.65
36.85
38.3
44.65
38.35
37.4
45.3
46.1
36.55
38.2
44.0
44.6
35.2
40.9
46.2
41.75
42.9
36.9
40.75
29.75
39.15
41.0
43.55
41.65
41.25
34.3
51.15
33.2
39.05
39.3
37.5
40.85
35.75
44.8
45.1
38.45
36.55
34.45
34.95
33.6
39.9
50.15
31.75
38.6
39.8
41.35
35.25
45.55
38.15
38.7
39.2
43.85
36.55
40.05
45.0
38.7
43.8
46.1
35.15
42.25
45.15
50.75
34.85
41.9
33.25
40.55
38.55
37.85
45.6
42.2
30.1
37.25
39.7
46.5
37.95
34.75
43.3
43.4
37.05
49.85
47.55
40.45
33.65
36.4
38.4
40.65
35.5
33.1
43.1
33.75
44.6
40.45
37.45
38.2
45.1
34.8
38.5
45.25
35.2
34.2
41.9
41.9
45.65
36.15
33.4
43.45
48.25
40.05
48.0
37.6
51.6
38.85
40.55
37.05
38.7
46.95
41.4
30.65
40.25
44.85
42.65
41.3
44.1
32.45
40.2
39.25
41.85
36.55
44.95
35.5
32.45
32.4
42.8
36.15
35.45
44.55
35.35
41.95
35.55
41.9
47.85
47.1
48.85
38.95
38.5
46.5
43.25
41.65
36.6
37.55
38.4
46.7
45.35
41.65
44.3
50.1
44.6
40.45
36.55
41.7
35.8
32.1
44.7
41.2
42.2
41.7
40.55
40.5
51.7
32.8
35.5
43.55
36.05
36.8
38.05
37.9
37.95
39.7
49.2
37.45
44.9
35.8
40.65
39.75
46.0
46.55
47.75
45.15
43.4
40.35
40.85
42.0
45.85
39.7
43.85
34.9
37.35
34.1
38.15
36.25
40.2
41.8
39.9
49.75
36.55
38.1
47.6
40.7
39.3
43.15
38.65
40.0
36.5
50.15
43.25
37.0
39.5
34.95
38.75
41.65
42.1
36.85
49.4
40.45
41.15
38.35
39.65
40.5
39.95
45.35
38.95
41.15
38.2
36.8
44.45
51.3
38.2
40.55
43.2
41.2
40.45
39.0
47.6
41.45
44.3
33.65
46.2
40.2
32.4
47.4
46.05
39.1
45.65
41.05
42.95
43.95
45.95
48.0
45.9
45.6
39.65
34.2
34.25
38.85
44.4
40.35
40.15
39.05
45.25
47.75
49.65
39.05
42.7
38.65
39.55
41.45
35.9
49.05
40.95
39.4
45.1
45.75
39.8
43.65
40.05
43.1
42.5
32.85
41.5
46.8
40.55
46.45
42.5
32.1
37.2
46.9
43.45
47.05
42.75
36.3
37.25
36.55
40.2
37.2
31.05
43.8
43.25
35.05
35.1
36.1
39.65
43.75
48.55
47.5
46.2
45.15
41.1
43.75
43.2
41.7
41.25
46.25
36.0
39.95
40.55
30.65
47.15
33.4
39.9
43.0
47.75
40.2
39.75
42.95
37.7
46.35
37.6
44.45
45.1
37.6
45.35
39.6
40.95
40.3
39.5
34.3
41.75
37.65
39.4
40.5
37.25
41.5
39.45
42.35
35.95
44.15
37.45
38.0
37.15
36.95
36.5
37.85
39.35
32.6
36.4
40.45
35.85
43.75
41.5
44.6
42.3
44.65
40.35
44.0
37.1
44.85
46.8
40.3
36.2
42.8
40.5
42.9
31.95
52.1
42.0
41.3
43.9
36.25
35.1
27.65
43.6
40.65
36.1
48.65
43.25
37.75
38.4
43.75
45.55
41.4
42.75
42.65
42.6
41.55
43.75
43.25
44.1
35.45
33.65
46.8
39.05
41.0
51.6
43.0
49.95
42.0
38.05
51.6
42.9
46.5
34.7
32.4
31.75
33.4
44.15
29.95
38.2
39.0
38.05
40.85
35.3
39.15
41.55
39.15
42.0
37.6
32.75
44.5
42.8
43.0
35.9
36.25
45.75
39.3
36.45
41.75
41.15
45.15
40.1
43.25
38.25
30.55
39.1
41.3
38.9
36.45
36.4
29.0
39.25
41.45
41.35
33.15
40.7
44.6
44.25
44.6
40.55
33.4
39.0
44.05
49.35
40.75
42.15
39.75
37.95
41.25
38.2
38.6
38.8
38.15
33.2
35.45
34.8
42.8
41.9
44.45
40.2
43.6
43.95
41.2
43.3
36.45
42.4
38.4
42.85
38.25
41.35
40.0
38.5
39.3
35.05
38.1
43.3
38.35
29.45
36.8
41.7
44.45
41.45
44.45
40.0
36.75
39.95
37.0
40.75
41.3
41.6
43.0
35.0
33.65
44.3
40.95
33.75
37.05
35.1
47.25
41.65
33.15
35.5
48.25
40.9
48.65
37.6
36.55
38.0
43.5
40.4
45.45
39.3
43.35
42.3
35.6
44.5
44.25
44.0
38.2
41.55
36.75
41.9
39.25
39.2
39.45
41.6
43.25
53.0
37.05
40.7
37.3
32.0
44.5
44.05
37.35
37.55
39.8
43.85
48.1
37.5
41.8
39.05
36.9
41.2
43.4
42.15
43.55
45.15
48.5
46.85
38.2
31.7
41.55
41.95
41.15
38.8
37.35
41.85
47.6
32.1
34.45
33.85
35.7
33.45
42.8
37.75
37.65
41.9
36.75
42.9
37.1
41.8
38.8
38.7
43.55
40.7
46.75
43.05
42.95
40.05
42.2
38.8
35.1
37.65
34.0
39.45
43.95
39.75
40.75
39.25
45.2
42.95
52.35
37.55
40.95
45.75
47.8
39.95
42.7
41.7
32.2
41.05
37.95
38.55
44.95
44.55
34.4
43.35
39.45
41.05
38.15
39.9
41.7
31.65
34.45
46.7
47.5
39.85
47.3
41.7
33.3
36.9
32.55
50.7
40.9
42.85
41.85
45.9
39.05
48.6
39.05
38.45
35.45
40.25
32.9
43.25
37.8
38.8
36.3
35.0
45.75
42.35
46.35
38.55
32.85
36.9
40.6
38.25
38.0
43.65
43.35
43.35
41.6
38.55
34.6
42.2
37.7
40.85
41.5
43.8
36.9
41.8
44.5
42.15
44.7
38.95
40.2
41.65
47.95
40.8
45.1
45.0
46.95
38.5
33.9
46.3
40.3
35.75
38.65
38.35
36.25
38.7
41.7
38.85
33.45
41.95
43.5
43.1
30.9
41.55
38.65
41.55
42.15
42.75
42.45
45.0
38.2
47.95
38.35
40.0
35.75
39.35
46.55
36.95
39.5
41.7
43.9
46.8
40.1
47.7
41.95
46.9
43.55
37.4
41.45
38.35
37.1
47.95
36.15
40.7
44.95
49.75
38.35
41.55
42.0
41.5
33.45
52.0
39.9
37.4
35.55
34.5
41.8
38.05
37.35
37.35
35.4
36.6
44.35
47.2
43.6
40.35
41.5
37.9
31.15
36.4
37.85
38.45
47.2
40.45
42.15
40.35
37.0
38.65
40.1
41.3
47.9
42.6
36.3
43.7
39.1
37.5
40.05
39.75
39.65
49.4
44.6
42.6
38.45
36.4
48.45
42.6
46.65
35.6
49.15
44.95
37.3
32.2
37.65
45.25
44.4
33.75
43.75
50.35
37.4
36.3
45.8
31.65
37.8
45.55
40.75
34.8
34.3
42.05
35.2
43.9
49.05
40.3
43.55
43.1
37.4
45.9
44.65
44.95
31.7
43.45
34.8
34.0
39.0
39.25
