Overall Mean: 0.2528182417809018
0.2727272727272727
0.2391304347826087
0.23255813953488372
0.18181818181818182
0.2222222222222222
0.09523809523809523
0.3157894736842105
0.38461538461538464
0.25
0.16666666666666666
0.22448979591836735
0.26666666666666666
0.35555555555555557
0.27586206896551724
0.3333333333333333
0.14285714285714285
0.25
0.4444444444444444
0.27906976744186046
0.24444444444444444
0.26666666666666666
0.2727272727272727
0.25
0.3333333333333333
0.3333333333333333
0.125
0.14285714285714285
0.3333333333333333
0.2708333333333333
0.23255813953488372
0.22727272727272727
0.23529411764705882
0.2692307692307692
0.15789473684210525
0.125
0.2857142857142857
0.4
0.16666666666666666
0.22727272727272727
0.25
0.28888888888888886
0.1875
0.3076923076923077
0.3333333333333333
0.08333333333333333
0.09090909090909091
0.4
0.16666666666666666
0.22916666666666666
0.1276595744680851
0.2653061224489796
0.2777777777777778
0.23076923076923078
0.45
0.18181818181818182
0.1111111111111111
0.25
0.3333333333333333
0.3181818181818182
0.2857142857142857
0.24444444444444444
0.20588235294117646
0.18518518518518517
0.09090909090909091
0.2
0.1875
0.07692307692307693
0.16666666666666666
0.4
0.3333333333333333
0.32653061224489793
0.20930232558139536
0.2
0.1388888888888889
0.25806451612903225
0.2608695652173913
0.29411764705882354
0.25
0.0
0.1111111111111111
0.375
0.17391304347826086
0.28888888888888886
0.2978723404255319
0.3333333333333333
0.3181818181818182
0.13333333333333333
0.0
0.3076923076923077
0.2222222222222222
0.2857142857142857
0.2
0.34782608695652173
0.3170731707317073
0.2857142857142857
0.15
0.23529411764705882
0.38461538461538464
0.125
0.2857142857142857
0.23404255319148937
0.2
0.23404255319148937
0.16666666666666666
0.2
0.20833333333333334
0.3684210526315789
0.16666666666666666
0.5
0.18181818181818182
0.2391304347826087
0.3023255813953488
0.26666666666666666
0.36363636363636365
0.35714285714285715
0.4444444444444444
0.23255813953488372
0.18181818181818182
0.22916666666666666
0.16216216216216217
0.1935483870967742
0.28
0.1111111111111111
0.1875
0.23076923076923078
0.4
0.16666666666666666
0.2558139534883721
0.1956521739130435
0.23404255319148937
0.2777777777777778
0.3076923076923077
0.2777777777777778
0.23076923076923078
0.2
0.0
0.375
0.16279069767441862
0.30434782608695654
0.27906976744186046
0.3225806451612903
0.047619047619047616
0.2
0.3125
0.18181818181818182
0.2222222222222222
0.14285714285714285
0.16666666666666666
0.3191489361702128
0.22727272727272727
0.2127659574468085
0.21621621621621623
0.27586206896551724
0.47619047619047616
0.36363636363636365
0.2857142857142857
0.1956521739130435
0.2708333333333333
0.2
0.2222222222222222
0.32142857142857145
0.3684210526315789
0.08333333333333333
0.36363636363636365
0.14285714285714285
0.5
0.2222222222222222
0.2608695652173913
0.22727272727272727
0.23529411764705882
0.4230769230769231
0.2
0.16666666666666666
0.3
0.2857142857142857
0.25
0.2608695652173913
0.1956521739130435
0.2702702702702703
0.2962962962962963
0.21052631578947367
0.3333333333333333
0.5
0.1956521739130435
0.25
0.2127659574468085
0.2702702702702703
0.25925925925925924
0.35
0.23076923076923078
0.2
0.125
0.0
0.0
0.14285714285714285
0.16666666666666666
0.2222222222222222
0.28888888888888886
0.22727272727272727
0.23529411764705882
0.07692307692307693
0.375
0.3333333333333333
0.1
0.2222222222222222
0.14285714285714285
0.16666666666666666
0.2558139534883721
0.20454545454545456
0.23404255319148937
0.3333333333333333
0.2916666666666667
0.23529411764705882
0.15384615384615385
0.09090909090909091
0.5
0.35714285714285715
0.2619047619047619
0.3181818181818182
0.16666666666666666
0.32
0.23529411764705882
0.15384615384615385
0.2727272727272727
0.25
0.3333333333333333
0.2727272727272727
0.18181818181818182
0.2826086956521739
0.2727272727272727
0.16666666666666666
0.25
0.06666666666666667
0.35714285714285715
0.2222222222222222
0.7142857142857143
0.3023255813953488
0.3333333333333333
0.25
0.18181818181818182
0.2222222222222222
0.09523809523809523
0.10526315789473684
0.5294117647058824
0.625
0.23404255319148937
0.30612244897959184
0.22727272727272727
0.20588235294117646
0.2962962962962963
0.10526315789473684
0.35294117647058826
0.18181818181818182
0.3333333333333333
0.16666666666666666
0.2553191489361702
0.21428571428571427
0.24444444444444444
0.23529411764705882
0.23076923076923078
0.35
0.38461538461538464
0.125
0.14285714285714285
0.16666666666666666
0.2727272727272727
0.23809523809523808
0.26666666666666666
0.3333333333333333
0.36363636363636365
0.35714285714285715
0.2222222222222222
0.14285714285714285
0.0
0.16666666666666666
0.2
0.2765957446808511
0.23809523809523808
0.28125
0.2608695652173913
0.23529411764705882
0.38461538461538464
0.0
0.25
0.3333333333333333
0.29545454545454547
0.14285714285714285
0.3125
0.21212121212121213
0.2692307692307692
0.3684210526315789
0.25
0.3333333333333333
0.5
0.3111111111111111
0.2727272727272727
0.2558139534883721
0.25
0.25
0.3888888888888889
0.2727272727272727
0.25
0.3333333333333333
0.2553191489361702
0.2727272727272727
0.26666666666666666
0.24242424242424243
0.28
0.16666666666666666
0.4
0.2222222222222222
0.2857142857142857
0.2558139534883721
0.24444444444444444
0.15217391304347827
0.23076923076923078
0.26666666666666666
0.22727272727272727
0.17647058823529413
0.42857142857142855
0.625
0.1590909090909091
0.3125
0.29545454545454547
0.22580645161290322
0.25
0.3333333333333333
0.3333333333333333
0.375
0.27906976744186046
0.20454545454545456
0.3333333333333333
0.375
0.25
0.4
0.1111111111111111
0.25
0.16666666666666666
0.3333333333333333
0.26666666666666666
0.27906976744186046
0.0967741935483871
0.25
0.14285714285714285
0.16666666666666666
0.06666666666666667
0.14285714285714285
0.3333333333333333
0.25
0.0
0.16666666666666666
0.2978723404255319
0.2608695652173913
0.17391304347826086
0.34210526315789475
0.2
0.35
0.15384615384615385
0.18181818181818182
0.5555555555555556
0.1590909090909091
0.2978723404255319
0.2926829268292683
0.3103448275862069
0.25
0.4
0.3333333333333333
0.16666666666666666
0.20930232558139536
0.21739130434782608
0.1956521739130435
0.24324324324324326
0.2857142857142857
0.15
0.058823529411764705
0.1875
0.23076923076923078
0.4
0.5
0.27906976744186046
0.21428571428571427
0.2765957446808511
0.3235294117647059
0.30434782608695654
0.3125
0.36363636363636365
0.0
0.2857142857142857
0.2608695652173913
0.2727272727272727
0.2222222222222222
0.17142857142857143
0.3103448275862069
0.25
0.26666666666666666
0.45454545454545453
0.3333333333333333
0.24489795918367346
0.38636363636363635
0.23809523809523808
0.28125
0.17391304347826086
0.10526315789473684
0.23529411764705882
0.23076923076923078
0.0
0.3
0.14285714285714285
0.3333333333333333
0.28888888888888886
0.22727272727272727
0.2708333333333333
0.11428571428571428
0.16129032258064516
0.23076923076923078
0.3
0.14285714285714285
0.5
0.3333333333333333
0.16666666666666666
0.24444444444444444
0.3409090909090909
0.3448275862068966
0.42105263157894735
0.36363636363636365
0.42857142857142855
0.27906976744186046
0.20454545454545456
0.21739130434782608
0.19444444444444445
0.20689655172413793
0.21739130434782608
0.2777777777777778
0.23076923076923078
0.2
0.25
0.16666666666666666
0.2222222222222222
0.17777777777777778
0.2727272727272727
0.1875
0.23076923076923078
0.2
0.1875
0.38461538461538464
0.25
0.0
0.0
0.16666666666666666
0.2553191489361702
0.2727272727272727
0.2558139534883721
0.3125
0.13636363636363635
0.2631578947368421
0.2857142857142857
0.3
0.42857142857142855
0.18604651162790697
0.24444444444444444
0.24444444444444444
0.29411764705882354
0.25
0.2777777777777778
0.23076923076923078
0.1
0.2222222222222222
0.42857142857142855
0.24444444444444444
0.2765957446808511
0.25
0.24242424242424243
0.28
0.3333333333333333
0.3333333333333333
0.125
0.0
0.14285714285714285
0.3333333333333333
0.25
0.2826086956521739
0.29545454545454547
0.25806451612903225
0.391304347826087
0.35714285714285715
0.2222222222222222
0.14285714285714285
0.6666666666666666
0.17391304347826086
0.2708333333333333
0.2391304347826087
0.2571428571428571
0.2692307692307692
0.21052631578947367
0.13333333333333333
0.23076923076923078
0.1
0.3333333333333333
0.3333333333333333
0.24444444444444444
0.25
0.20930232558139536
0.20588235294117646
0.2962962962962963
0.21052631578947367
0.26666666666666666
0.5454545454545454
0.20930232558139536
0.22727272727272727
0.21739130434782608
0.19444444444444445
0.3103448275862069
0.4
0.16666666666666666
0.1
0.1111111111111111
0.5
0.23255813953488372
0.2222222222222222
0.25
0.21212121212121213
0.23076923076923078
0.4
0.08333333333333333
0.45454545454545453
0.5
0.29545454545454547
0.2
0.2727272727272727
0.28125
0.34782608695652173
0.2
0.3333333333333333
0.25
0.16666666666666666
0.26666666666666666
0.3023255813953488
0.22727272727272727
0.23529411764705882
0.15384615384615385
0.2727272727272727
0.375
0.2
0.125
0.0
0.14285714285714285
0.16666666666666666
0.18181818181818182
0.1875
0.18181818181818182
0.2222222222222222
0.32142857142857145
0.21052631578947367
0.3333333333333333
0.3
0.42857142857142855
0.21739130434782608
0.18604651162790697
0.2608695652173913
0.2647058823529412
0.32
0.23529411764705882
0.23076923076923078
0.2
0.25
0.3333333333333333
0.23404255319148937
0.20454545454545456
0.28888888888888886
0.21875
0.2
0.3
0.2857142857142857
0.4
0.5
0.20930232558139536
0.28888888888888886
0.30434782608695654
0.3125
0.2727272727272727
0.125
0.21428571428571427
0.18181818181818182
0.1111111111111111
0.5
0.24444444444444444
0.2
0.28888888888888886
0.25
0.2916666666666667
0.4117647058823529
0.3
0.2857142857142857
0.26666666666666666
0.21739130434782608
0.2826086956521739
0.18181818181818182
0.18518518518518517
0.3181818181818182
0.26666666666666666
0.45454545454545453
0.0
0.16666666666666666
0.2926829268292683
0.18181818181818182
0.2553191489361702
0.37142857142857144
0.18181818181818182
0.2222222222222222
0.21428571428571427
0.36363636363636365
0.0
0.7142857142857143
0.2857142857142857
0.2619047619047619
0.29545454545454547
0.22580645161290322
0.20833333333333334
0.21052631578947367
0.13333333333333333
0.15384615384615385
0.45454545454545453
0.3333333333333333
0.2222222222222222
0.2608695652173913
0.2608695652173913
0.3235294117647059
0.17391304347826086
0.2631578947368421
0.2857142857142857
0.2
0.375
0.2727272727272727
0.2727272727272727
0.30952380952380953
0.1724137931034483
0.2916666666666667
0.29411764705882354
0.4166666666666667
0.2857142857142857
0.29545454545454547
0.21428571428571427
0.1956521739130435
0.13513513513513514
0.3125
0.22727272727272727
0.47058823529411764
0.4444444444444444
0.2127659574468085
0.3191489361702128
0.3023255813953488
0.26666666666666666
0.3181818181818182
0.3333333333333333
0.2
0.125
0.42857142857142855
0.3333333333333333
0.2558139534883721
0.2
0.3055555555555556
0.28
0.2777777777777778
0.3076923076923077
0.1111111111111111
0.25
0.0
0.16666666666666666
0.20833333333333334
0.26666666666666666
0.3023255813953488
0.23333333333333334
0.2608695652173913
0.35294117647058826
0.36363636363636365
0.42857142857142855
0.21739130434782608
0.2391304347826087
0.26666666666666666
0.2727272727272727
0.16666666666666666
0.2
0.25
0.25
0.0
0.4444444444444444
0.2727272727272727
0.2391304347826087
0.22916666666666666
0.13513513513513514
0.1875
0.34615384615384615
0.23529411764705882
0.23076923076923078
0.3
0.14285714285714285
0.16666666666666666
0.21739130434782608
0.1956521739130435
0.30434782608695654
0.3125
0.36363636363636365
0.35714285714285715
0.2222222222222222
0.14285714285714285
0.0
0.16666666666666666
0.2826086956521739
0.20930232558139536
0.26666666666666666
0.15151515151515152
0.35714285714285715
0.2777777777777778
0.07692307692307693
0.16666666666666666
0.3
0.5714285714285714
0.21951219512195122
0.3111111111111111
0.20454545454545456
0.37142857142857144
0.3181818181818182
0.13333333333333333
0.23076923076923078
0.2
0.0
0.125
0.0
0.2857142857142857
0.2391304347826087
0.2727272727272727
0.28888888888888886
0.1875
0.34615384615384615
0.35294117647058826
0.45454545454545453
0.16666666666666666
0.2222222222222222
0.2765957446808511
0.20454545454545456
0.2571428571428571
0.3076923076923077
0.2222222222222222
0.0
0.14285714285714285
0.16666666666666666
0.2
0.125
0.0
0.2857142857142857
0.29545454545454547
0.26666666666666666
0.26666666666666666
0.15151515151515152
0.21428571428571427
0.2727272727272727
0.25
0.4166666666666667
0.14285714285714285
0.16666666666666666
0.2978723404255319
0.2727272727272727
0.29545454545454547
0.16129032258064516
0.3076923076923077
0.2222222222222222
0.21428571428571427
0.18181818181818182
0.1111111111111111
0.0
0.125
0.42857142857142855
0.2
0.2826086956521739
0.24444444444444444
0.3235294117647059
0.30434782608695654
0.375
0.4
0.0
0.16666666666666666
0.2826086956521739
0.29545454545454547
0.30952380952380953
0.27586206896551724
0.09523809523809523
0.3157894736842105
0.23076923076923078
0.0
0.2
0.375
0.26666666666666666
0.22727272727272727
0.2127659574468085
0.2972972972972973
0.15384615384615385
0.2727272727272727
0.125
0.14285714285714285
0.4166666666666667
0.14285714285714285
0.16666666666666666
0.2553191489361702
0.2391304347826087
0.30434782608695654
0.25
0.3333333333333333
0.1875
0.23076923076923078
0.2
0.25
0.3333333333333333
0.2765957446808511
0.2391304347826087
0.2727272727272727
0.21875
0.24
0.3157894736842105
0.38461538461538464
0.125
0.42857142857142855
0.29545454545454547
0.2222222222222222
0.2916666666666667
0.17647058823529413
0.2857142857142857
0.2
0.25
0.3333333333333333
0.875
0.32558139534883723
0.2619047619047619
0.2978723404255319
0.21212121212121213
0.23076923076923078
0.35
0.38461538461538464
0.375
0.16279069767441862
0.23404255319148937
0.2
0.25
0.18518518518518517
0.18181818181818182
0.2222222222222222
0.42857142857142855
0.375
0.2
0.30434782608695654
0.27906976744186046
0.25806451612903225
0.34782608695652173
0.3333333333333333
0.1
0.2222222222222222
0.14285714285714285
0.5
0.20454545454545456
0.3191489361702128
0.2727272727272727
0.3125
0.4090909090909091
0.15384615384615385
0.45454545454545453
0.3333333333333333
0.32653061224489793
0.20930232558139536
0.2391304347826087
0.2857142857142857
0.32
0.17647058823529413
0.2857142857142857
0.2
0.5
0.17391304347826086
0.22916666666666666
0.2727272727272727
0.1875
0.34615384615384615
0.17647058823529413
0.2857142857142857
0.1
0.0
0.2222222222222222
0.14285714285714285
0.16666666666666666
0.25
0.28888888888888886
0.20454545454545456
0.2
0.17857142857142858
0.30434782608695654
0.375
0.2
0.375
0.27906976744186046
0.2727272727272727
0.20930232558139536
0.17647058823529413
0.39285714285714285
0.17647058823529413
0.14285714285714285
0.25
0.1111111111111111
0.125
0.0
0.2857142857142857
0.26666666666666666
0.25
0.21739130434782608
0.1388888888888889
0.22580645161290322
0.16666666666666666
0.25
0.06666666666666667
0.42857142857142855
0.125
0.7142857142857143
0.32558139534883723
0.20930232558139536
0.2765957446808511
0.2647058823529412
0.36
0.3125
0.18181818181818182
0.0
0.3333333333333333
0.16666666666666666
0.2222222222222222
0.32608695652173914
0.14634146341463414
0.3142857142857143
0.2916666666666667
0.23529411764705882
0.3076923076923077
0.4444444444444444
0.22727272727272727
0.21739130434782608
0.24444444444444444
0.2647058823529412
0.36
0.25
0.16666666666666666
0.1
0.0
0.4444444444444444
0.24444444444444444
0.2608695652173913
0.25
0.2222222222222222
0.2857142857142857
0.35
0.23076923076923078
0.2
0.25
0.16666666666666666
0.14285714285714285
0.24489795918367346
0.1956521739130435
0.2702702702702703
0.18518518518518517
0.3181818181818182
0.4666666666666667
0.0
0.125
0.42857142857142855
0.29545454545454547
0.2727272727272727
0.29545454545454547
0.3870967741935484
0.2631578947368421
0.2857142857142857
0.3
0.14285714285714285
0.3333333333333333
0.2727272727272727
0.2391304347826087
0.2826086956521739
0.2727272727272727
0.25
0.16666666666666666
0.2
0.4166666666666667
0.0
0.42857142857142855
0.20454545454545456
0.20833333333333334
0.25
0.2727272727272727
0.25
0.16666666666666666
0.3333333333333333
0.1
0.1111111111111111
0.25
0.3333333333333333
0.2558139534883721
0.24444444444444444
0.29545454545454547
0.2903225806451613
0.2727272727272727
0.3125
0.18181818181818182
0.2222222222222222
0.2857142857142857
0.28888888888888886
0.2222222222222222
0.21739130434782608
0.2777777777777778
0.15384615384615385
0.18181818181818182
0.2222222222222222
0.14285714285714285
0.3333333333333333
0.25
0.5
0.2727272727272727
0.2222222222222222
0.2608695652173913
0.14705882352941177
0.20689655172413793
0.043478260869565216
0.3181818181818182
0.26666666666666666
0.2727272727272727
0.25
0.16666666666666666
0.21739130434782608
0.2391304347826087
0.18181818181818182
0.3333333333333333
0.20833333333333334
0.3157894736842105
0.3076923076923077
0.2222222222222222
0.42857142857142855
0.2727272727272727
0.26666666666666666
0.19047619047619047
0.20588235294117646
0.37037037037037035
0.23529411764705882
0.15384615384615385
0.2727272727272727
0.5
0.2765957446808511
0.24444444444444444
0.13953488372093023
0.2972972972972973
0.3076923076923077
0.4444444444444444
0.2
0.125
0.42857142857142855
0.24444444444444444
0.28888888888888886
0.25
0.30303030303030304
0.13043478260869565
0.25
0.2
0.3333333333333333
0.25
0.3333333333333333
0.28888888888888886
0.18181818181818182
0.23404255319148937
0.19444444444444445
0.13793103448275862
0.24
0.42105263157894735
0.36363636363636365
0.42857142857142855
0.20454545454545456
0.23529411764705882
0.2391304347826087
0.3142857142857143
0.2916666666666667
0.17647058823529413
0.21428571428571427
0.2727272727272727
0.375
0.2826086956521739
0.29545454545454547
0.2
0.2777777777777778
0.15384615384615385
0.3181818181818182
0.2
0.25
0.3333333333333333
0.6666666666666666
0.22727272727272727
0.18181818181818182
0.30434782608695654
0.21875
0.2
0.25
0.13333333333333333
0.15384615384615385
0.18181818181818182
0.3333333333333333
0.16666666666666666
0.1956521739130435
0.26666666666666666
0.20454545454545456
0.3142857142857143
0.2916666666666667
0.35294117647058826
0.36363636363636365
0.2857142857142857
0.28888888888888886
0.2222222222222222
0.2391304347826087
0.3142857142857143
0.20833333333333334
0.3157894736842105
0.07692307692307693
0.3333333333333333
0.375
0.22727272727272727
0.26666666666666666
0.28888888888888886
0.28125
0.34782608695652173
0.13333333333333333
0.15384615384615385
0.09090909090909091
0.3
0.2857142857142857
0.2708333333333333
0.23404255319148937
0.2978723404255319
0.2727272727272727
0.3333333333333333
0.3125
0.36363636363636365
0.14285714285714285
0.3333333333333333
0.2727272727272727
0.2708333333333333
0.26666666666666666
0.2727272727272727
0.25
0.2222222222222222
0.2857142857142857
0.3
0.14285714285714285
0.16666666666666666
0.21739130434782608
0.26666666666666666
0.25
0.18181818181818182
0.18518518518518517
0.36363636363636365
0.21428571428571427
0.09090909090909091
0.2
0.375
0.28888888888888886
0.24444444444444444
0.2727272727272727
0.21875
0.24
0.3157894736842105
0.3076923076923077
0.3333333333333333
0.16666666666666666
0.1836734693877551
0.25
0.24444444444444444
0.23529411764705882
0.19230769230769232
0.14285714285714285
0.16666666666666666
0.26666666666666666
0.2727272727272727
0.125
0.14285714285714285
0.6666666666666666
0.20454545454545456
0.1836734693877551
0.21739130434782608
0.3333333333333333
0.16666666666666666
0.3
0.21428571428571427
0.2727272727272727
0.25
0.5
0.26666666666666666
0.2
0.2708333333333333
0.2
0.25
0.2857142857142857
0.26666666666666666
0.2727272727272727
0.375
0.1956521739130435
0.21739130434782608
0.3111111111111111
0.2903225806451613
0.13636363636363635
0.42105263157894735
0.45454545454545453
0.3333333333333333
0.22727272727272727
0.3404255319148936
0.2682926829268293
0.2
0.20833333333333334
0.2631578947368421
0.21428571428571427
0.36363636363636365
0.42857142857142855
0.2619047619047619
0.32608695652173914
0.3181818181818182
0.23333333333333334
0.13043478260869565
0.3
0.2857142857142857
0.2
0.125
0.14285714285714285
0.16666666666666666
0.2391304347826087
0.29545454545454547
0.26666666666666666
0.2727272727272727
0.20833333333333334
0.21052631578947367
0.26666666666666666
0.2727272727272727
0.125
0.0
0.14285714285714285
0.3333333333333333
0.25
0.2222222222222222
0.2
0.2777777777777778
0.23076923076923078
0.35
0.3076923076923077
0.2222222222222222
0.42857142857142855
0.30952380952380953
0.20454545454545456
0.2826086956521739
0.24242424242424243
0.24
0.21052631578947367
0.2
0.16666666666666666
0.0
0.3
0.2857142857142857
0.28888888888888886
0.27906976744186046
0.3409090909090909
0.3103448275862069
0.15
0.11764705882352941
0.3333333333333333
0.2
0.25
0.3333333333333333
0.22727272727272727
0.26666666666666666
0.2727272727272727
0.3125
0.22727272727272727
0.35294117647058826
0.36363636363636365
0.14285714285714285
0.6666666666666666
0.13333333333333333
0.1875
0.2127659574468085
0.16216216216216217
0.2903225806451613
0.18181818181818182
0.1111111111111111
0.3125
0.09090909090909091
0.3
0.2857142857142857
0.29545454545454547
0.2
0.3333333333333333
0.3333333333333333
0.1
0.3333333333333333
0.3333333333333333
0.0
0.375
0.3181818181818182
0.23255813953488372
0.3488372093023256
0.25
0.23809523809523808
0.3125
0.2727272727272727
0.5
0.17391304347826086
0.19148936170212766
0.2553191489361702
0.2857142857142857
0.32
0.23529411764705882
0.0
0.23076923076923078
0.2
0.25
0.5
0.17777777777777778
0.22448979591836735
0.23404255319148937
0.3611111111111111
0.2608695652173913
0.35294117647058826
0.18181818181818182
0.2222222222222222
0.42857142857142855
0.27906976744186046
0.2
0.19148936170212766
0.15789473684210525
0.28125
0.21739130434782608
0.2222222222222222
0.14285714285714285
0.25
0.4444444444444444
0.3023255813953488
0.28888888888888886
0.2826086956521739
0.2727272727272727
0.25
0.2777777777777778
0.46153846153846156
0.14285714285714285
0.3333333333333333
0.2727272727272727
0.2619047619047619
0.26666666666666666
0.12121212121212122
0.13793103448275862
0.2
0.2
0.25
0.16666666666666666
0.2
0.25
0.16666666666666666
0.26666666666666666
0.24444444444444444
0.26666666666666666
0.15151515151515152
0.21428571428571427
0.22727272727272727
0.11764705882352941
0.26666666666666666
0.2727272727272727
0.125
0.0
0.2857142857142857
0.2127659574468085
0.22727272727272727
0.32608695652173914
0.2903225806451613
0.18181818181818182
0.2222222222222222
0.35714285714285715
0.2222222222222222
0.2857142857142857
0.23255813953488372
0.20454545454545456
0.25
0.21212121212121213
0.2692307692307692
0.42105263157894735
0.45454545454545453
0.16666666666666666
0.32608695652173914
0.16279069767441862
0.2553191489361702
0.2
0.25
0.09523809523809523
0.21052631578947367
0.2
0.4166666666666667
0.42857142857142855
0.3023255813953488
0.26666666666666666
0.2222222222222222
0.2
0.17857142857142858
0.17391304347826086
0.21052631578947367
0.2
0.3333333333333333
0.25
0.3333333333333333
0.25
0.23255813953488372
0.2826086956521739
0.30303030303030304
0.2608695652173913
0.23529411764705882
0.3076923076923077
0.3333333333333333
0.0
0.6666666666666666
0.2727272727272727
0.27906976744186046
0.23255813953488372
0.21212121212121213
0.19230769230769232
0.38095238095238093
0.15384615384615385
0.2727272727272727
0.375
0.1956521739130435
0.22916666666666666
0.2608695652173913
0.29411764705882354
0.25
0.16666666666666666
0.4
0.3333333333333333
0.3333333333333333
0.21739130434782608
0.25
0.2558139534883721
0.1875
0.23076923076923078
0.4
0.3333333333333333
0.125
0.14285714285714285
0.16666666666666666
0.28888888888888886
0.2727272727272727
0.29545454545454547
0.25806451612903225
0.13043478260869565
0.25
0.3333333333333333
0.3
0.14285714285714285
0.0
0.3333333333333333
0.30952380952380953
0.24444444444444444
0.3181818181818182
0.16666666666666666
0.28
0.16666666666666666
0.3333333333333333
0.2
0.375
0.20454545454545456
0.21739130434782608
0.2608695652173913
0.2647058823529412
0.28
0.1111111111111111
0.375
0.4
0.0
0.6666666666666666
0.25
0.2558139534883721
0.24444444444444444
0.20588235294117646
0.2962962962962963
0.3157894736842105
0.15384615384615385
0.36363636363636365
0.42857142857142855
0.18604651162790697
0.17777777777777778
0.28888888888888886
0.375
0.2
