Overall Mean: 0.25105793929753145
0.2857142857142857
0.1956521739130435
0.25
0.24444444444444444
0.2826086956521739
0.2857142857142857
0.2558139534883721
0.2391304347826087
0.2608695652173913
0.32608695652173914
0.23255813953488372
0.2553191489361702
0.18181818181818182
0.3469387755102041
0.24390243902439024
0.17391304347826086
0.24444444444444444
0.20454545454545456
0.2916666666666667
0.36363636363636365
0.24390243902439024
0.22727272727272727
0.3023255813953488
0.3181818181818182
0.25
0.24444444444444444
0.3181818181818182
0.2608695652173913
0.24444444444444444
0.13953488372093023
0.22916666666666666
0.2608695652173913
0.23255813953488372
0.2222222222222222
0.2553191489361702
0.2222222222222222
0.2222222222222222
0.17777777777777778
0.2608695652173913
0.28888888888888886
0.26666666666666666
0.2222222222222222
0.22727272727272727
0.14583333333333334
0.3125
0.21428571428571427
0.2222222222222222
0.20930232558139536
0.2391304347826087
0.2127659574468085
0.2553191489361702
0.25
0.30434782608695654
0.3023255813953488
0.22727272727272727
0.27906976744186046
0.35555555555555557
0.2857142857142857
0.25
0.29545454545454547
0.2558139534883721
0.2608695652173913
0.28888888888888886
0.25
0.2127659574468085
0.29545454545454547
0.2727272727272727
0.2857142857142857
0.2222222222222222
0.2391304347826087
0.3333333333333333
0.17073170731707318
0.19148936170212766
0.2608695652173913
0.15555555555555556
0.3137254901960784
0.2727272727272727
0.2391304347826087
0.25
0.3111111111111111
0.22727272727272727
0.26666666666666666
0.3023255813953488
0.2391304347826087
0.2553191489361702
0.18181818181818182
0.30434782608695654
0.20454545454545456
0.26666666666666666
0.2857142857142857
0.2727272727272727
0.20930232558139536
0.2391304347826087
0.2391304347826087
0.3333333333333333
0.30952380952380953
0.15555555555555556
0.28888888888888886
0.2558139534883721
0.21739130434782608
0.2608695652173913
0.22727272727272727
0.2553191489361702
0.29545454545454547
0.3409090909090909
0.23809523809523808
0.30952380952380953
0.25
0.2727272727272727
0.2558139534883721
0.17777777777777778
0.23404255319148937
0.2826086956521739
0.2727272727272727
0.3181818181818182
0.3333333333333333
0.27906976744186046
0.2222222222222222
0.2391304347826087
0.2608695652173913
0.27906976744186046
0.26666666666666666
0.27906976744186046
0.20454545454545456
0.16666666666666666
0.3125
0.3023255813953488
0.21428571428571427
0.2826086956521739
0.24444444444444444
0.2608695652173913
0.26666666666666666
0.22727272727272727
0.21739130434782608
0.28888888888888886
0.3023255813953488
0.24444444444444444
0.27906976744186046
0.1590909090909091
0.2391304347826087
0.1956521739130435
0.2708333333333333
0.3333333333333333
0.3409090909090909
0.2619047619047619
0.23255813953488372
0.19148936170212766
0.2708333333333333
0.24444444444444444
0.35555555555555557
0.2558139534883721
0.2727272727272727
0.28888888888888886
0.2826086956521739
0.23809523809523808
0.2558139534883721
0.2727272727272727
0.29545454545454547
0.25
0.2553191489361702
0.27906976744186046
0.18181818181818182
0.2765957446808511
0.26666666666666666
0.2826086956521739
0.27906976744186046
0.2558139534883721
0.2727272727272727
0.19148936170212766
0.22
0.3125
0.2222222222222222
0.17777777777777778
0.21739130434782608
0.2391304347826087
0.2978723404255319
0.23809523809523808
0.2608695652173913
0.25
0.2826086956521739
0.3023255813953488
0.24444444444444444
0.28888888888888886
0.28888888888888886
0.23255813953488372
0.27906976744186046
0.19047619047619047
0.2222222222222222
0.25
0.28888888888888886
0.3333333333333333
0.2727272727272727
0.2391304347826087
0.2558139534883721
0.22727272727272727
0.20930232558139536
0.21739130434782608
0.2553191489361702
0.18604651162790697
0.28888888888888886
0.23255813953488372
0.2608695652173913
0.18604651162790697
0.1956521739130435
0.2708333333333333
0.18604651162790697
0.24444444444444444
0.2222222222222222
0.2391304347826087
0.29545454545454547
0.3181818181818182
0.23809523809523808
0.27906976744186046
0.22727272727272727
0.2391304347826087
0.3409090909090909
0.2727272727272727
0.2558139534883721
0.2222222222222222
0.25
0.2
0.2608695652173913
0.2826086956521739
0.2857142857142857
0.29545454545454547
0.20454545454545456
0.18181818181818182
0.22448979591836735
0.2653061224489796
0.2391304347826087
0.2826086956521739
0.29545454545454547
0.25
0.2222222222222222
0.22727272727272727
0.13636363636363635
0.26
0.2826086956521739
0.2727272727272727
0.2727272727272727
0.22727272727272727
0.2727272727272727
0.26666666666666666
0.29545454545454547
0.26666666666666666
0.22727272727272727
0.29545454545454547
0.2558139534883721
0.23404255319148937
0.1956521739130435
0.2608695652173913
0.18604651162790697
0.23404255319148937
0.30612244897959184
0.2857142857142857
0.3333333333333333
0.29545454545454547
0.3181818181818182
0.3023255813953488
0.2608695652173913
0.2826086956521739
0.21739130434782608
0.2
0.2826086956521739
0.2727272727272727
0.3111111111111111
0.2558139534883721
0.16666666666666666
0.21739130434782608
0.21739130434782608
0.22727272727272727
0.2
0.22448979591836735
0.22727272727272727
0.2727272727272727
0.2727272727272727
0.20930232558139536
0.19148936170212766
0.2391304347826087
0.22727272727272727
0.3333333333333333
0.2558139534883721
0.2222222222222222
0.2708333333333333
0.1956521739130435
0.2765957446808511
0.21428571428571427
0.23404255319148937
0.2
0.25
0.26666666666666666
0.3111111111111111
0.3
0.38095238095238093
0.25
0.21739130434782608
0.1590909090909091
0.22916666666666666
0.26666666666666666
0.22727272727272727
0.2978723404255319
0.2558139534883721
0.2553191489361702
0.28888888888888886
0.2727272727272727
0.1956521739130435
0.2916666666666667
0.2558139534883721
0.24444444444444444
0.23255813953488372
0.24444444444444444
0.21739130434782608
0.2708333333333333
0.19047619047619047
0.20833333333333334
0.34782608695652173
0.25
0.13953488372093023
0.1875
0.2127659574468085
0.26666666666666666
0.22727272727272727
0.30434782608695654
0.2727272727272727
0.28888888888888886
0.18604651162790697
0.27906976744186046
0.2727272727272727
0.24444444444444444
0.23404255319148937
0.2127659574468085
0.22916666666666666
0.3125
0.18604651162790697
0.26666666666666666
0.3111111111111111
0.19047619047619047
0.17777777777777778
0.2549019607843137
0.2391304347826087
0.21739130434782608
0.2765957446808511
0.2727272727272727
0.25
0.2727272727272727
0.17391304347826086
0.2727272727272727
0.2558139534883721
0.18181818181818182
0.19148936170212766
0.2765957446808511
0.2222222222222222
0.28888888888888886
0.3181818181818182
0.3023255813953488
0.2619047619047619
0.2727272727272727
0.32608695652173914
0.25
0.29545454545454547
0.24444444444444444
0.29545454545454547
0.3333333333333333
0.19047619047619047
0.18181818181818182
0.2553191489361702
0.24444444444444444
0.22727272727272727
0.2
0.19148936170212766
0.1956521739130435
0.2
0.3181818181818182
0.2857142857142857
0.29545454545454547
0.23255813953488372
0.30434782608695654
0.17777777777777778
0.23404255319148937
0.32608695652173914
0.27906976744186046
0.20454545454545456
0.26666666666666666
0.2222222222222222
0.26666666666666666
0.24390243902439024
0.21428571428571427
0.17391304347826086
0.30612244897959184
0.2727272727272727
0.18181818181818182
0.3191489361702128
0.2857142857142857
0.2558139534883721
0.29545454545454547
0.2727272727272727
0.2222222222222222
0.2391304347826087
0.2553191489361702
0.2
0.20454545454545456
0.2558139534883721
0.25
0.26666666666666666
0.26666666666666666
0.28888888888888886
0.27906976744186046
0.18604651162790697
0.15217391304347827
0.2608695652173913
0.21739130434782608
0.2608695652173913
0.13333333333333333
0.1956521739130435
0.3111111111111111
0.23255813953488372
0.2222222222222222
0.2826086956521739
0.2
0.3333333333333333
0.2727272727272727
0.26666666666666666
0.2222222222222222
0.25
0.3111111111111111
0.24444444444444444
0.22727272727272727
0.3111111111111111
0.21428571428571427
0.24444444444444444
0.22727272727272727
0.17777777777777778
0.2765957446808511
0.21428571428571427
0.2127659574468085
0.2608695652173913
0.1956521739130435
0.28888888888888886
0.26666666666666666
0.3181818181818182
0.2826086956521739
0.20930232558139536
0.18181818181818182
0.28888888888888886
0.23255813953488372
0.2765957446808511
0.2222222222222222
0.2608695652173913
0.29545454545454547
0.2727272727272727
0.2558139534883721
0.32558139534883723
0.2558139534883721
0.3023255813953488
0.24444444444444444
0.26666666666666666
0.2765957446808511
0.2
0.20833333333333334
0.16666666666666666
0.24489795918367346
0.2
0.32608695652173914
0.3488372093023256
0.20930232558139536
0.21739130434782608
0.22727272727272727
0.2765957446808511
0.27906976744186046
0.28888888888888886
0.18181818181818182
0.25
0.23404255319148937
0.2727272727272727
0.2826086956521739
0.3023255813953488
0.23255813953488372
0.23255813953488372
0.2608695652173913
0.3409090909090909
0.28888888888888886
0.29545454545454547
0.2619047619047619
0.2826086956521739
0.24444444444444444
0.19148936170212766
0.2391304347826087
0.30434782608695654
0.24444444444444444
0.32608695652173914
0.20930232558139536
0.18181818181818182
0.24444444444444444
0.18181818181818182
0.2916666666666667
0.20454545454545456
0.2608695652173913
0.18181818181818182
0.25
0.2727272727272727
0.25
0.2727272727272727
0.18604651162790697
0.2708333333333333
0.29545454545454547
0.2619047619047619
0.2857142857142857
0.26666666666666666
0.2608695652173913
0.24444444444444444
0.29545454545454547
0.30434782608695654
0.17777777777777778
0.24444444444444444
0.18181818181818182
0.2978723404255319
0.26666666666666666
0.2
0.2727272727272727
0.3181818181818182
0.2222222222222222
0.2553191489361702
0.26666666666666666
0.21739130434782608
0.17777777777777778
0.2765957446808511
0.21428571428571427
0.22448979591836735
0.24444444444444444
0.17391304347826086
0.2608695652173913
0.2391304347826087
0.2391304347826087
0.25
0.27906976744186046
0.26666666666666666
0.2391304347826087
0.2608695652173913
0.2826086956521739
0.27906976744186046
0.21428571428571427
0.21739130434782608
0.23255813953488372
0.2127659574468085
0.1956521739130435
0.21739130434782608
0.2826086956521739
0.26666666666666666
0.2222222222222222
0.30434782608695654
0.3023255813953488
0.2558139534883721
0.22916666666666666
0.28888888888888886
0.24444444444444444
0.27906976744186046
0.23255813953488372
0.23404255319148937
0.22727272727272727
0.25
0.18181818181818182
0.17391304347826086
0.17391304347826086
0.24489795918367346
0.24444444444444444
0.19148936170212766
0.2708333333333333
0.2608695652173913
0.2765957446808511
0.26666666666666666
0.2727272727272727
0.24444444444444444
0.17777777777777778
0.28888888888888886
0.2727272727272727
0.22727272727272727
0.17777777777777778
0.2127659574468085
0.2608695652173913
0.2222222222222222
0.11627906976744186
0.26
0.26666666666666666
0.2127659574468085
0.3111111111111111
0.3023255813953488
0.25
0.2
0.30434782608695654
0.20454545454545456
0.2727272727272727
0.3023255813953488
0.29545454545454547
0.17777777777777778
0.2127659574468085
0.3111111111111111
0.21428571428571427
0.25
0.27906976744186046
0.2826086956521739
0.21428571428571427
0.2222222222222222
0.24444444444444444
0.3111111111111111
0.2727272727272727
0.1956521739130435
0.2222222222222222
0.20454545454545456
0.2608695652173913
0.26666666666666666
0.2727272727272727
0.3181818181818182
0.2391304347826087
0.2553191489361702
0.2222222222222222
0.2765957446808511
0.2608695652173913
0.26666666666666666
0.24444444444444444
0.29545454545454547
0.2
0.2608695652173913
0.3181818181818182
0.22727272727272727
0.1956521739130435
0.1956521739130435
0.2127659574468085
0.19148936170212766
0.22916666666666666
0.20454545454545456
0.20930232558139536
0.36363636363636365
0.2619047619047619
0.22727272727272727
0.25
0.26666666666666666
0.2558139534883721
0.27906976744186046
0.2
0.34782608695652173
0.2682926829268293
0.21739130434782608
0.2826086956521739
0.2727272727272727
0.2826086956521739
0.23809523809523808
0.3191489361702128
0.19047619047619047
0.2127659574468085
0.2826086956521739
0.23255813953488372
0.2222222222222222
0.17777777777777778
0.3333333333333333
0.23809523809523808
0.2222222222222222
0.22727272727272727
0.24444444444444444
0.22727272727272727
0.18181818181818182
0.26666666666666666
0.2727272727272727
0.21428571428571427
0.32653061224489793
0.14285714285714285
0.2391304347826087
0.32558139534883723
0.25
0.2826086956521739
0.18604651162790697
0.3111111111111111
0.36363636363636365
0.2619047619047619
0.21739130434782608
0.2553191489361702
0.27906976744186046
0.2826086956521739
0.17777777777777778
0.25
0.2727272727272727
0.21739130434782608
0.1956521739130435
0.2608695652173913
0.20930232558139536
0.19148936170212766
0.2708333333333333
0.24444444444444444
0.2608695652173913
0.30434782608695654
0.3023255813953488
0.2558139534883721
0.26666666666666666
0.26666666666666666
0.3111111111111111
0.25
0.2553191489361702
0.25
0.23255813953488372
0.2727272727272727
0.2391304347826087
0.21739130434782608
0.2
0.3111111111111111
0.2619047619047619
0.2
0.2127659574468085
0.1956521739130435
0.2708333333333333
0.28888888888888886
0.24390243902439024
0.2558139534883721
0.1956521739130435
0.2391304347826087
0.2558139534883721
0.24444444444444444
0.13636363636363635
0.3125
0.23809523809523808
0.29545454545454547
0.22727272727272727
0.2553191489361702
0.30434782608695654
0.25
0.17391304347826086
0.2765957446808511
0.3111111111111111
0.16666666666666666
0.21739130434782608
0.2708333333333333
0.22727272727272727
0.28888888888888886
0.26666666666666666
0.2727272727272727
0.22727272727272727
0.2222222222222222
0.24489795918367346
0.26666666666666666
0.3181818181818182
0.2558139534883721
0.21739130434782608
0.2826086956521739
0.20454545454545456
0.25
0.21739130434782608
0.30434782608695654
0.30952380952380953
0.23255813953488372
0.19148936170212766
0.2391304347826087
0.28888888888888886
0.24444444444444444
0.14893617021276595
0.2916666666666667
0.27906976744186046
0.24444444444444444
0.3333333333333333
0.2727272727272727
0.24444444444444444
0.2553191489361702
0.26666666666666666
0.2727272727272727
0.29545454545454547
0.2619047619047619
0.2727272727272727
0.25
0.22727272727272727
0.2553191489361702
0.2558139534883721
0.26666666666666666
0.16279069767441862
0.16666666666666666
0.19148936170212766
0.29545454545454547
0.28888888888888886
0.27906976744186046
0.2
0.1956521739130435
0.30434782608695654
0.19047619047619047
0.27906976744186046
0.22727272727272727
0.2391304347826087
0.27906976744186046
0.20454545454545456
0.28888888888888886
0.3333333333333333
0.24444444444444444
0.28888888888888886
0.28888888888888886
0.18604651162790697
0.2608695652173913
0.2222222222222222
0.2826086956521739
0.20930232558139536
0.2608695652173913
0.27906976744186046
0.25
0.24444444444444444
0.2553191489361702
0.26666666666666666
0.1590909090909091
0.2608695652173913
0.22727272727272727
0.26666666666666666
0.17777777777777778
0.3333333333333333
0.30952380952380953
0.26666666666666666
0.2222222222222222
0.22727272727272727
0.21739130434782608
0.22916666666666666
0.17777777777777778
0.30434782608695654
0.32558139534883723
0.30952380952380953
0.30952380952380953
0.2682926829268293
0.2608695652173913
0.15555555555555556
0.1875
0.17777777777777778
0.17391304347826086
0.2708333333333333
0.26666666666666666
0.2619047619047619
0.24444444444444444
0.2727272727272727
0.25
0.13333333333333333
0.2765957446808511
0.20930232558139536
0.22727272727272727
0.2391304347826087
0.2727272727272727
0.32558139534883723
0.27906976744186046
0.21739130434782608
0.24444444444444444
0.17777777777777778
0.22916666666666666
0.2765957446808511
0.3023255813953488
0.17777777777777778
0.2708333333333333
0.2391304347826087
0.2127659574468085
0.2978723404255319
0.2558139534883721
0.35555555555555557
0.27906976744186046
0.2826086956521739
0.26666666666666666
0.24444444444444444
0.17777777777777778
0.1836734693877551
0.2826086956521739
0.22727272727272727
0.17391304347826086
0.22916666666666666
0.24444444444444444
0.3111111111111111
0.18604651162790697
0.3191489361702128
0.3023255813953488
0.23255813953488372
0.21739130434782608
0.24444444444444444
0.17391304347826086
0.2608695652173913
0.22727272727272727
0.2391304347826087
0.2391304347826087
0.2553191489361702
0.35555555555555557
0.30952380952380953
0.2553191489361702
0.2765957446808511
0.20930232558139536
0.23404255319148937
0.2727272727272727
0.2391304347826087
0.3125
0.23255813953488372
0.22727272727272727
0.20454545454545456
0.2826086956521739
0.14634146341463414
0.26666666666666666
0.2558139534883721
0.3181818181818182
0.2558139534883721
0.2826086956521739
0.18604651162790697
0.2857142857142857
0.2608695652173913
0.3181818181818182
0.25
0.2826086956521739
0.17777777777777778
0.21739130434782608
0.1875
0.3111111111111111
0.20930232558139536
0.2391304347826087
0.1951219512195122
0.2765957446808511
0.27906976744186046
0.25
0.18181818181818182
0.2826086956521739
0.21428571428571427
0.2727272727272727
0.29545454545454547
0.2727272727272727
0.2826086956521739
0.2727272727272727
0.3181818181818182
0.25
0.2222222222222222
0.2222222222222222
0.2608695652173913
0.30434782608695654
0.2222222222222222
0.23404255319148937
0.2727272727272727
0.25
0.2
0.21739130434782608
0.25
0.2608695652173913
0.2222222222222222
0.22916666666666666
0.2127659574468085
0.24444444444444444
0.2127659574468085
0.2708333333333333
0.22727272727272727
0.26666666666666666
0.24444444444444444
0.2826086956521739
0.22727272727272727
0.1956521739130435
0.26666666666666666
0.2826086956521739
0.2558139534883721
0.28888888888888886
0.22727272727272727
0.2391304347826087
0.17391304347826086
0.32
0.20930232558139536
0.19148936170212766
0.29545454545454547
0.25
0.2765957446808511
0.3181818181818182
0.2727272727272727
0.35714285714285715
0.2619047619047619
0.2391304347826087
0.2222222222222222
0.2608695652173913
0.21739130434782608
0.19148936170212766
0.30612244897959184
0.2727272727272727
0.2
0.16666666666666666
0.2826086956521739
0.2727272727272727
0.18604651162790697
0.2
0.2765957446808511
0.28888888888888886
0.27906976744186046
0.2558139534883721
0.2222222222222222
0.2826086956521739
0.2857142857142857
0.20930232558139536
0.23404255319148937
0.24444444444444444
0.2553191489361702
0.2727272727272727
0.3023255813953488
0.13636363636363635
0.24489795918367346
0.20454545454545456
0.26666666666666666
0.23255813953488372
0.2127659574468085
0.24444444444444444
0.23404255319148937
0.2708333333333333
0.2127659574468085
0.2916666666666667
0.3181818181818182
0.2857142857142857
0.27906976744186046
0.3333333333333333
0.20930232558139536
0.2826086956521739
0.24444444444444444
0.32608695652173914
0.3488372093023256
0.3023255813953488
0.2558139534883721
0.2826086956521739
0.30952380952380953
0.16666666666666666
0.3333333333333333
0.2682926829268293
0.26666666666666666
0.1702127659574468
0.25
0.2727272727272727
0.3181818181818182
0.2727272727272727
0.2558139534883721
0.28888888888888886
0.2727272727272727
0.30952380952380953
0.19047619047619047
0.24444444444444444
0.2608695652173913
0.2222222222222222
0.28888888888888886
0.32558139534883723
0.22727272727272727
0.13043478260869565
0.22
0.20833333333333334
0.2765957446808511
0.1956521739130435
0.2553191489361702
0.22727272727272727
0.28888888888888886
0.26666666666666666
0.28888888888888886
0.22727272727272727
0.2553191489361702
0.3023255813953488
0.3111111111111111
0.3111111111111111
0.3111111111111111
0.3409090909090909
0.24390243902439024
0.1956521739130435
0.20833333333333334
0.3111111111111111
0.16279069767441862
0.22916666666666666
0.2608695652173913
0.28888888888888886
0.2
0.1956521739130435
0.22916666666666666
0.25
0.23404255319148937
0.2978723404255319
0.2558139534883721
0.3181818181818182
0.2222222222222222
0.1956521739130435
0.21739130434782608
0.2391304347826087
0.2222222222222222
0.2553191489361702
0.22727272727272727
0.21739130434782608
0.22916666666666666
0.17391304347826086
0.23404255319148937
0.2765957446808511
0.28888888888888886
0.3023255813953488
0.18181818181818182
0.2978723404255319
0.18181818181818182
0.2391304347826087
0.22727272727272727
0.2
0.17391304347826086
0.22916666666666666
0.2608695652173913
0.2391304347826087
0.23255813953488372
0.3333333333333333
0.27906976744186046
0.24444444444444444
0.30434782608695654
0.23255813953488372
0.2553191489361702
0.29545454545454547
0.2222222222222222
0.22916666666666666
0.23404255319148937
0.3111111111111111
0.29545454545454547
0.25
0.23255813953488372
0.21739130434782608
0.3111111111111111
0.24444444444444444
0.24444444444444444
0.13333333333333333
0.1875
0.2222222222222222
0.2608695652173913
0.2727272727272727
0.13953488372093023
0.23404255319148937
0.20454545454545456
0.2127659574468085
0.26666666666666666
0.27906976744186046
0.2391304347826087
0.2608695652173913
0.26666666666666666
0.2391304347826087
0.25
0.2
0.32608695652173914
0.2682926829268293
0.13953488372093023
0.24489795918367346
0.24444444444444444
0.2391304347826087
0.2608695652173913
0.26666666666666666
0.2765957446808511
0.2558139534883721
0.16279069767441862
0.2127659574468085
0.2127659574468085
0.2608695652173913
0.25
0.30434782608695654
0.2727272727272727
0.2765957446808511
0.29545454545454547
0.26666666666666666
0.2619047619047619
0.2727272727272727
0.1956521739130435
0.26666666666666666
0.2826086956521739
0.19047619047619047
0.2391304347826087
0.24444444444444444
0.29545454545454547
0.26666666666666666
0.23255813953488372
0.26666666666666666
0.25
0.18181818181818182
0.26666666666666666
0.21739130434782608
0.3181818181818182
0.23809523809523808
0.2
0.2765957446808511
0.23255813953488372
0.2222222222222222
0.21739130434782608
0.2978723404255319
0.27906976744186046
0.16279069767441862
0.2978723404255319
0.22727272727272727
0.27906976744186046
0.28888888888888886
0.2926829268292683
0.2222222222222222
0.26
0.2
0.26666666666666666
0.2826086956521739
0.2558139534883721
0.19047619047619047
0.23404255319148937
0.2727272727272727
0.29545454545454547
0.29545454545454547
0.2857142857142857
0.22727272727272727
0.2608695652173913
0.2222222222222222
0.2222222222222222
0.2727272727272727
0.28888888888888886
0.19047619047619047
0.3023255813953488
0.28888888888888886
0.2727272727272727
0.29545454545454547
0.29545454545454547
0.22727272727272727
0.3023255813953488
0.37209302325581395
0.2857142857142857
0.2926829268292683
0.20930232558139536
0.28888888888888886
0.26666666666666666
0.24444444444444444
0.22916666666666666
0.23404255319148937
0.29545454545454547
0.24444444444444444
0.22727272727272727
0.2391304347826087
0.24444444444444444
0.27906976744186046
0.23255813953488372
0.2222222222222222
0.2553191489361702
0.2222222222222222
0.2826086956521739
0.23255813953488372
0.2222222222222222
0.17391304347826086
0.2765957446808511
0.2727272727272727
0.23255813953488372
0.3111111111111111
0.22727272727272727
0.28888888888888886
0.24444444444444444
0.2391304347826087
0.3023255813953488
0.23255813953488372
0.26666666666666666
0.2558139534883721
0.20930232558139536
0.18181818181818182
0.13043478260869565
0.20408163265306123
0.15217391304347827
0.2553191489361702
0.2
0.26666666666666666
0.30434782608695654
0.24444444444444444
0.26666666666666666
0.2708333333333333
0.18604651162790697
0.26666666666666666
0.25
0.2
0.23404255319148937
0.30434782608695654
0.26666666666666666
0.2727272727272727
0.21739130434782608
0.2
0.2708333333333333
0.21739130434782608
0.2765957446808511
0.26666666666666666
0.36363636363636365
0.2619047619047619
0.2553191489361702
0.17777777777777778
0.25
0.26666666666666666
0.26666666666666666
0.30434782608695654
0.23255813953488372
0.2608695652173913
0.26666666666666666
0.2826086956521739
0.25
0.2608695652173913
0.2
0.24489795918367346
0.2222222222222222
0.22727272727272727
0.35555555555555557
0.27906976744186046
0.2608695652173913
0.25
0.32558139534883723
0.24444444444444444
0.29545454545454547
0.25
0.1956521739130435
0.1702127659574468
0.2553191489361702
0.22727272727272727
0.2765957446808511
0.2857142857142857
0.24444444444444444
0.2558139534883721
0.2
0.2765957446808511
0.28888888888888886
0.3023255813953488
0.2727272727272727
0.27906976744186046
0.28888888888888886
0.2558139534883721
0.20454545454545456
0.22916666666666666
0.23404255319148937
0.2391304347826087
0.18181818181818182
0.25
0.2727272727272727
0.2391304347826087
0.2391304347826087
0.2765957446808511
0.2391304347826087
0.2826086956521739
0.13953488372093023
0.23404255319148937
0.22727272727272727
0.3191489361702128
0.21951219512195122
0.2553191489361702
0.27906976744186046
0.20930232558139536
0.2553191489361702
0.2619047619047619
0.28888888888888886
0.23255813953488372
0.28888888888888886
0.29545454545454547
0.2558139534883721
0.18181818181818182
0.23404255319148937
0.30434782608695654
0.24444444444444444
0.25
0.24444444444444444
0.2826086956521739
0.22727272727272727
0.2608695652173913
0.28888888888888886
0.20454545454545456
0.26666666666666666
0.20454545454545456
0.21739130434782608
0.2826086956521739
0.2727272727272727
0.2727272727272727
0.25
0.32608695652173914
0.16279069767441862
0.32608695652173914
0.18604651162790697
0.2765957446808511
0.25
0.2765957446808511
0.28888888888888886
0.2727272727272727
0.20930232558139536
0.24444444444444444
0.20454545454545456
0.22916666666666666
0.2222222222222222
0.21739130434782608
0.2826086956521739
0.27906976744186046
0.18181818181818182
0.2
0.2608695652173913
0.23404255319148937
0.2222222222222222
0.2
0.2553191489361702
0.30434782608695654
0.2222222222222222
0.2
0.2391304347826087
0.3191489361702128
0.23255813953488372
0.2391304347826087
0.2127659574468085
0.2765957446808511
0.2222222222222222
0.24444444444444444
0.30434782608695654
0.2222222222222222
0.30434782608695654
0.2727272727272727
0.3111111111111111
0.23255813953488372
0.2978723404255319
0.29545454545454547
0.23255813953488372
0.3023255813953488
0.27906976744186046
0.24444444444444444
0.2558139534883721
0.2222222222222222
0.35555555555555557
0.23255813953488372
0.2222222222222222
0.24444444444444444
0.2222222222222222
0.26666666666666666
0.3111111111111111
0.21428571428571427
0.2
0.20930232558139536
0.2553191489361702
0.3181818181818182
0.3023255813953488
0.18181818181818182
0.2765957446808511
0.27906976744186046
0.20930232558139536
0.2222222222222222
0.2391304347826087
0.29545454545454547
0.20454545454545456
0.2765957446808511
0.28888888888888886
0.36363636363636365
0.23255813953488372
0.2222222222222222
0.21739130434782608
0.2127659574468085
0.2608695652173913
0.3111111111111111
0.27906976744186046
0.18604651162790697
0.28888888888888886
0.2558139534883721
0.35555555555555557
0.2619047619047619
0.2619047619047619
0.2608695652173913
0.26666666666666666
0.19148936170212766
0.2826086956521739
0.2727272727272727
0.21739130434782608
0.19148936170212766
0.1702127659574468
0.3617021276595745
0.23809523809523808
0.2727272727272727
0.2727272727272727
0.22727272727272727
0.2727272727272727
0.26666666666666666
0.3191489361702128
0.20454545454545456
0.2978723404255319
0.23255813953488372
0.2391304347826087
0.32608695652173914
0.2558139534883721
0.2222222222222222
0.2608695652173913
0.17777777777777778
0.26666666666666666
0.26666666666666666
0.2608695652173913
0.2222222222222222
0.28888888888888886
0.2222222222222222
0.23404255319148937
0.22727272727272727
0.26666666666666666
0.27906976744186046
0.20454545454545456
0.3
0.2857142857142857
0.20930232558139536
0.28888888888888886
0.3333333333333333
0.2558139534883721
0.23404255319148937
0.2222222222222222
0.32608695652173914
0.30952380952380953
0.2
0.2222222222222222
0.2222222222222222
0.2558139534883721
0.3333333333333333
0.2619047619047619
0.3409090909090909
0.2727272727272727
0.2391304347826087
