Overall Mean: 40.4232
38.75
32.55
37.3
39.5
37.7
39.9
41.35
31.7
39.6
39.4
46.55
50.7
36.2
34.5
41.35
39.55
41.95
39.75
41.9
41.4
32.85
41.7
42.65
42.5
40.7
40.2
38.45
46.15
48.9
35.45
41.2
50.3
40.3
44.15
33.4
36.7
46.35
42.95
40.55
37.55
43.7
35.35
35.2
41.9
43.95
38.95
37.3
43.3
42.35
44.35
35.2
43.05
42.85
47.6
41.05
35.65
39.3
41.15
38.7
43.7
37.3
40.45
34.85
48.05
37.4
47.45
48.0
43.15
30.45
43.2
36.05
38.65
34.8
32.95
44.65
37.5
48.45
42.85
39.35
40.2
43.35
38.2
46.8
37.15
40.45
35.9
36.7
37.9
37.8
44.45
39.4
35.85
43.2
45.25
34.55
41.25
40.15
43.5
37.5
40.5
38.75
43.65
47.0
35.1
41.5
45.05
45.4
40.0
33.75
40.05
36.15
48.05
37.5
39.5
39.65
43.6
42.55
49.35
33.25
45.45
38.9
43.3
40.4
47.2
52.3
40.3
38.55
43.6
46.4
39.15
36.4
36.7
40.7
32.8
37.35
43.75
36.75
45.1
37.75
46.65
49.6
38.55
32.3
38.9
38.55
45.05
40.4
36.75
40.9
47.5
40.95
47.95
44.75
37.55
42.05
33.65
35.25
42.95
34.4
31.9
41.1
39.0
37.55
35.9
39.15
41.5
42.2
45.35
23.05
35.25
34.45
40.9
38.5
33.9
38.05
46.85
36.4
35.65
41.2
44.1
39.1
47.95
48.5
42.4
35.1
38.1
37.6
38.7
37.95
41.75
37.15
34.05
36.85
32.85
36.5
38.4
38.0
38.0
37.5
37.25
43.85
43.8
43.0
40.2
33.1
38.9
34.45
34.5
38.95
43.5
40.4
40.5
43.75
39.95
36.3
42.45
36.65
40.25
39.55
45.0
46.55
41.85
33.3
39.95
46.45
35.1
42.4
48.75
45.6
36.55
37.35
43.85
39.6
34.45
43.65
37.7
41.5
43.5
33.7
37.7
39.0
44.85
36.55
43.3
40.2
38.05
39.6
33.75
41.7
39.35
41.0
37.65
40.2
43.25
41.15
33.85
35.85
37.4
37.4
41.55
36.85
37.25
39.9
43.45
46.4
42.85
43.85
43.35
30.85
35.35
40.2
30.05
41.4
39.3
45.9
45.05
40.3
46.6
29.5
31.7
45.15
41.4
44.3
37.6
42.85
43.95
32.75
36.1
38.9
39.1
43.1
53.35
34.25
38.85
43.25
33.75
35.2
32.0
40.3
36.35
36.9
39.4
44.55
41.35
39.3
38.1
38.35
41.7
48.05
42.25
37.4
35.1
38.85
40.55
34.7
34.4
44.6
36.55
43.5
37.05
38.6
33.75
40.75
42.6
43.95
42.65
38.9
34.45
38.4
42.05
38.9
37.15
54.25
46.15
41.8
33.05
40.0
37.2
47.0
39.3
42.9
30.45
29.45
44.95
35.0
51.65
34.55
39.45
46.2
42.05
44.05
48.65
39.1
35.35
44.6
39.35
42.8
32.45
33.65
42.65
41.95
34.3
46.5
40.4
33.45
36.25
39.8
42.7
40.05
41.75
48.0
31.45
47.9
38.65
46.7
42.4
43.85
40.25
44.35
48.65
43.15
47.2
43.65
33.3
40.85
40.15
40.55
37.85
39.65
47.85
31.1
33.3
40.4
38.1
40.6
33.0
42.25
40.05
38.0
41.5
43.9
47.6
44.2
39.0
39.35
52.05
39.8
39.6
36.3
35.85
33.35
37.8
38.45
37.3
31.0
35.65
45.7
40.5
41.05
45.7
36.05
39.0
38.0
36.0
38.55
43.35
39.6
34.6
48.95
41.1
35.7
38.85
40.0
50.25
51.0
40.55
32.05
41.05
35.1
35.4
41.0
36.85
45.05
45.2
38.45
42.15
44.15
39.1
42.15
34.9
42.35
34.85
38.65
31.5
48.7
43.2
45.45
41.2
40.65
38.65
34.0
44.7
35.45
46.2
41.1
37.4
37.1
44.0
46.4
39.05
32.75
42.9
40.65
38.2
44.0
29.3
43.6
39.0
36.45
44.85
42.95
37.35
36.55
36.15
35.3
42.1
45.6
36.25
36.1
45.0
38.35
46.4
38.65
41.05
35.55
45.9
34.65
41.7
41.15
35.5
51.8
35.75
38.55
37.75
42.25
40.55
47.45
36.85
36.25
46.75
46.35
44.7
31.5
45.55
42.25
44.05
41.15
36.6
37.4
46.95
36.25
41.7
32.65
46.5
41.6
36.6
43.45
34.35
43.15
45.65
41.1
53.85
33.8
38.25
40.15
45.0
40.55
46.3
31.35
38.4
36.8
42.5
34.6
37.9
38.45
41.65
35.45
37.4
33.15
40.75
38.2
48.35
44.15
39.35
47.85
33.35
43.8
45.65
36.45
35.8
40.5
47.7
42.1
46.5
42.3
43.3
43.65
36.15
40.45
48.05
43.2
43.85
42.15
44.8
42.85
38.35
33.55
40.15
41.3
40.55
33.0
45.25
47.7
50.75
39.15
42.15
41.3
49.4
39.95
36.8
41.1
36.65
42.4
40.25
39.85
53.25
36.05
48.6
42.1
36.3
46.8
43.95
41.7
35.4
49.95
35.05
33.45
43.5
42.4
41.65
38.3
36.0
38.25
43.7
45.05
45.75
47.5
49.3
49.5
42.9
31.55
44.7
44.4
30.65
38.0
31.55
38.4
35.05
40.0
38.45
28.75
40.35
38.15
48.75
41.75
39.45
40.0
32.75
32.85
38.25
40.5
43.9
40.25
42.95
38.35
36.0
30.85
42.45
41.3
38.75
35.25
37.95
36.25
46.75
45.6
49.1
43.85
45.25
40.8
44.5
31.5
42.35
40.7
40.2
39.0
38.95
27.0
44.3
39.8
42.8
38.75
41.4
44.95
39.8
36.35
42.6
35.25
27.15
44.65
38.5
41.2
31.75
48.55
41.65
44.25
38.8
34.15
43.9
46.75
38.05
33.7
35.7
37.95
46.6
49.75
47.55
33.95
34.95
36.95
45.05
41.55
44.9
33.1
42.9
36.95
43.3
39.95
31.0
44.45
47.2
43.65
43.35
36.35
34.0
40.4
37.8
39.3
38.2
45.0
38.55
36.75
50.4
45.65
38.8
34.9
37.4
41.65
40.6
41.65
39.25
44.85
43.9
42.3
46.3
45.9
41.6
33.6
35.05
45.2
43.7
42.9
41.35
40.55
39.5
43.65
46.9
41.3
44.05
36.25
37.85
41.95
35.85
42.5
42.9
47.55
33.25
40.95
39.9
38.05
43.2
38.4
39.45
36.4
43.55
36.1
44.55
43.1
37.2
40.55
40.45
38.0
36.05
41.6
35.95
35.45
36.25
39.8
32.15
46.95
35.9
42.65
38.05
45.0
36.0
48.75
41.35
34.8
35.05
51.65
49.0
33.0
43.85
33.85
32.45
41.5
39.8
34.8
31.5
36.8
48.15
36.45
41.0
40.9
41.35
32.6
36.65
50.25
39.4
44.7
44.75
45.05
39.45
46.8
38.0
36.95
43.25
36.2
41.4
38.6
40.65
48.9
38.75
33.95
45.5
51.0
45.15
39.3
40.55
39.0
35.85
39.55
43.75
32.95
36.2
40.75
39.25
38.2
39.85
39.05
41.85
36.25
43.05
35.2
36.4
47.35
38.65
48.4
39.6
44.95
36.45
40.5
35.7
48.15
47.0
46.5
33.95
38.8
33.35
42.75
39.85
46.65
37.35
45.55
36.6
40.0
39.75
39.0
40.6
47.25
45.0
41.3
36.15
40.3
44.55
43.25
43.45
41.65
45.1
43.2
49.65
39.8
41.4
54.25
44.1
39.3
37.5
37.45
37.2
42.15
41.6
39.35
36.4
38.75
42.65
37.75
42.25
40.2
36.95
41.4
44.05
35.4
35.1
45.2
36.65
40.65
36.15
38.9
43.55
43.8
44.95
39.45
43.15
39.1
40.8
41.4
39.65
40.05
37.65
41.15
41.45
36.9
34.3
39.7
47.5
42.15
41.9
40.4
38.65
46.2
36.6
29.35
45.1
48.95
41.95
47.75
38.9
39.25
38.55
40.65
40.05
44.3
43.6
37.3
32.55
41.5
37.75
38.15
47.65
42.05
37.9
33.65
40.3
40.35
42.8
35.0
40.65
38.85
50.2
46.55
44.9
43.15
38.6
44.85
37.7
32.85
37.4
45.15
42.8
41.75
41.45
33.25
41.85
46.15
38.75
36.85
43.5
45.35
37.0
35.9
40.5
39.85
41.85
44.2
42.65
54.25
39.2
36.6
37.35
34.5
34.25
38.35
41.9
33.7
43.0
43.4
44.55
36.45
39.3
38.55
47.8
33.7
38.75
38.25
44.8
45.45
42.9
31.4
42.25
46.9
39.8
41.0
43.95
48.25
42.7
45.95
37.4
44.65
40.6
38.8
43.0
32.9
36.65
45.75
39.7
36.35
38.45
39.4
42.0
38.25
45.8
35.0
42.15
30.7
39.6
39.6
36.2
41.8
36.25
37.9
46.0
39.55
42.95
36.9
42.7
40.55
33.75
42.15
49.6
40.1
41.5
35.7
48.75
34.2
42.95
43.95
44.05
43.85
36.2
45.4
42.95
41.15
37.95
39.05
37.35
43.05
46.95
42.05
42.15
47.65
40.75
36.2
44.65
38.85
42.45
41.2
38.0
37.8
36.05
41.5
44.25
36.3
36.1
42.4
41.35
36.05
39.35
50.1
41.65
45.0
37.8
40.3
39.3
41.25
36.45
41.4
40.9
33.95
45.25
42.05
39.9
35.9
39.65
39.4
35.95
45.15
41.4
38.2
35.4
43.25
45.35
34.95
45.5
46.95
44.05
41.15
45.55
42.55
37.35
38.85
41.05
44.8
34.75
43.15
40.55
35.55
38.6
41.8
39.65
39.4
40.2
35.65
42.15
43.7
43.05
39.9
39.4
41.85
39.45
41.2
36.45
41.35
44.15
47.6
33.65
39.15
39.45
33.2
47.55
46.65
43.95
39.25
40.15
38.6
36.75
38.65
31.65
45.1
42.1
45.6
37.75
38.75
42.2
46.5
38.05
48.4
45.75
43.7
46.25
34.95
43.35
46.8
41.9
38.4
36.7
40.3
42.7
37.55
36.75
38.55
40.35
33.75
44.1
48.7
33.15
36.65
39.5
36.7
39.35
43.95
34.8
45.35
43.95
47.5
41.0
42.25
42.95
34.3
40.7
46.5
39.5
34.95
44.05
40.4
37.35
39.85
32.1
45.8
40.55
43.4
39.65
38.4
39.95
46.35
36.95
48.4
35.55
34.7
43.15
40.35
37.25
43.2
41.85
39.2
38.65
44.5
44.3
43.75
40.35
37.05
39.45
45.25
39.6
43.1
40.7
31.15
39.6
46.25
35.05
37.7
41.95
45.35
45.3
39.95
46.25
36.5
38.65
45.6
36.9
49.95
42.05
48.55
47.05
41.4
39.0
46.85
40.5
47.25
36.9
35.25
38.2
46.2
41.05
42.9
35.25
48.55
39.85
42.95
30.95
44.2
41.6
43.3
37.55
37.3
38.3
38.95
38.65
43.85
42.45
37.8
43.2
38.85
43.2
49.35
42.95
33.45
45.65
40.95
38.6
47.0
45.15
43.15
43.2
37.85
46.5
45.95
42.25
41.4
41.45
39.45
38.3
40.25
42.95
40.55
39.85
37.7
44.75
43.65
32.75
44.9
34.3
42.35
39.0
39.2
34.3
35.15
39.5
38.55
39.4
43.75
34.7
46.2
36.95
40.35
43.75
42.2
38.0
36.95
38.25
39.6
35.5
40.2
40.15
43.0
36.55
35.35
40.0
35.45
44.4
42.4
38.8
37.0
41.3
45.25
46.0
36.9
41.45
41.25
40.85
43.2
46.4
43.75
35.5
32.95
30.9
37.95
40.65
29.75
39.9
32.95
44.8
42.6
40.15
36.65
42.9
47.6
43.15
39.65
40.7
34.55
39.2
40.25
38.0
35.95
38.05
44.35
41.0
44.05
48.55
35.8
38.5
51.8
44.9
45.0
37.6
53.55
40.15
39.6
36.35
39.6
37.5
31.4
36.45
44.8
40.55
41.95
38.7
47.15
45.15
43.1
36.65
45.85
44.45
40.55
28.4
39.45
38.1
41.0
34.85
33.6
36.7
41.4
40.0
38.65
35.25
46.25
41.95
42.25
41.8
41.95
37.2
38.15
40.4
39.75
41.7
36.7
37.6
35.15
33.75
35.0
36.35
33.95
38.1
34.25
37.2
37.75
46.3
39.3
48.7
37.5
45.75
33.65
36.8
36.4
37.8
33.7
44.1
45.45
43.0
47.3
48.65
43.15
40.85
42.9
35.5
34.5
44.9
45.85
43.0
42.85
35.35
48.0
36.0
48.9
44.4
41.3
40.95
42.9
35.6
50.4
43.8
37.05
36.05
38.55
34.1
37.65
32.25
45.15
48.1
42.55
34.6
40.6
41.95
46.9
37.95
47.9
45.1
39.4
39.95
38.8
42.6
41.15
41.65
40.1
46.45
36.4
38.95
42.85
43.0
36.65
41.95
