Overall Mean: 0.25581201512150015
0.5
0.42857142857142855
0.1111111111111111
0.4444444444444444
0.5
0.3333333333333333
0.2
0.38461538461538464
0.4
0.125
0.36363636363636365
0.36363636363636365
0.3333333333333333
0.25
0.36363636363636365
0.125
0.25
0.5555555555555556
0.3333333333333333
0.0
0.2222222222222222
0.18181818181818182
0.15384615384615385
0.2857142857142857
0.1875
0.2
0.3125
0.35714285714285715
0.0
0.15384615384615385
0.14285714285714285
0.14285714285714285
0.14285714285714285
0.26666666666666666
0.5
0.5555555555555556
0.125
0.4
0.5
0.3333333333333333
0.2222222222222222
0.2
0.36363636363636365
0.0
0.14285714285714285
0.2
0.2857142857142857
0.23076923076923078
0.23076923076923078
0.36363636363636365
0.25
0.3
0.36363636363636365
0.1111111111111111
0.3
0.1
0.21428571428571427
0.21428571428571427
0.2857142857142857
0.09090909090909091
0.25
0.25
0.3076923076923077
0.2727272727272727
0.1
0.18181818181818182
0.21428571428571427
0.5
0.2222222222222222
0.14285714285714285
0.5
0.14285714285714285
0.36363636363636365
0.1111111111111111
0.18181818181818182
0.16666666666666666
0.16666666666666666
0.07692307692307693
0.35714285714285715
0.2
0.2222222222222222
0.0
0.13333333333333333
0.13333333333333333
0.3333333333333333
0.1875
0.23076923076923078
0.09090909090909091
0.16666666666666666
0.4166666666666667
0.25
0.2
0.3
0.18181818181818182
0.2
0.2727272727272727
0.2727272727272727
0.2
0.2222222222222222
0.25
0.09090909090909091
0.4
0.2222222222222222
0.25
0.16666666666666666
0.14285714285714285
0.375
0.125
0.2
0.25
0.5
0.3
0.3
0.09090909090909091
0.2727272727272727
0.21428571428571427
0.3333333333333333
0.4
0.1
0.16666666666666666
0.3076923076923077
0.2222222222222222
0.125
0.3333333333333333
0.1
0.3
0.375
0.25
0.0
0.09090909090909091
0.3076923076923077
0.09090909090909091
0.3076923076923077
0.18181818181818182
0.45454545454545453
0.5
0.14285714285714285
0.2222222222222222
0.2
0.1
0.15384615384615385
0.23076923076923078
0.16666666666666666
0.42857142857142855
0.38461538461538464
0.3
0.42857142857142855
0.42857142857142855
0.5
0.0
0.4444444444444444
0.0
0.4444444444444444
0.14285714285714285
0.2727272727272727
0.4
0.375
0.375
0.2857142857142857
0.1111111111111111
0.2
0.4166666666666667
0.3
0.15384615384615385
0.4166666666666667
0.2222222222222222
0.25
0.3
0.0
0.4166666666666667
0.4166666666666667
0.25
0.1111111111111111
0.0
0.3076923076923077
0.2727272727272727
0.1
0.16666666666666666
0.2857142857142857
0.38461538461538464
0.2727272727272727
0.2
0.36363636363636365
0.09090909090909091
0.09090909090909091
0.2857142857142857
0.3333333333333333
0.1
0.4166666666666667
0.2
0.09090909090909091
0.35714285714285715
0.18181818181818182
0.3
0.125
0.2222222222222222
0.1
0.25
0.2857142857142857
0.4166666666666667
0.3333333333333333
0.25
0.5
0.2857142857142857
0.3333333333333333
0.375
0.2857142857142857
0.25
0.5
0.2222222222222222
0.3333333333333333
0.1111111111111111
0.1111111111111111
0.2222222222222222
0.15384615384615385
0.35714285714285715
0.16666666666666666
0.25
0.16666666666666666
0.15384615384615385
0.36363636363636365
0.2222222222222222
0.3333333333333333
0.1111111111111111
0.2
0.5
0.0
0.2222222222222222
0.3076923076923077
0.09090909090909091
0.3333333333333333
0.45454545454545453
0.0
0.2727272727272727
0.2
0.0
0.25
0.1111111111111111
0.36363636363636365
0.4444444444444444
0.3
0.5
0.0
0.36363636363636365
0.2222222222222222
0.3333333333333333
0.2727272727272727
0.3
0.2222222222222222
0.4
0.3333333333333333
0.14285714285714285
0.2
0.36363636363636365
0.3076923076923077
0.6428571428571429
0.125
0.125
0.3
0.25
0.16666666666666666
0.18181818181818182
0.45454545454545453
0.2857142857142857
0.5
0.16666666666666666
0.2857142857142857
0.3333333333333333
0.1111111111111111
0.2727272727272727
0.23076923076923078
0.2857142857142857
0.07692307692307693
0.06666666666666667
0.29411764705882354
0.23076923076923078
0.18181818181818182
0.3
0.45454545454545453
0.25
0.5
0.5
0.2857142857142857
0.5
0.14285714285714285
0.4
0.125
0.125
0.36363636363636365
