Overall Mean: 0.2535747073492384
0.3333333333333333
0.20588235294117646
0.2647058823529412
0.21621621621621623
0.3142857142857143
0.25
0.15625
0.3055555555555556
0.26666666666666666
0.15625
0.21621621621621623
0.2631578947368421
0.34285714285714286
0.26666666666666666
0.27586206896551724
0.2857142857142857
0.25
0.2647058823529412
0.2571428571428571
0.23529411764705882
0.17647058823529413
0.2777777777777778
0.17142857142857143
0.13157894736842105
0.2682926829268293
0.25
0.25
0.25
0.25
0.18181818181818182
0.15789473684210525
0.16216216216216217
0.2682926829268293
0.2777777777777778
0.375
0.34375
0.1724137931034483
0.3235294117647059
0.2727272727272727
0.22580645161290322
0.2857142857142857
0.2647058823529412
0.20588235294117646
0.22857142857142856
0.24324324324324326
0.2571428571428571
0.3235294117647059
0.2777777777777778
0.2
0.3142857142857143
0.2727272727272727
0.2727272727272727
0.30303030303030304
0.16666666666666666
0.24324324324324326
0.17142857142857143
0.24242424242424243
0.21212121212121213
0.2222222222222222
0.17647058823529413
0.22857142857142856
0.2857142857142857
0.23529411764705882
0.23529411764705882
0.20588235294117646
0.30303030303030304
0.24242424242424243
0.3
0.24242424242424243
0.21875
0.2857142857142857
0.3142857142857143
0.25
0.1875
0.2857142857142857
0.2647058823529412
0.23529411764705882
0.2857142857142857
0.2727272727272727
0.2777777777777778
0.2647058823529412
0.08823529411764706
0.25
0.20588235294117646
0.30303030303030304
0.3
0.17647058823529413
0.17647058823529413
0.24324324324324326
0.3611111111111111
0.3548387096774194
0.20689655172413793
0.28125
0.24242424242424243
0.30303030303030304
0.15151515151515152
0.29411764705882354
0.20689655172413793
0.25
0.2
0.3333333333333333
0.34375
0.25806451612903225
0.2903225806451613
0.30303030303030304
0.25806451612903225
0.2727272727272727
0.28125
0.1724137931034483
0.15151515151515152
0.2647058823529412
0.25
0.2571428571428571
0.20588235294117646
0.23529411764705882
0.2
0.23684210526315788
0.28125
0.22580645161290322
0.3235294117647059
0.27586206896551724
0.29411764705882354
0.21212121212121213
0.30303030303030304
0.25
0.2647058823529412
0.3333333333333333
0.3125
0.16129032258064516
0.08823529411764706
0.3142857142857143
0.125
0.2972972972972973
0.18181818181818182
0.34285714285714286
0.28125
0.23529411764705882
0.21875
0.3125
0.17647058823529413
0.21052631578947367
0.2222222222222222
0.23529411764705882
0.35294117647058826
0.26666666666666666
0.28125
0.3235294117647059
0.375
0.21875
0.25
0.3142857142857143
0.1724137931034483
0.3684210526315789
0.20588235294117646
0.28125
0.2857142857142857
0.27586206896551724
0.2857142857142857
0.18181818181818182
0.16666666666666666
0.2857142857142857
0.3
0.2647058823529412
0.24242424242424243
0.23529411764705882
0.22857142857142856
0.25
0.24242424242424243
0.2
0.21621621621621623
0.29411764705882354
0.25
0.25806451612903225
0.21212121212121213
0.23529411764705882
0.35294117647058826
0.21875
0.16129032258064516
0.23684210526315788
0.2857142857142857
0.28125
0.21212121212121213
0.1875
0.29411764705882354
0.20588235294117646
0.3055555555555556
0.21212121212121213
0.23529411764705882
0.21621621621621623
0.22857142857142856
0.2571428571428571
0.38235294117647056
0.1935483870967742
0.21875
0.25
0.2647058823529412
0.25806451612903225
0.21875
0.25
0.37142857142857144
0.3225806451612903
0.3235294117647059
0.3548387096774194
0.2222222222222222
0.28125
0.24242424242424243
0.3235294117647059
0.2727272727272727
0.30303030303030304
0.3235294117647059
0.25806451612903225
0.26666666666666666
0.15151515151515152
0.20588235294117646
0.22857142857142856
0.20588235294117646
0.20588235294117646
0.34285714285714286
0.21875
0.2647058823529412
0.30303030303030304
0.29411764705882354
0.3125
0.22580645161290322
0.2222222222222222
0.3333333333333333
0.1875
0.2571428571428571
0.30303030303030304
0.15151515151515152
0.3157894736842105
0.2903225806451613
0.3235294117647059
0.21875
0.3142857142857143
0.1935483870967742
0.25
0.25
0.2777777777777778
0.34285714285714286
0.28125
0.23529411764705882
0.16666666666666666
0.2647058823529412
0.3333333333333333
0.3142857142857143
0.25
0.2903225806451613
0.25
0.35294117647058826
0.2
0.20588235294117646
0.20588235294117646
0.22857142857142856
0.2
0.2702702702702703
0.21875
0.35294117647058826
0.28125
0.25806451612903225
0.20588235294117646
0.29411764705882354
0.23529411764705882
0.2777777777777778
0.3333333333333333
0.25
0.23529411764705882
0.24324324324324326
0.20588235294117646
0.23529411764705882
0.23529411764705882
0.21212121212121213
0.2
0.2571428571428571
0.20588235294117646
0.3055555555555556
0.24242424242424243
0.15151515151515152
0.35135135135135137
0.2647058823529412
0.29411764705882354
0.2727272727272727
0.28125
0.3103448275862069
0.27586206896551724
0.21875
0.1875
0.17647058823529413
0.25
