Overall Mean: 0.25099228719812816
0.30612244897959184
0.20930232558139536
0.2127659574468085
0.2391304347826087
0.30434782608695654
0.23809523809523808
0.21739130434782608
0.3333333333333333
0.2558139534883721
0.13953488372093023
0.20833333333333334
0.2391304347826087
0.3333333333333333
0.30952380952380953
0.3333333333333333
0.2558139534883721
0.24444444444444444
0.2222222222222222
0.22727272727272727
0.24444444444444444
0.18181818181818182
0.2391304347826087
0.15555555555555556
0.16326530612244897
0.23404255319148937
0.2
0.21739130434782608
0.28888888888888886
0.25
0.19148936170212766
0.1956521739130435
0.14583333333333334
0.2653061224489796
0.2727272727272727
0.2727272727272727
0.32558139534883723
0.20930232558139536
0.2978723404255319
0.2619047619047619
0.2391304347826087
0.22727272727272727
0.24444444444444444
0.2553191489361702
0.2127659574468085
0.2391304347826087
0.24444444444444444
0.25
0.2222222222222222
0.18604651162790697
0.2978723404255319
0.23255813953488372
0.25
0.25
0.2127659574468085
0.2391304347826087
0.21428571428571427
0.26666666666666666
0.2
0.2765957446808511
0.18604651162790697
0.2708333333333333
0.24444444444444444
0.22727272727272727
0.24444444444444444
0.25
0.2978723404255319
0.3023255813953488
0.26666666666666666
0.23809523809523808
0.2222222222222222
0.2391304347826087
0.28888888888888886
0.2558139534883721
0.20454545454545456
0.22727272727272727
0.24444444444444444
0.2553191489361702
0.26666666666666666
0.21739130434782608
0.2765957446808511
0.24444444444444444
0.18181818181818182
0.2608695652173913
0.2826086956521739
0.3023255813953488
0.24444444444444444
0.22727272727272727
0.1956521739130435
0.21739130434782608
0.32608695652173914
0.32558139534883723
0.2558139534883721
0.26666666666666666
0.26666666666666666
0.26666666666666666
0.24444444444444444
0.30952380952380953
0.16279069767441862
0.2708333333333333
0.2
0.28888888888888886
0.29545454545454547
0.27906976744186046
0.2826086956521739
0.29545454545454547
0.25
0.30434782608695654
0.30952380952380953
0.23255813953488372
0.24444444444444444
0.25
0.2222222222222222
0.22727272727272727
0.2608695652173913
0.2391304347826087
0.17391304347826086
0.30434782608695654
0.27906976744186046
0.2608695652173913
0.30952380952380953
0.24444444444444444
0.26666666666666666
0.26666666666666666
0.28888888888888886
0.22727272727272727
0.26666666666666666
0.30434782608695654
0.27906976744186046
0.20930232558139536
0.2553191489361702
0.2727272727272727
0.1590909090909091
0.3125
0.18604651162790697
0.30434782608695654
0.22727272727272727
0.2727272727272727
0.23809523809523808
0.2765957446808511
0.19148936170212766
0.25
0.20930232558139536
0.22727272727272727
0.3333333333333333
0.23809523809523808
0.2608695652173913
0.28888888888888886
0.28888888888888886
0.2558139534883721
0.2391304347826087
0.32558139534883723
0.11627906976744186
0.3333333333333333
0.21951219512195122
0.2391304347826087
0.32558139534883723
0.2391304347826087
0.23255813953488372
0.2
0.2553191489361702
0.3023255813953488
0.2765957446808511
0.25
0.24444444444444444
0.2391304347826087
0.23404255319148937
0.26666666666666666
0.2391304347826087
0.1956521739130435
0.24444444444444444
0.21739130434782608
0.29545454545454547
0.2826086956521739
0.20930232558139536
0.2765957446808511
0.28888888888888886
0.27906976744186046
0.19148936170212766
0.2553191489361702
0.28888888888888886
0.25
0.28888888888888886
0.22727272727272727
0.2608695652173913
0.21739130434782608
0.2978723404255319
0.20930232558139536
0.2127659574468085
0.2222222222222222
0.2222222222222222
0.24444444444444444
0.32608695652173914
0.21951219512195122
0.21739130434782608
0.2608695652173913
0.29545454545454547
0.28888888888888886
0.2558139534883721
0.2222222222222222
0.29545454545454547
0.22727272727272727
0.32608695652173914
0.35714285714285715
0.2727272727272727
0.26666666666666666
0.20930232558139536
0.2826086956521739
0.26666666666666666
0.2765957446808511
0.29545454545454547
0.3023255813953488
0.25
0.24444444444444444
0.2391304347826087
0.2765957446808511
0.20930232558139536
0.20454545454545456
0.3191489361702128
0.22727272727272727
0.25
0.2765957446808511
0.2727272727272727
0.27906976744186046
0.21739130434782608
0.21739130434782608
0.30434782608695654
0.20454545454545456
0.25
0.26666666666666666
0.17391304347826086
0.32608695652173914
0.20930232558139536
0.30434782608695654
0.2222222222222222
0.3111111111111111
0.2
0.23404255319148937
0.2
0.2222222222222222
0.30434782608695654
0.24444444444444444
0.21739130434782608
0.24444444444444444
0.25
0.2391304347826087
0.2727272727272727
0.27906976744186046
0.2727272727272727
0.24444444444444444
0.3023255813953488
0.20930232558139536
0.2608695652173913
0.2391304347826087
0.2222222222222222
0.1956521739130435
0.28888888888888886
0.24444444444444444
0.30434782608695654
0.27906976744186046
0.22727272727272727
0.22727272727272727
0.2765957446808511
0.18181818181818182
0.25
0.2727272727272727
0.24444444444444444
0.1956521739130435
0.2608695652173913
0.19047619047619047
0.2608695652173913
0.21428571428571427
0.2857142857142857
0.20454545454545456
0.2765957446808511
0.2
0.2826086956521739
0.23255813953488372
0.1956521739130435
0.2765957446808511
0.2608695652173913
0.26666666666666666
0.2727272727272727
0.2926829268292683
0.3409090909090909
0.2558139534883721
0.2558139534883721
0.22727272727272727
0.2
0.26666666666666666
