Overall Mean: 0.2486847246004416
0.25
0.21666666666666667
0.2127659574468085
0.21621621621621623
0.3448275862068966
0.15789473684210525
0.1875
0.38461538461538464
0.375
0.25
0.23333333333333334
0.2391304347826087
0.34285714285714286
0.30434782608695654
0.3125
0.2727272727272727
0.25
0.6666666666666666
0.25
0.26666666666666666
0.18181818181818182
0.2777777777777778
0.11538461538461539
0.17391304347826086
0.21052631578947367
0.2
0.25
0.3333333333333333
0.0
0.0
0.16666666666666666
0.25
0.26666666666666666
0.2727272727272727
0.375
0.25
0.2
0.3333333333333333
0.5
0.25
0.25
0.24444444444444444
0.20588235294117646
0.18518518518518517
0.13636363636363635
0.2631578947368421
0.2857142857142857
0.2
0.25
0.3333333333333333
0.25
0.2
0.25
0.16666666666666666
0.26666666666666666
0.18181818181818182
0.2222222222222222
0.21428571428571427
0.2727272727272727
0.125
0.14285714285714285
0.5
0.25
0.26666666666666666
0.25
0.30303030303030304
0.21739130434782608
0.4444444444444444
0.3
0.14285714285714285
0.3333333333333333
0.25
0.26666666666666666
0.20454545454545456
0.2857142857142857
0.24
0.21052631578947367
0.06666666666666667
0.35714285714285715
0.2222222222222222
0.14285714285714285
0.0
0.0
0.16666666666666666
0.25
0.26666666666666666
0.22727272727272727
0.17647058823529413
0.21428571428571427
0.36363636363636365
0.2857142857142857
0.2
0.375
0.25
0.25
0.24444444444444444
0.29411764705882354
0.20833333333333334
0.21052631578947367
0.26666666666666666
0.09090909090909091
0.4
0.16666666666666666
0.25
0.26666666666666666
0.25
0.2727272727272727
0.2916666666666667
0.23529411764705882
0.23076923076923078
0.5
0.25
0.23333333333333334
0.2608695652173913
0.23529411764705882
0.15384615384615385
0.3181818181818182
0.3333333333333333
0.1
0.2222222222222222
0.2857142857142857
0.25
0.25
0.28888888888888886
0.25
0.3333333333333333
0.3125
0.2727272727272727
0.0
0.125
0.14285714285714285
0.16666666666666666
0.25
0.23333333333333334
0.30434782608695654
0.28125
0.2608695652173913
0.17647058823529413
0.2857142857142857
0.1
0.0
0.3333333333333333
0.16666666666666666
0.25
0.23333333333333334
0.2608695652173913
0.3235294117647059
0.34782608695652173
0.4
0.0
0.4444444444444444
0.25
0.31666666666666665
0.21951219512195122
0.28125
0.30434782608695654
0.3125
0.36363636363636365
0.2857142857142857
0.25
0.21666666666666667
0.2765957446808511
0.2647058823529412
0.16
0.3333333333333333
0.14285714285714285
0.25
0.3333333333333333
0.0
0.5
0.25
0.23333333333333334
0.2826086956521739
0.21212121212121213
0.3076923076923077
0.2777777777777778
0.07692307692307693
0.16666666666666666
0.3
0.2857142857142857
0.25
0.26666666666666666
0.22727272727272727
0.29411764705882354
0.16666666666666666
0.3
0.2857142857142857
0.1
0.5555555555555556
0.25
0.23333333333333334
0.32608695652173914
0.1935483870967742
0.24
0.3157894736842105
0.23076923076923078
0.1
0.2222222222222222
0.2857142857142857
0.25
0.23333333333333334
0.32608695652173914
0.3548387096774194
0.25
0.26666666666666666
0.36363636363636365
0.2857142857142857
0.25
0.26666666666666666
0.29545454545454547
0.25806451612903225
0.21739130434782608
0.16666666666666666
0.13333333333333333
0.15384615384615385
0.2727272727272727
0.125
0.14285714285714285
0.0
0.16666666666666666
0.25
0.2833333333333333
0.27906976744186046
0.22580645161290322
0.20833333333333334
0.42105263157894735
0.18181818181818182
0.2222222222222222
0.0
0.14285714285714285
0.16666666666666666
0.25
0.25
0.2222222222222222
0.3142857142857143
0.16666666666666666
0.3
0.21428571428571427
0.36363636363636365
0.2857142857142857
0.25
0.25
0.24444444444444444
0.2647058823529412
0.24
0.2631578947368421
0.2857142857142857
0.3
0.14285714285714285
0.5
0.25
0.23333333333333334
0.2391304347826087
0.22857142857142856
0.25925925925925924
0.45
0.2727272727272727
0.125
0.42857142857142855
0.25
0.21666666666666667
0.2765957446808511
0.23529411764705882
0.34615384615384615
0.4117647058823529
0.3
0.2857142857142857
0.25
0.23333333333333334
0.2608695652173913
0.23529411764705882
0.19230769230769232
0.14285714285714285
0.05555555555555555
0.29411764705882354
0.16666666666666666
0.2
0.125
0.5714285714285714
0.25
0.26666666666666666
0.2727272727272727
0.28125
0.2608695652173913
0.23529411764705882
0.38461538461538464
0.125
0.14285714285714285
0.6666666666666666
