Overall Mean: 0.25097337985473117
0.5
0.25
0.18181818181818182
0.25
0.4
0.23076923076923078
0.1875
0.375
0.3333333333333333
0.15384615384615385
0.26666666666666666
0.3076923076923077
0.25
0.26666666666666666
0.38461538461538464
0.2727272727272727
0.18181818181818182
0.45454545454545453
0.375
0.18181818181818182
0.15384615384615385
0.23529411764705882
0.125
0.2
0.21052631578947367
0.15789473684210525
0.3333333333333333
0.3125
0.13333333333333333
0.17647058823529413
0.125
0.125
0.25
0.23809523809523808
0.47058823529411764
0.38461538461538464
0.16666666666666666
0.3333333333333333
0.4
0.25
0.23076923076923078
0.15384615384615385
0.3076923076923077
0.06666666666666667
0.11764705882352941
0.2631578947368421
0.23529411764705882
0.1875
0.21428571428571427
0.3333333333333333
0.2857142857142857
0.21428571428571427
0.3076923076923077
0.09090909090909091
0.23076923076923078
0.125
0.2222222222222222
0.17647058823529413
0.35294117647058826
0.14285714285714285
0.29411764705882354
0.23529411764705882
0.3125
0.2857142857142857
0.08333333333333333
0.17647058823529413
0.2222222222222222
0.4375
0.3
0.09090909090909091
0.46153846153846156
0.15384615384615385
0.35714285714285715
0.08333333333333333
0.2
0.2
0.1875
0.06666666666666667
0.375
0.3076923076923077
0.15384615384615385
0.0
0.11764705882352941
0.14285714285714285
0.2727272727272727
0.1875
0.26666666666666666
0.07692307692307693
0.14285714285714285
0.3684210526315789
0.2857142857142857
0.23076923076923078
0.21428571428571427
0.16666666666666666
0.21428571428571427
0.21428571428571427
0.2857142857142857
0.25
0.25
0.26666666666666666
0.2857142857142857
0.3076923076923077
0.2727272727272727
0.3333333333333333
0.36363636363636365
0.1111111111111111
0.3333333333333333
0.16666666666666666
0.14285714285714285
0.23076923076923078
0.3333333333333333
0.375
0.26666666666666666
0.15384615384615385
0.17647058823529413
0.2
0.375
0.3333333333333333
0.14285714285714285
0.1875
0.3076923076923077
0.3333333333333333
0.07692307692307693
0.3333333333333333
0.16666666666666666
0.38461538461538464
0.3333333333333333
0.2727272727272727
0.08333333333333333
0.07142857142857142
0.3125
0.1875
0.3888888888888889
0.15384615384615385
0.5
0.36363636363636365
0.1
0.23076923076923078
0.2857142857142857
0.1875
0.13333333333333333
0.2
0.17647058823529413
0.35
0.375
0.36363636363636365
0.3
0.45454545454545453
0.45454545454545453
0.0
0.45454545454545453
0.25
0.4166666666666667
0.08333333333333333
0.23076923076923078
0.3333333333333333
0.38461538461538464
0.36363636363636365
0.25
0.09090909090909091
0.29411764705882354
0.3333333333333333
0.23529411764705882
0.14285714285714285
0.35714285714285715
0.14285714285714285
0.3333333333333333
0.26666666666666666
0.2
0.29411764705882354
0.38461538461538464
0.25
0.2
0.07142857142857142
0.35294117647058826
0.2857142857142857
0.07692307692307693
0.125
0.23529411764705882
0.35294117647058826
0.2857142857142857
0.21428571428571427
0.26666666666666666
0.15384615384615385
0.06666666666666667
0.29411764705882354
0.2857142857142857
0.07692307692307693
0.3333333333333333
0.21428571428571427
0.125
0.35294117647058826
0.16666666666666666
0.3333333333333333
0.25
0.23076923076923078
0.14285714285714285
0.17647058823529413
0.29411764705882354
0.35714285714285715
0.2727272727272727
0.2
0.46153846153846156
0.25
0.2
0.36363636363636365
0.2727272727272727
0.23076923076923078
0.35714285714285715
0.25
0.3076923076923077
0.18181818181818182
0.25
0.13333333333333333
0.17647058823529413
0.3333333333333333
0.14285714285714285
0.3333333333333333
0.13333333333333333
0.21428571428571427
0.35714285714285715
0.2
0.35714285714285715
0.09090909090909091
0.3333333333333333
0.4166666666666667
0.18181818181818182
0.1875
0.3125
0.07692307692307693
0.3125
0.3333333333333333
0.21428571428571427
0.23076923076923078
0.16666666666666666
0.07692307692307693
0.3076923076923077
0.21428571428571427
0.35714285714285715
0.375
0.3333333333333333
0.36363636363636365
0.08333333333333333
0.3076923076923077
0.25
0.3125
0.2857142857142857
0.25
0.23076923076923078
0.3076923076923077
0.36363636363636365
0.16666666666666666
0.21428571428571427
0.23529411764705882
0.2222222222222222
0.5294117647058824
0.2727272727272727
0.23076923076923078
0.25
0.2
0.15384615384615385
0.26666666666666666
0.4166666666666667
0.2727272727272727
0.5
0.3
0.25
0.25
0.15384615384615385
0.1875
0.2222222222222222
0.23529411764705882
0.0625
0.05555555555555555
0.2777777777777778
0.26666666666666666
0.23076923076923078
0.21428571428571427
0.38461538461538464
0.2
0.5
0.4166666666666667
0.4
0.3
0.23076923076923078
0.38461538461538464
0.2
0.08333333333333333
0.3684210526315789
