Overall Mean: 0.24996606072732735
0.4
0.35294117647058826
0.2
0.25
0.3157894736842105
0.15789473684210525
0.15789473684210525
0.3684210526315789
0.2777777777777778
0.21052631578947367
0.23529411764705882
0.2727272727272727
0.2857142857142857
0.35
0.3125
0.3125
0.26666666666666666
0.4666666666666667
0.3125
0.1875
0.19047619047619047
0.23809523809523808
0.09090909090909091
0.17391304347826086
0.24
0.19230769230769232
0.30434782608695654
0.25
0.19047619047619047
0.2727272727272727
0.1111111111111111
0.13043478260869565
0.2222222222222222
0.2608695652173913
0.38095238095238093
0.29411764705882354
0.2
0.4117647058823529
0.29411764705882354
0.2777777777777778
0.2777777777777778
0.1875
0.21052631578947367
0.10526315789473684
0.13636363636363635
0.22727272727272727
0.23809523809523808
0.2222222222222222
0.25
0.3
0.3
0.23529411764705882
0.35294117647058826
0.1875
0.2
0.18181818181818182
0.2608695652173913
0.19047619047619047
0.3
0.10526315789473684
0.22727272727272727
0.2727272727272727
0.3
0.29411764705882354
0.15
0.18181818181818182
0.2
0.4444444444444444
0.3125
0.13333333333333333
0.3157894736842105
0.2222222222222222
0.3333333333333333
0.11764705882352941
0.21052631578947367
0.2
0.21052631578947367
0.15789473684210525
0.3157894736842105
0.23529411764705882
0.16666666666666666
0.05555555555555555
0.125
0.12
0.2727272727272727
0.21052631578947367
0.23529411764705882
0.125
0.20833333333333334
0.36363636363636365
0.23529411764705882
0.17647058823529413
0.25
0.2631578947368421
0.2222222222222222
0.2222222222222222
0.3684210526315789
0.15789473684210525
0.21052631578947367
0.2222222222222222
0.43478260869565216
0.35294117647058826
0.3076923076923077
0.26666666666666666
0.4375
0.14285714285714285
0.29411764705882354
0.2222222222222222
0.23529411764705882
0.16666666666666666
0.23809523809523808
0.2857142857142857
0.2777777777777778
0.15
0.3181818181818182
0.2
0.3181818181818182
0.3
0.23809523809523808
0.23529411764705882
0.25
0.23529411764705882
0.0625
0.3684210526315789
0.23529411764705882
0.3333333333333333
0.3125
0.25
0.06666666666666667
0.1111111111111111
0.3333333333333333
0.14285714285714285
0.38095238095238093
0.1111111111111111
0.47619047619047616
0.375
0.13333333333333333
0.17647058823529413
0.2727272727272727
0.21052631578947367
0.16666666666666666
0.19047619047619047
0.13043478260869565
0.30434782608695654
0.35294117647058826
0.3333333333333333
0.35294117647058826
0.3125
0.4
0.15384615384615385
0.3684210526315789
0.2
0.42857142857142855
0.07142857142857142
0.3684210526315789
0.3157894736842105
0.3125
0.29411764705882354
0.26666666666666666
0.19047619047619047
0.3181818181818182
0.22727272727272727
0.2222222222222222
0.125
0.3333333333333333
0.11764705882352941
0.25
0.21052631578947367
0.15
0.3157894736842105
0.4
0.21052631578947367
0.2222222222222222
0.15
0.3
0.2777777777777778
0.1111111111111111
0.15
0.22727272727272727
0.3
0.2631578947368421
0.21052631578947367
0.23529411764705882
0.25
0.05555555555555555
0.3
0.3157894736842105
0.21052631578947367
0.2631578947368421
0.2
0.19047619047619047
0.42857142857142855
0.2
0.25
0.3157894736842105
0.2631578947368421
0.15
0.19047619047619047
0.2631578947368421
0.3888888888888889
0.2857142857142857
0.23529411764705882
0.4666666666666667
0.2857142857142857
0.26666666666666666
0.3125
0.1875
0.2631578947368421
0.3333333333333333
0.2777777777777778
0.26666666666666666
0.2
0.16666666666666666
0.10526315789473684
0.21739130434782608
0.3333333333333333
0.1
0.2857142857142857
0.17647058823529413
0.2222222222222222
0.25
0.17647058823529413
0.35294117647058826
0.25
0.25
0.42105263157894735
0.15789473684210525
0.2
0.35
0.1111111111111111
0.2857142857142857
0.3
0.3157894736842105
0.2
0.3157894736842105
0.23529411764705882
0.3
0.2222222222222222
0.2727272727272727
0.3684210526315789
0.3125
0.25
0.1875
0.2727272727272727
0.2727272727272727
0.2631578947368421
0.25
0.2777777777777778
0.1875
0.35294117647058826
0.29411764705882354
0.17647058823529413
0.15
0.18181818181818182
0.22727272727272727
0.45
0.2777777777777778
0.23809523809523808
0.21052631578947367
0.1875
0.11764705882352941
0.3333333333333333
0.3888888888888889
0.29411764705882354
0.4117647058823529
0.25
0.29411764705882354
0.23529411764705882
0.2
0.18181818181818182
0.22727272727272727
0.23809523809523808
0.14285714285714285
0.14285714285714285
0.2857142857142857
0.3157894736842105
0.3
0.23529411764705882
0.25
0.2
0.4
0.375
0.375
0.23529411764705882
0.23529411764705882
0.375
0.2
0.05
0.3333333333333333
