Overall Mean: 0.253998175816151
0.39285714285714285
0.23076923076923078
0.25925925925925924
0.24
0.3448275862068966
0.20833333333333334
0.20833333333333334
0.3333333333333333
0.24
0.22727272727272727
0.18518518518518517
0.27586206896551724
0.2857142857142857
0.30434782608695654
0.2727272727272727
0.2857142857142857
0.25
0.3333333333333333
0.36
0.19230769230769232
0.19230769230769232
0.21428571428571427
0.11538461538461539
0.13793103448275862
0.21212121212121213
0.23333333333333334
0.25925925925925924
0.2222222222222222
0.18518518518518517
0.25
0.14814814814814814
0.15625
0.25806451612903225
0.3
0.34615384615384615
0.25
0.19047619047619047
0.2916666666666667
0.21739130434782608
0.25
0.3333333333333333
0.24
0.24
0.18518518518518517
0.18518518518518517
0.25
0.3076923076923077
0.30434782608695654
0.23076923076923078
0.2857142857142857
0.2916666666666667
0.2916666666666667
0.3333333333333333
0.13043478260869565
0.26666666666666666
0.17857142857142858
0.27586206896551724
0.2
0.2692307692307692
0.21428571428571427
0.21428571428571427
0.25925925925925924
0.32
0.23076923076923078
0.15384615384615385
0.25925925925925924
0.21739130434782608
0.36
0.2857142857142857
0.24
0.28
0.28
0.2916666666666667
0.20833333333333334
0.23076923076923078
0.24
0.24
0.2692307692307692
0.32
0.25
0.3076923076923077
0.04
0.1935483870967742
0.18518518518518517
0.2962962962962963
0.2608695652173913
0.23809523809523808
0.14285714285714285
0.21428571428571427
0.39285714285714285
0.2608695652173913
0.2
0.17391304347826086
0.21739130434782608
0.28
0.17391304347826086
0.32142857142857145
0.20833333333333334
0.21739130434782608
0.14814814814814814
0.39285714285714285
0.4583333333333333
0.2857142857142857
0.30434782608695654
0.36363636363636365
0.2608695652173913
0.21739130434782608
0.2916666666666667
0.21739130434782608
0.125
0.25
0.28
0.25925925925925924
0.15384615384615385
0.25925925925925924
0.15384615384615385
0.2857142857142857
0.27586206896551724
0.2608695652173913
0.3333333333333333
0.2608695652173913
0.23809523809523808
0.20833333333333334
0.34615384615384615
0.21739130434782608
0.3333333333333333
0.36
0.3181818181818182
0.18181818181818182
0.07692307692307693
0.3225806451612903
0.125
0.35714285714285715
0.19230769230769232
0.4074074074074074
0.34782608695652173
0.2608695652173913
0.15384615384615385
0.24
0.18181818181818182
0.25
0.23333333333333334
0.17857142857142858
0.34615384615384615
0.3181818181818182
0.22727272727272727
0.30434782608695654
0.34782608695652173
0.35
0.24
0.375
0.125
0.4166666666666667
0.20833333333333334
0.2962962962962963
0.30434782608695654
0.32
0.2857142857142857
0.16
0.18518518518518517
0.26666666666666666
0.28
0.23809523809523808
0.16
0.32
0.23076923076923078
0.2962962962962963
0.25925925925925924
0.24
0.2857142857142857
0.3448275862068966
0.25
0.25925925925925924
0.13043478260869565
0.3076923076923077
0.3076923076923077
0.09090909090909091
0.12
0.23076923076923078
0.3448275862068966
0.24
0.2608695652173913
0.23076923076923078
0.3076923076923077
0.16666666666666666
0.2962962962962963
0.24
0.2692307692307692
0.23076923076923078
0.27586206896551724
0.2222222222222222
0.4230769230769231
0.23809523809523808
0.24
0.24
0.25925925925925924
0.16
0.17391304347826086
0.28
0.4166666666666667
0.22727272727272727
0.2857142857142857
0.391304347826087
0.25
0.23809523809523808
0.30434782608695654
0.24
0.21739130434782608
0.25
0.34782608695652173
0.34782608695652173
0.21739130434782608
0.13636363636363635
0.17857142857142858
0.2222222222222222
0.25925925925925924
0.2222222222222222
0.37037037037037035
0.21739130434782608
0.2
0.32
0.2608695652173913
0.3333333333333333
0.2727272727272727
0.20833333333333334
0.32142857142857145
0.16666666666666666
0.23076923076923078
0.3076923076923077
0.08695652173913043
0.2857142857142857
0.2692307692307692
0.3181818181818182
0.17391304347826086
0.32
0.16666666666666666
0.28
0.18518518518518517
0.2962962962962963
0.38461538461538464
0.30434782608695654
0.30434782608695654
0.15384615384615385
0.26666666666666666
0.24
0.2727272727272727
0.25
0.3333333333333333
0.22727272727272727
0.2916666666666667
0.22727272727272727
0.16666666666666666
0.18518518518518517
0.18518518518518517
0.25925925925925924
0.35714285714285715
0.2222222222222222
0.24
0.2727272727272727
0.2608695652173913
0.21739130434782608
0.3333333333333333
0.2916666666666667
0.34615384615384615
0.38461538461538464
0.2916666666666667
0.2916666666666667
0.23076923076923078
0.21428571428571427
0.18518518518518517
0.19230769230769232
0.19230769230769232
0.19230769230769232
0.25
0.2692307692307692
0.25925925925925924
0.32
0.2
0.2857142857142857
0.16666666666666666
0.36
0.3333333333333333
0.2916666666666667
0.2608695652173913
0.2
0.2857142857142857
0.2
0.07692307692307693
0.2857142857142857
