Overall Mean: 40.242666666666665
37.15
42.1
30.1
39.2
48.35
43.45
44.1
36.8
40.85
40.15
32.4
40.0
43.75
38.85
42.85
42.7
42.9
38.8
44.7
40.25
41.45
37.45
38.2
38.55
43.55
41.9
37.95
38.65
36.95
35.95
38.25
42.95
42.45
42.15
35.95
38.15
39.2
48.15
46.9
46.9
43.85
40.8
36.3
42.0
42.95
40.95
46.1
41.95
43.7
43.95
36.75
46.1
32.3
43.45
39.1
41.4
44.55
38.75
43.75
38.05
39.65
42.45
39.0
42.3
42.65
39.65
42.95
43.65
37.9
35.3
38.05
37.25
42.8
39.0
42.1
42.0
35.55
37.9
36.25
40.15
30.7
43.5
38.8
41.55
46.75
38.25
33.3
37.05
45.6
42.5
23.5
38.1
35.5
44.6
37.65
33.9
40.8
38.6
43.85
47.15
40.55
47.55
44.2
42.25
45.4
41.35
39.35
46.95
42.05
39.0
41.3
33.4
45.8
39.35
41.2
44.8
41.7
41.7
46.0
43.0
46.05
37.6
40.55
37.5
36.6
42.55
47.3
38.35
40.05
34.0
40.45
35.45
43.3
41.7
38.6
33.35
41.45
43.8
46.35
48.05
37.2
41.4
35.7
41.35
39.5
40.85
35.85
47.85
43.25
48.35
37.55
41.3
45.7
39.45
48.15
34.95
42.8
41.2
37.5
39.8
30.75
41.2
40.75
39.2
32.15
41.05
43.2
37.5
39.35
46.85
41.3
37.85
37.2
30.6
36.95
36.7
38.5
42.9
35.6
40.8
42.95
41.45
47.1
41.95
40.6
45.8
43.3
40.8
42.85
36.2
44.8
42.7
35.05
42.15
41.25
32.9
37.35
28.45
39.35
42.05
34.7
37.0
43.0
37.65
30.7
48.6
44.9
34.5
34.0
42.05
43.7
43.4
33.5
38.7
42.05
31.0
43.2
41.65
38.9
37.1
44.9
36.65
39.95
42.65
35.75
34.35
35.05
34.7
38.95
45.5
46.75
40.95
36.9
36.4
32.4
33.9
41.65
38.1
40.55
42.0
39.1
48.15
47.45
37.85
30.3
46.3
48.75
44.25
47.9
33.65
35.85
34.4
42.7
43.05
35.55
36.45
41.45
38.7
41.0
44.4
40.15
45.1
40.3
41.0
41.95
35.2
34.55
41.2
41.3
34.4
36.5
41.35
43.25
47.4
37.1
40.0
40.95
42.3
35.95
41.6
41.9
37.3
44.65
41.45
40.95
53.1
44.05
33.85
35.55
46.55
36.0
40.0
43.95
42.1
27.5
38.65
34.9
50.1
35.5
42.45
