Overall Mean: 0.24535596716499447
0.2222222222222222
0.21875
0.34375
0.32142857142857145
0.3
0.2777777777777778
0.19444444444444445
0.19444444444444445
0.2
0.17142857142857143
0.2631578947368421
0.2647058823529412
0.18181818181818182
0.2222222222222222
0.2857142857142857
0.2903225806451613
0.29411764705882354
0.21212121212121213
0.17142857142857143
0.2222222222222222
0.23684210526315788
0.1111111111111111
0.20512820512820512
0.2631578947368421
0.17142857142857143
0.23684210526315788
0.2
0.19444444444444445
0.29411764705882354
0.21875
0.25
0.2857142857142857
0.22580645161290322
0.3235294117647059
0.29411764705882354
0.21212121212121213
0.25806451612903225
0.2222222222222222
0.3235294117647059
0.21875
0.2647058823529412
0.3142857142857143
0.17647058823529413
0.28125
0.2727272727272727
0.2647058823529412
0.2727272727272727
0.2727272727272727
0.3548387096774194
0.1875
0.34285714285714286
0.28125
0.20588235294117646
0.2857142857142857
0.22857142857142856
0.17647058823529413
0.24324324324324326
0.15151515151515152
0.2857142857142857
0.25
0.3235294117647059
0.3125
0.2413793103448276
0.21875
0.2222222222222222
0.29411764705882354
0.24242424242424243
0.17647058823529413
0.225
0.2702702702702703
0.3125
0.1935483870967742
0.2
0.20588235294117646
0.2727272727272727
0.25
0.25
0.2857142857142857
0.14705882352941177
0.25
0.24242424242424243
0.24242424242424243
0.2972972972972973
0.28125
0.21212121212121213
0.22857142857142856
0.29411764705882354
0.20588235294117646
0.25
0.2857142857142857
0.25
0.37142857142857144
0.21875
0.19444444444444445
0.3055555555555556
0.25
0.17142857142857143
0.2702702702702703
0.21212121212121213
0.2647058823529412
0.375
0.2413793103448276
0.25
0.21212121212121213
0.25
0.23333333333333334
0.2571428571428571
0.13513513513513514
0.1794871794871795
0.34210526315789475
0.28125
0.23333333333333334
0.34285714285714286
0.20588235294117646
0.2857142857142857
0.3235294117647059
0.26666666666666666
0.3448275862068966
0.3870967741935484
0.23333333333333334
0.21212121212121213
0.2222222222222222
0.2972972972972973
0.2571428571428571
0.1875
0.21621621621621623
0.2777777777777778
0.2222222222222222
0.25
0.25
0.1935483870967742
0.2222222222222222
0.3333333333333333
0.2727272727272727
0.24242424242424243
0.25
0.15625
0.18421052631578946
0.1891891891891892
0.21875
0.15625
0.35135135135135137
0.20689655172413793
0.25
0.22580645161290322
0.2571428571428571
0.25
0.15151515151515152
0.25
0.24242424242424243
0.22857142857142856
0.32432432432432434
0.20588235294117646
0.11764705882352941
0.25
0.22580645161290322
0.2777777777777778
0.2727272727272727
0.29411764705882354
0.18181818181818182
0.2571428571428571
0.20588235294117646
0.2777777777777778
0.16666666666666666
0.28205128205128205
0.2571428571428571
0.22580645161290322
0.2727272727272727
0.29411764705882354
0.21875
0.21212121212121213
0.21875
0.2857142857142857
0.18181818181818182
0.2564102564102564
0.25
0.15625
0.2222222222222222
0.11764705882352941
0.1891891891891892
0.18421052631578946
0.16216216216216217
0.2222222222222222
0.29411764705882354
0.3225806451612903
0.1875
0.25
0.2903225806451613
0.15625
0.2777777777777778
0.2647058823529412
0.23333333333333334
0.23529411764705882
0.15151515151515152
0.2222222222222222
0.4
0.27586206896551724
0.23529411764705882
0.21621621621621623
0.22857142857142856
0.18421052631578946
0.2564102564102564
0.2
0.11764705882352941
0.24324324324324326
0.3055555555555556
0.25
0.28125
0.23529411764705882
0.20588235294117646
0.16666666666666666
0.21052631578947367
0.2571428571428571
0.14705882352941177
0.23684210526315788
0.18421052631578946
0.1111111111111111
0.3157894736842105
0.2857142857142857
0.25
0.25
0.21875
0.2647058823529412
0.28125
0.26666666666666666
0.3055555555555556
0.17647058823529413
0.22857142857142856
0.17142857142857143
0.25
0.20588235294117646
0.2894736842105263
0.34285714285714286
0.28125
0.2
0.25
0.2857142857142857
0.2571428571428571
0.32432432432432434
0.21875
0.28125
0.28125
0.2647058823529412
0.1935483870967742
0.3142857142857143
0.23529411764705882
0.2857142857142857
0.21212121212121213
0.3055555555555556
0.28125
0.2727272727272727
0.15625
0.2631578947368421
0.37142857142857144
0.26666666666666666
0.1875
0.2894736842105263
0.29411764705882354
0.2857142857142857
0.29411764705882354
0.1875
0.1388888888888889
0.2
0.3235294117647059
0.3225806451612903
0.16666666666666666
0.3888888888888889
0.14705882352941177
0.16666666666666666
0.2631578947368421
0.29411764705882354
0.3125
0.3225806451612903
0.25
0.34375
0.18181818181818182
0.3142857142857143
0.15625
0.30303030303030304
0.30303030303030304
0.22580645161290322
0.0967741935483871
0.21621621621621623
0.3055555555555556
0.21875
0.3548387096774194
0.26666666666666666
0.34375
0.17647058823529413
