Overall Mean: 0.24930795847750864
0.23333333333333334
0.21666666666666667
0.2833333333333333
0.26666666666666666
0.25
0.25
0.18333333333333332
0.25
0.25
0.23333333333333334
0.21666666666666667
0.26666666666666666
0.26666666666666666
0.25
0.3
0.26666666666666666
0.23333333333333334
0.25
0.18333333333333332
0.2833333333333333
0.21666666666666667
0.25
0.2833333333333333
0.23333333333333334
0.21666666666666667
0.21666666666666667
0.25
0.23333333333333334
0.25
0.21666666666666667
0.25
0.2
0.23333333333333334
0.21666666666666667
0.25
0.25
0.2833333333333333
0.26666666666666666
0.31666666666666665
0.25
0.25
0.25
0.2
0.25
0.3
0.26666666666666666
0.3
0.2833333333333333
0.25
0.2833333333333333
0.2833333333333333
0.23333333333333334
0.25
0.3
0.2
0.21666666666666667
0.3
0.25
0.21666666666666667
0.25
0.26666666666666666
0.3
0.21666666666666667
0.23333333333333334
0.21666666666666667
0.2833333333333333
0.23333333333333334
0.26666666666666666
0.25
0.25
0.26666666666666666
0.25
0.2833333333333333
0.21666666666666667
0.21666666666666667
0.21666666666666667
0.18333333333333332
0.23333333333333334
0.21666666666666667
0.21666666666666667
0.23333333333333334
0.26666666666666666
0.26666666666666666
0.2
0.21666666666666667
0.26666666666666666
0.3
0.23333333333333334
0.25
0.21666666666666667
0.21666666666666667
0.23333333333333334
0.3
0.25
0.25
0.2
0.26666666666666666
0.25
0.23333333333333334
0.23333333333333334
0.2
0.2833333333333333
0.3
0.23333333333333334
0.26666666666666666
0.23333333333333334
0.25
0.21666666666666667
0.26666666666666666
0.2833333333333333
0.25
0.3
0.21666666666666667
0.25
0.23333333333333334
0.23333333333333334
0.21666666666666667
0.23333333333333334
0.25
0.26666666666666666
0.2833333333333333
0.16666666666666666
0.3
0.26666666666666666
0.2833333333333333
0.21666666666666667
0.23333333333333334
0.25
0.2833333333333333
0.26666666666666666
0.21666666666666667
0.2833333333333333
0.21666666666666667
0.25
0.2833333333333333
0.26666666666666666
0.21666666666666667
0.23333333333333334
0.2833333333333333
0.2
0.2833333333333333
0.25
0.26666666666666666
0.21666666666666667
0.23333333333333334
0.3
0.23333333333333334
0.3
0.26666666666666666
0.23333333333333334
0.21666666666666667
0.21666666666666667
0.23333333333333334
0.3
0.2
0.26666666666666666
0.21666666666666667
0.23333333333333334
0.25
0.2833333333333333
0.21666666666666667
0.23333333333333334
0.26666666666666666
0.2833333333333333
0.23333333333333334
0.26666666666666666
0.23333333333333334
0.21666666666666667
0.2
0.2833333333333333
0.26666666666666666
0.25
0.2
0.25
0.23333333333333334
0.26666666666666666
0.2833333333333333
0.26666666666666666
0.23333333333333334
0.23333333333333334
0.26666666666666666
0.31666666666666665
0.2833333333333333
0.23333333333333334
0.26666666666666666
0.26666666666666666
0.3
0.21666666666666667
0.25
0.25
0.21666666666666667
0.31666666666666665
0.31666666666666665
0.25
0.23333333333333334
0.23333333333333334
0.25
0.26666666666666666
0.2
0.21666666666666667
0.26666666666666666
0.25
0.3
0.2833333333333333
0.23333333333333334
0.23333333333333334
0.25
0.21666666666666667
0.25
0.26666666666666666
0.26666666666666666
0.21666666666666667
0.21666666666666667
0.23333333333333334
0.23333333333333334
0.18333333333333332
0.2833333333333333
0.3
0.26666666666666666
0.25
0.23333333333333334
0.2833333333333333
0.15
0.25
0.23333333333333334
0.2833333333333333
0.25
0.26666666666666666
0.2833333333333333
0.23333333333333334
0.3
0.26666666666666666
0.23333333333333334
0.25
0.26666666666666666
0.23333333333333334
0.25
0.25
0.2
0.26666666666666666
0.21666666666666667
0.23333333333333334
0.25
0.3
0.25
0.25
0.23333333333333334
0.2833333333333333
0.25
0.2833333333333333
0.21666666666666667
0.26666666666666666
0.26666666666666666
0.3
0.26666666666666666
0.23333333333333334
0.26666666666666666
0.26666666666666666
0.26666666666666666
0.23333333333333334
0.25
0.31666666666666665
0.25
0.25
0.25
0.25
0.26666666666666666
0.25
0.25
0.25
0.25
0.26666666666666666
0.2833333333333333
0.25
0.25
0.23333333333333334
0.23333333333333334
0.3
0.2
0.26666666666666666
0.26666666666666666
0.26666666666666666
0.16666666666666666
0.23333333333333334
0.3
0.2
0.2833333333333333
0.23333333333333334
0.16666666666666666
