Overall Mean: 0.25264496837118605
0.25
0.2833333333333333
0.3488372093023256
0.32142857142857145
0.3157894736842105
0.38461538461538464
0.125
0.2857142857142857
0.25
0.23333333333333334
0.2608695652173913
0.2647058823529412
0.16
0.19047619047619047
0.35294117647058826
0.09090909090909091
0.4
0.16666666666666666
0.25
0.23333333333333334
0.21739130434782608
0.1111111111111111
0.21875
0.24
0.10526315789473684
0.35294117647058826
0.36363636363636365
0.14285714285714285
0.16666666666666666
0.25
0.26666666666666666
0.29545454545454547
0.22580645161290322
0.3333333333333333
0.25
0.16666666666666666
0.2
0.125
0.42857142857142855
0.25
0.18333333333333332
0.30612244897959184
0.17647058823529413
0.25
0.23809523809523808
0.3125
0.45454545454545453
0.5
0.25
0.21666666666666667
0.3191489361702128
0.28125
0.2608695652173913
0.17647058823529413
0.21428571428571427
0.18181818181818182
0.4444444444444444
0.25
0.25
0.24444444444444444
0.3235294117647059
0.391304347826087
0.21428571428571427
0.18181818181818182
0.0
0.4444444444444444
0.25
0.18333333333333332
0.24489795918367346
0.2702702702702703
0.2962962962962963
0.15789473684210525
0.25
0.4166666666666667
0.2857142857142857
0.25
0.25
0.24444444444444444
0.14705882352941177
0.2413793103448276
0.22727272727272727
0.35294117647058826
0.45454545454545453
0.3333333333333333
0.25
0.23333333333333334
0.2608695652173913
0.20588235294117646
0.2962962962962963
0.21052631578947367
0.26666666666666666
0.5454545454545454
0.25
0.21666666666666667
0.3191489361702128
0.25
0.20833333333333334
0.2631578947368421
0.2857142857142857
0.2
0.25
0.16666666666666666
0.25
0.26666666666666666
0.3181818181818182
0.23333333333333334
0.21739130434782608
0.1111111111111111
0.125
0.35714285714285715
0.1111111111111111
0.125
0.42857142857142855
0.25
0.2833333333333333
0.3023255813953488
0.26666666666666666
0.4090909090909091
0.5384615384615384
0.16666666666666666
0.25
0.2
0.2708333333333333
0.2571428571428571
0.19230769230769232
0.23809523809523808
0.25
0.25
0.3333333333333333
0.16666666666666666
0.25
0.23333333333333334
0.2826086956521739
0.2727272727272727
0.25
0.3333333333333333
0.08333333333333333
0.2727272727272727
0.125
0.0
0.14285714285714285
0.3333333333333333
0.25
0.25
0.2222222222222222
0.2571428571428571
0.2692307692307692
0.21052631578947367
0.26666666666666666
0.2727272727272727
0.375
0.25
0.23333333333333334
0.21739130434782608
0.25
0.2222222222222222
0.23809523809523808
0.25
0.25
0.3333333333333333
0.0
0.16666666666666666
0.25
0.21666666666666667
0.2553191489361702
0.2571428571428571
0.2692307692307692
0.21052631578947367
0.26666666666666666
0.36363636363636365
0.2857142857142857
0.25
0.21666666666666667
0.1702127659574468
0.2564102564102564
0.20689655172413793
0.08695652173913043
0.2857142857142857
0.13333333333333333
0.23076923076923078
0.2
0.5
0.25
0.2833333333333333
0.2558139534883721
0.1875
0.19230769230769232
0.23809523809523808
0.125
0.2857142857142857
0.2
0.25
0.3333333333333333
0.25
0.26666666666666666
0.3409090909090909
0.27586206896551724
0.19047619047619047
0.23529411764705882
0.46153846153846156
0.2857142857142857
0.25
0.26666666666666666
0.1590909090909091
0.24324324324324326
0.25
0.19047619047619047
0.35294117647058826
0.18181818181818182
0.1111111111111111
0.25
0.0
0.16666666666666666
0.25
0.26666666666666666
0.18181818181818182
0.1111111111111111
0.34375
0.2857142857142857
0.26666666666666666
0.18181818181818182
0.3333333333333333
0.16666666666666666
0.25
0.21666666666666667
0.2765957446808511
0.17647058823529413
0.21428571428571427
0.18181818181818182
0.3333333333333333
0.08333333333333333
0.18181818181818182
0.5555555555555556
0.25
0.21666666666666667
0.2553191489361702
0.2857142857142857
0.28
0.4444444444444444
0.2
0.25
0.3333333333333333
0.25
0.23333333333333334
0.2608695652173913
0.23529411764705882
0.3076923076923077
0.2777777777777778
0.38461538461538464
0.5
0.25
0.21666666666666667
0.2553191489361702
0.37142857142857144
0.2727272727272727
0.1875
0.3076923076923077
0.2222222222222222
0.2857142857142857
0.25
0.25
0.2222222222222222
0.2
0.32142857142857145
0.42105263157894735
0.18181818181818182
0.3333333333333333
0.0
0.16666666666666666
0.25
0.2833333333333333
0.27906976744186046
0.3225806451612903
0.23809523809523808
0.375
0.0
0.6
0.25
0.2833333333333333
0.27906976744186046
0.22580645161290322
0.08333333333333333
0.13636363636363635
0.3684210526315789
0.08333333333333333
0.36363636363636365
0.2857142857142857
0.25
0.26666666666666666
