Overall Mean: 0.24642096822890305
0.27586206896551724
0.25
0.36
0.3333333333333333
0.3157894736842105
0.38095238095238093
0.15384615384615385
0.2413793103448276
0.1724137931034483
0.17857142857142858
0.27586206896551724
0.2857142857142857
0.16
0.14814814814814814
0.2857142857142857
0.28
0.36363636363636365
0.25
0.19230769230769232
0.2413793103448276
0.21428571428571427
0.10344827586206896
0.21875
0.2903225806451613
0.14285714285714285
0.2413793103448276
0.27586206896551724
0.09375
0.3103448275862069
0.16666666666666666
0.24
0.25
0.12
0.3333333333333333
0.2608695652173913
0.20833333333333334
0.23076923076923078
0.13043478260869565
0.32142857142857145
0.2608695652173913
0.2
0.36
0.16666666666666666
0.25
0.2608695652173913
0.3333333333333333
0.24
0.25
0.375
0.2
0.38461538461538464
0.30434782608695654
0.2608695652173913
0.2962962962962963
0.24
0.18518518518518517
0.25
0.17857142857142858
0.2857142857142857
0.24
0.3333333333333333
0.391304347826087
0.2727272727272727
0.22727272727272727
0.16
0.2857142857142857
0.20833333333333334
0.12
0.21428571428571427
0.25806451612903225
0.2962962962962963
0.22727272727272727
0.24
0.25
0.2962962962962963
0.25
0.25
0.3333333333333333
0.16
0.2413793103448276
0.2222222222222222
0.24
0.44
0.23076923076923078
0.17391304347826086
0.23076923076923078
0.2962962962962963
0.16666666666666666
0.2962962962962963
0.3333333333333333
0.32
0.4074074074074074
0.22727272727272727
0.2
0.3448275862068966
0.2
0.20833333333333334
0.27586206896551724
0.25925925925925924
0.23076923076923078
0.4
0.35
0.22727272727272727
0.16666666666666666
0.2692307692307692
0.16666666666666666
0.21739130434782608
0.07692307692307693
0.21875
0.34375
0.32
0.21739130434782608
0.391304347826087
0.21739130434782608
0.2222222222222222
0.32
0.21739130434782608
0.4090909090909091
0.47368421052631576
0.21052631578947367
0.21739130434782608
0.19230769230769232
0.2857142857142857
0.2692307692307692
0.19230769230769232
0.23076923076923078
0.3448275862068966
0.19230769230769232
0.2857142857142857
0.16666666666666666
0.14814814814814814
0.2
0.32142857142857145
0.25
0.25
0.24
0.125
0.25925925925925924
0.16129032258064516
0.23333333333333334
0.08
0.37037037037037035
0.16666666666666666
0.17391304347826086
0.16666666666666666
0.25
0.2692307692307692
0.20833333333333334
0.17857142857142858
0.25925925925925924
0.24
0.2962962962962963
0.24
0.1111111111111111
0.23333333333333334
0.2222222222222222
0.25
0.2692307692307692
0.25
0.20833333333333334
0.25925925925925924
0.23076923076923078
0.37037037037037035
0.11538461538461539
0.26666666666666666
0.32142857142857145
0.2692307692307692
0.25
0.2916666666666667
0.2916666666666667
0.2
0.2692307692307692
0.28
0.12
0.2962962962962963
0.20689655172413793
0.07407407407407407
0.25925925925925924
0.14285714285714285
0.2
0.2
0.1935483870967742
0.25806451612903225
0.21428571428571427
0.375
0.14285714285714285
0.19230769230769232
0.25925925925925924
0.09090909090909091
0.2962962962962963
0.2692307692307692
0.2
0.21739130434782608
0.15384615384615385
0.2857142857142857
0.35714285714285715
0.2857142857142857
0.19047619047619047
0.23076923076923078
0.2413793103448276
0.18518518518518517
0.16129032258064516
0.13793103448275862
0.10714285714285714
0.26666666666666666
0.25
0.24
0.3333333333333333
0.21739130434782608
0.15384615384615385
0.18518518518518517
0.16666666666666666
0.3
0.15384615384615385
0.27586206896551724
0.13793103448275862
0.0967741935483871
0.34375
0.2692307692307692
0.24
0.2916666666666667
0.20833333333333334
0.32
0.28
0.21739130434782608
0.22727272727272727
0.24
0.21428571428571427
0.14814814814814814
0.27586206896551724
0.18518518518518517
0.3333333333333333
0.4074074074074074
0.2608695652173913
0.17391304347826086
0.21428571428571427
0.37037037037037035
0.28
0.34615384615384615
0.24
0.36
0.30434782608695654
0.21739130434782608
0.16
0.36
0.20833333333333334
0.3076923076923077
0.24
0.34615384615384615
0.28
0.21739130434782608
0.16666666666666666
0.2222222222222222
0.32142857142857145
0.2727272727272727
0.13636363636363635
0.2692307692307692
0.25925925925925924
0.2916666666666667
0.24
0.16666666666666666
0.07692307692307693
0.12903225806451613
0.32142857142857145
0.391304347826087
0.19047619047619047
0.44
0.18181818181818182
0.1724137931034483
0.3
0.35714285714285715
0.3333333333333333
0.3181818181818182
0.23809523809523808
0.375
0.19047619047619047
0.37037037037037035
0.16666666666666666
0.3333333333333333
0.30434782608695654
0.2608695652173913
0.08333333333333333
0.21428571428571427
0.3448275862068966
0.2
0.36
0.25
0.36363636363636365
0.19047619047619047
