Overall Mean: 0.25317505661303535
0.23076923076923078
0.21428571428571427
0.38461538461538464
0.5
0.5
0.42857142857142855
0.0
0.2857142857142857
0.125
0.14285714285714285
0.3125
0.3076923076923077
0.0
0.13333333333333333
0.375
0.09090909090909091
0.42857142857142855
0.3
0.0
0.2
0.25
0.07692307692307693
0.29411764705882354
0.26666666666666666
0.0625
0.35294117647058826
0.2857142857142857
0.08333333333333333
0.23076923076923078
0.23076923076923078
0.25
0.3333333333333333
0.09090909090909091
0.3333333333333333
0.09090909090909091
0.18181818181818182
0.2
0.07692307692307693
0.35714285714285715
0.5
0.14285714285714285
0.2727272727272727
0.1
0.25
0.3333333333333333
0.3
0.45454545454545453
0.5
0.5714285714285714
0.25
0.2222222222222222
0.5555555555555556
0.2857142857142857
0.0
0.3
0.18181818181818182
0.4166666666666667
0.2222222222222222
0.42857142857142855
0.2727272727272727
0.36363636363636365
0.4444444444444444
0.14285714285714285
0.2857142857142857
0.0
0.5
0.125
0.18181818181818182
0.15384615384615385
0.23076923076923078
0.38461538461538464
0.2222222222222222
0.2857142857142857
0.4166666666666667
0.2857142857142857
0.3
0.36363636363636365
0.1
0.0
0.46153846153846156
0.2
0.3
0.45454545454545453
0.5
0.16666666666666666
0.125
0.38461538461538464
0.1
0.3076923076923077
0.16666666666666666
0.25
0.5454545454545454
0.2
0.16666666666666666
0.2222222222222222
0.125
0.2
0.08333333333333333
0.2857142857142857
0.2
0.3333333333333333
0.3
0.2222222222222222
0.0
0.2
0.25
0.18181818181818182
0.08333333333333333
0.14285714285714285
0.35714285714285715
0.25
0.1
0.3
0.125
0.4444444444444444
0.3333333333333333
0.3
0.6666666666666666
0.6
0.25
0.2
0.3333333333333333
0.125
0.36363636363636365
0.3
0.3
0.16666666666666666
0.25
0.3
0.1
0.08333333333333333
0.21428571428571427
0.42857142857142855
0.3333333333333333
0.3
0.4
0.0
0.2727272727272727
0.15384615384615385
0.3076923076923077
0.08333333333333333
0.3157894736842105
0.14285714285714285
0.15384615384615385
0.25
0.16666666666666666
0.3076923076923077
0.18181818181818182
0.3
0.2727272727272727
0.2727272727272727
0.35714285714285715
0.3333333333333333
0.25
0.3333333333333333
0.2727272727272727
0.23076923076923078
0.3076923076923077
0.25
0.3333333333333333
0.18181818181818182
0.2
0.45454545454545453
0.0
0.18181818181818182
0.09090909090909091
0.25
0.07692307692307693
0.3333333333333333
0.36363636363636365
0.2
0.4444444444444444
0.2222222222222222
0.18181818181818182
0.18181818181818182
0.2727272727272727
0.09090909090909091
0.35714285714285715
0.13333333333333333
0.25
0.23076923076923078
0.3125
0.21428571428571427
0.07692307692307693
0.26666666666666666
0.16666666666666666
0.2
0.2
0.1
0.2857142857142857
0.25
0.2727272727272727
0.3
0.09090909090909091
0.26666666666666666
0.45454545454545453
0.3333333333333333
0.375
0.375
0.375
0.2857142857142857
0.25
0.1875
0.13333333333333333
0.3684210526315789
0.26666666666666666
0.15384615384615385
0.35714285714285715
0.18181818181818182
0.1
0.16666666666666666
0.16666666666666666
0.3333333333333333
0.16666666666666666
0.21428571428571427
0.21428571428571427
0.07692307692307693
0.4375
0.3333333333333333
0.3333333333333333
0.18181818181818182
0.3
0.2
0.375
0.14285714285714285
0.2727272727272727
0.1
0.25
0.2727272727272727
0.3
0.08333333333333333
0.2857142857142857
0.5384615384615384
0.16666666666666666
0.0
0.125
0.2727272727272727
0.1111111111111111
0.6
0.4
0.25
0.2857142857142857
0.375
0.0
0.5454545454545454
0.3
0.2222222222222222
0.3333333333333333
0.3333333333333333
0.5
0.125
0.18181818181818182
0.25
0.4166666666666667
0.3
0.125
0.3333333333333333
0.2222222222222222
0.4
0.4444444444444444
0.0
0.1
0.1875
0.25
0.5
0.18181818181818182
0.3333333333333333
0.0
0.125
0.16666666666666666
0.25
0.3333333333333333
0.3333333333333333
0.2857142857142857
0.0
0.0
0.6
0.16666666666666666
0.4444444444444444
0.5555555555555556
0.125
0.1111111111111111
0.2
0.4166666666666667
0.08333333333333333
0.38461538461538464
0.18181818181818182
0.2
0.1
