Overall Mean: 0.24446467802594107
0.28888888888888886
0.23809523809523808
0.3488372093023256
0.2857142857142857
0.21739130434782608
0.23404255319148937
0.21739130434782608
0.2708333333333333
0.2222222222222222
0.15555555555555556
0.2608695652173913
0.26666666666666666
0.16279069767441862
0.2708333333333333
0.29545454545454547
0.2608695652173913
0.26666666666666666
0.2391304347826087
0.18181818181818182
0.22448979591836735
0.21739130434782608
0.13333333333333333
0.19148936170212766
0.2553191489361702
0.15555555555555556
0.1836734693877551
0.21739130434782608
0.24444444444444444
0.28888888888888886
0.2558139534883721
0.2391304347826087
0.29545454545454547
0.19047619047619047
0.2765957446808511
0.26666666666666666
0.29545454545454547
0.2
0.24444444444444444
0.2727272727272727
0.24444444444444444
0.20454545454545456
0.30612244897959184
0.2558139534883721
0.25
0.2765957446808511
0.23255813953488372
0.26666666666666666
0.32608695652173914
0.28888888888888886
0.20454545454545456
0.3191489361702128
0.22727272727272727
0.2222222222222222
0.2391304347826087
0.24444444444444444
0.1956521739130435
0.2826086956521739
0.20454545454545456
0.28888888888888886
0.24444444444444444
0.30434782608695654
0.30952380952380953
0.2558139534883721
0.21739130434782608
0.2608695652173913
0.2826086956521739
0.24444444444444444
0.13043478260869565
0.24489795918367346
0.28888888888888886
0.32608695652173914
0.2222222222222222
0.2765957446808511
0.23255813953488372
0.23809523809523808
0.2
0.2222222222222222
0.24444444444444444
0.18181818181818182
0.26666666666666666
0.25
0.1956521739130435
0.28888888888888886
0.23255813953488372
0.2222222222222222
0.22727272727272727
0.2608695652173913
0.21739130434782608
0.2222222222222222
0.21739130434782608
0.20454545454545456
0.30434782608695654
0.18181818181818182
0.21739130434782608
0.3191489361702128
0.20454545454545456
0.1956521739130435
0.2826086956521739
0.20930232558139536
0.2727272727272727
0.32558139534883723
0.2558139534883721
0.2826086956521739
0.23809523809523808
0.3181818181818182
0.2222222222222222
0.24489795918367346
0.15217391304347827
0.19148936170212766
0.30434782608695654
0.2857142857142857
0.18604651162790697
0.2765957446808511
0.20454545454545456
0.30612244897959184
0.3023255813953488
0.3409090909090909
0.2619047619047619
0.3181818181818182
0.21428571428571427
0.21739130434782608
0.1956521739130435
0.2708333333333333
0.28888888888888886
0.1956521739130435
0.25
0.23404255319148937
0.2558139534883721
0.21739130434782608
0.3111111111111111
0.2
0.23404255319148937
0.2826086956521739
0.21428571428571427
0.30434782608695654
0.23809523809523808
0.19148936170212766
0.2127659574468085
0.30434782608695654
0.23809523809523808
0.17777777777777778
0.3695652173913043
0.21951219512195122
0.27906976744186046
0.2222222222222222
0.2727272727272727
0.25
0.21739130434782608
0.26666666666666666
0.2222222222222222
0.1956521739130435
0.2765957446808511
0.22727272727272727
0.21739130434782608
0.2619047619047619
0.2
0.26666666666666666
0.24444444444444444
0.2826086956521739
0.20454545454545456
0.2608695652173913
0.21739130434782608
0.25
0.15217391304347827
0.2553191489361702
0.3111111111111111
0.25
0.22727272727272727
0.30434782608695654
0.23255813953488372
0.28888888888888886
0.2222222222222222
0.26666666666666666
0.1702127659574468
0.28
0.2727272727272727
0.2
0.2608695652173913
0.1590909090909091
0.22448979591836735
0.1956521739130435
0.25
0.24444444444444444
0.29545454545454547
0.2558139534883721
0.18181818181818182
0.29545454545454547
0.2727272727272727
0.2
0.22727272727272727
0.3181818181818182
0.22727272727272727
0.25
0.21739130434782608
0.2222222222222222
0.3409090909090909
0.20930232558139536
0.1956521739130435
0.20454545454545456
0.19148936170212766
0.1875
0.2553191489361702
0.2608695652173913
0.1590909090909091
0.21739130434782608
0.25
0.2727272727272727
0.22727272727272727
0.2765957446808511
0.18181818181818182
0.15555555555555556
0.2222222222222222
0.24444444444444444
0.15555555555555556
0.20833333333333334
0.18181818181818182
0.15555555555555556
0.2857142857142857
0.2558139534883721
0.28888888888888886
0.2727272727272727
0.2608695652173913
0.23809523809523808
0.2857142857142857
0.18181818181818182
0.2765957446808511
0.20454545454545456
0.2553191489361702
0.18181818181818182
0.24444444444444444
0.17391304347826086
0.2553191489361702
0.2727272727272727
0.2553191489361702
0.2
0.2553191489361702
0.2222222222222222
0.22916666666666666
0.28888888888888886
0.2727272727272727
0.28888888888888886
0.24444444444444444
0.27906976744186046
0.18604651162790697
0.2608695652173913
0.2553191489361702
0.25
0.21739130434782608
0.28888888888888886
0.25
0.28888888888888886
0.15555555555555556
0.2553191489361702
0.3333333333333333
0.2558139534883721
0.17391304347826086
0.2916666666666667
0.2391304347826087
0.22727272727272727
0.30434782608695654
0.18181818181818182
0.2222222222222222
0.2608695652173913
0.29545454545454547
0.3023255813953488
0.18181818181818182
0.32
0.16279069767441862
0.20833333333333334
0.2765957446808511
0.28888888888888886
0.27906976744186046
0.28888888888888886
0.28888888888888886
0.2826086956521739
0.2222222222222222
0.30434782608695654
0.21428571428571427
0.3125
0.27906976744186046
0.3111111111111111
0.11904761904761904
0.18181818181818182
0.3333333333333333
0.2619047619047619
0.3333333333333333
0.23809523809523808
0.24444444444444444
0.2391304347826087
