Overall Mean: 40.76016666666667
41.6
28.15
43.4
48.95
34.85
46.45
39.3
41.1
45.35
39.5
40.2
44.85
40.65
41.85
36.25
36.3
45.65
43.35
38.95
43.15
46.25
42.25
33.0
38.2
40.5
38.6
48.15
49.45
39.95
43.7
42.5
44.0
48.95
34.55
42.0
45.3
40.2
41.55
42.35
39.15
42.7
39.35
38.45
40.9
48.1
39.65
35.25
35.6
41.9
40.55
41.95
45.5
34.15
34.0
44.6
44.5
36.9
41.05
55.55
43.05
41.7
41.1
50.3
40.5
46.85
36.7
40.6
45.3
40.25
41.6
37.9
37.5
45.35
42.1
37.2
47.35
48.1
38.4
44.25
35.1
36.55
43.6
36.7
35.9
41.05
35.4
46.95
38.5
33.8
40.2
44.05
36.8
36.85
43.75
34.7
36.6
38.9
45.95
41.8
42.35
38.45
34.9
44.35
45.3
43.3
44.8
40.05
44.5
46.95
40.9
41.7
36.2
35.9
31.4
41.95
44.9
45.8
39.95
39.55
38.8
42.0
34.25
33.4
37.7
38.35
36.3
46.7
46.2
41.35
40.4
40.6
40.8
43.75
35.6
39.7
42.85
40.75
39.6
38.35
36.35
48.7
35.3
40.15
40.75
37.9
47.15
43.7
38.2
37.7
45.5
43.5
46.4
40.35
40.4
36.65
41.65
43.85
34.95
33.25
38.1
35.9
34.35
32.05
44.05
37.65
41.75
39.65
39.7
42.6
39.1
43.6
38.3
51.05
43.15
42.8
43.35
34.25
36.5
36.5
33.55
41.7
41.1
39.85
34.7
38.65
42.65
46.85
40.1
43.2
44.65
43.65
39.25
42.5
42.2
48.95
44.25
44.5
37.3
34.25
37.25
42.6
34.95
42.7
33.15
34.1
38.65
44.95
43.2
37.8
33.95
38.45
43.1
30.8
40.65
37.0
47.9
41.15
41.55
47.05
39.3
52.75
44.55
37.45
42.2
44.55
38.55
46.6
36.95
37.65
39.15
36.95
45.15
44.45
41.95
44.1
46.25
34.45
41.3
43.65
42.55
48.9
39.6
40.7
39.35
36.9
45.65
30.5
40.45
44.2
47.75
35.65
31.25
44.3
37.35
45.6
47.8
34.8
49.7
35.7
37.6
30.55
41.4
34.4
32.7
38.1
41.05
35.9
42.35
45.85
43.85
44.5
34.8
50.3
39.4
49.2
37.5
40.05
37.25
41.1
39.1
44.75
36.1
40.45
42.7
42.55
34.85
44.0
38.8
42.55
42.8
44.05
36.75
42.7
37.25
46.2
46.35
38.8
41.55
43.15
35.5
